-54.609936	-91.016560	214.483440	12.0	1
-72.813248	-91.016560	196.280128	12.0	2
-18.203312	-91.016560	214.483440	12.0	3
-18.203312	-109.219872	196.280128	12.0	4
-36.406624	-91.016560	196.280128	12.0	5
-36.406624	-109.219872	214.483440	12.0	6
18.203312	-91.016560	214.483440	12.0	7
18.203312	-109.219872	196.280128	12.0	8
0.000000	-91.016560	196.280128	12.0	9
0.000000	-109.219872	214.483440	12.0	10
54.609936	-91.016560	214.483440	12.0	11
36.406624	-91.016560	196.280128	12.0	12
36.406624	-109.219872	214.483440	12.0	13
72.813248	-91.016560	196.280128	12.0	14
-91.016560	-54.609936	214.483440	12.0	15
-91.016560	-72.813248	196.280128	12.0	16
-54.609936	-54.609936	214.483440	12.0	17
-54.609936	-72.813248	196.280128	12.0	18
-72.813248	-54.609936	196.280128	12.0	19
-72.813248	-72.813248	214.483440	12.0	20
-18.203312	-54.609936	214.483440	12.0	21
-18.203312	-72.813248	196.280128	12.0	22
-36.406624	-54.609936	196.280128	12.0	23
-36.406624	-72.813248	214.483440	12.0	24
18.203312	-54.609936	214.483440	12.0	25
18.203312	-72.813248	196.280128	12.0	26
0.000000	-54.609936	196.280128	12.0	27
0.000000	-72.813248	214.483440	12.0	28
54.609936	-54.609936	214.483440	12.0	29
54.609936	-72.813248	196.280128	12.0	30
36.406624	-54.609936	196.280128	12.0	31
36.406624	-72.813248	214.483440	12.0	32
91.016560	-54.609936	214.483440	12.0	33
91.016560	-72.813248	196.280128	12.0	34
72.813248	-54.609936	196.280128	12.0	35
72.813248	-72.813248	214.483440	12.0	36
-91.016560	-18.203312	214.483440	12.0	37
-91.016560	-36.406624	196.280128	12.0	38
-109.219872	-18.203312	196.280128	12.0	39
-109.219872	-36.406624	214.483440	12.0	40
-54.609936	-18.203312	214.483440	12.0	41
-54.609936	-36.406624	196.280128	12.0	42
-72.813248	-18.203312	196.280128	12.0	43
-72.813248	-36.406624	214.483440	12.0	44
-18.203312	-18.203312	214.483440	12.0	45
-18.203312	-36.406624	196.280128	12.0	46
-36.406624	-18.203312	196.280128	12.0	47
-36.406624	-36.406624	214.483440	12.0	48
18.203312	-18.203312	214.483440	12.0	49
18.203312	-36.406624	196.280128	12.0	50
0.000000	-18.203312	196.280128	12.0	51
0.000000	-36.406624	214.483440	12.0	52
54.609936	-18.203312	214.483440	12.0	53
54.609936	-36.406624	196.280128	12.0	54
36.406624	-18.203312	196.280128	12.0	55
36.406624	-36.406624	214.483440	12.0	56
91.016560	-18.203312	214.483440	12.0	57
91.016560	-36.406624	196.280128	12.0	58
72.813248	-18.203312	196.280128	12.0	59
72.813248	-36.406624	214.483440	12.0	60
109.219872	-18.203312	196.280128	12.0	61
109.219872	-36.406624	214.483440	12.0	62
-91.016560	18.203312	214.483440	12.0	63
-91.016560	0.000000	196.280128	12.0	64
-109.219872	18.203312	196.280128	12.0	65
-109.219872	0.000000	214.483440	12.0	66
-54.609936	18.203312	214.483440	12.0	67
-54.609936	0.000000	196.280128	12.0	68
-72.813248	18.203312	196.280128	12.0	69
-72.813248	0.000000	214.483440	12.0	70
-18.203312	18.203312	214.483440	12.0	71
-18.203312	0.000000	196.280128	12.0	72
-36.406624	18.203312	196.280128	12.0	73
-36.406624	0.000000	214.483440	12.0	74
18.203312	18.203312	214.483440	12.0	75
18.203312	0.000000	196.280128	12.0	76
0.000000	18.203312	196.280128	12.0	77
0.000000	0.000000	214.483440	12.0	78
54.609936	18.203312	214.483440	12.0	79
54.609936	0.000000	196.280128	12.0	80
36.406624	18.203312	196.280128	12.0	81
36.406624	0.000000	214.483440	12.0	82
91.016560	18.203312	214.483440	12.0	83
91.016560	0.000000	196.280128	12.0	84
72.813248	18.203312	196.280128	12.0	85
72.813248	0.000000	214.483440	12.0	86
109.219872	18.203312	196.280128	12.0	87
109.219872	0.000000	214.483440	12.0	88
-91.016560	54.609936	214.483440	12.0	89
-91.016560	36.406624	196.280128	12.0	90
-109.219872	36.406624	214.483440	12.0	91
-54.609936	54.609936	214.483440	12.0	92
-54.609936	36.406624	196.280128	12.0	93
-72.813248	54.609936	196.280128	12.0	94
-72.813248	36.406624	214.483440	12.0	95
-18.203312	54.609936	214.483440	12.0	96
-18.203312	36.406624	196.280128	12.0	97
-36.406624	54.609936	196.280128	12.0	98
-36.406624	36.406624	214.483440	12.0	99
18.203312	54.609936	214.483440	12.0	100
18.203312	36.406624	196.280128	12.0	101
0.000000	54.609936	196.280128	12.0	102
0.000000	36.406624	214.483440	12.0	103
54.609936	54.609936	214.483440	12.0	104
54.609936	36.406624	196.280128	12.0	105
36.406624	54.609936	196.280128	12.0	106
36.406624	36.406624	214.483440	12.0	107
91.016560	54.609936	214.483440	12.0	108
91.016560	36.406624	196.280128	12.0	109
72.813248	54.609936	196.280128	12.0	110
72.813248	36.406624	214.483440	12.0	111
109.219872	36.406624	214.483440	12.0	112
-91.016560	72.813248	196.280128	12.0	113
-54.609936	91.016560	214.483440	12.0	114
-54.609936	72.813248	196.280128	12.0	115
-72.813248	91.016560	196.280128	12.0	116
-72.813248	72.813248	214.483440	12.0	117
-18.203312	91.016560	214.483440	12.0	118
-18.203312	72.813248	196.280128	12.0	119
-36.406624	91.016560	196.280128	12.0	120
-36.406624	72.813248	214.483440	12.0	121
18.203312	91.016560	214.483440	12.0	122
18.203312	72.813248	196.280128	12.0	123
0.000000	91.016560	196.280128	12.0	124
0.000000	72.813248	214.483440	12.0	125
54.609936	91.016560	214.483440	12.0	126
54.609936	72.813248	196.280128	12.0	127
36.406624	91.016560	196.280128	12.0	128
36.406624	72.813248	214.483440	12.0	129
91.016560	72.813248	196.280128	12.0	130
72.813248	91.016560	196.280128	12.0	131
72.813248	72.813248	214.483440	12.0	132
-18.203312	109.219872	196.280128	12.0	133
-36.406624	109.219872	214.483440	12.0	134
18.203312	109.219872	196.280128	12.0	135
0.000000	109.219872	214.483440	12.0	136
36.406624	109.219872	214.483440	12.0	137
-54.609936	-91.016560	250.890064	12.0	138
-72.813248	-91.016560	232.686752	12.0	139
-18.203312	-91.016560	250.890064	12.0	140
-18.203312	-109.219872	232.686752	12.0	141
-36.406624	-91.016560	232.686752	12.0	142
-36.406624	-109.219872	250.890064	12.0	143
18.203312	-91.016560	250.890064	12.0	144
18.203312	-109.219872	232.686752	12.0	145
0.000000	-91.016560	232.686752	12.0	146
0.000000	-109.219872	250.890064	12.0	147
54.609936	-91.016560	250.890064	12.0	148
36.406624	-91.016560	232.686752	12.0	149
36.406624	-109.219872	250.890064	12.0	150
72.813248	-91.016560	232.686752	12.0	151
-91.016560	-54.609936	250.890064	12.0	152
-91.016560	-72.813248	232.686752	12.0	153
-54.609936	-54.609936	250.890064	12.0	154
-54.609936	-72.813248	232.686752	12.0	155
-72.813248	-54.609936	232.686752	12.0	156
-72.813248	-72.813248	250.890064	12.0	157
-18.203312	-54.609936	250.890064	12.0	158
-18.203312	-72.813248	232.686752	12.0	159
-36.406624	-54.609936	232.686752	12.0	160
-36.406624	-72.813248	250.890064	12.0	161
18.203312	-54.609936	250.890064	12.0	162
18.203312	-72.813248	232.686752	12.0	163
0.000000	-54.609936	232.686752	12.0	164
0.000000	-72.813248	250.890064	12.0	165
54.609936	-54.609936	250.890064	12.0	166
54.609936	-72.813248	232.686752	12.0	167
36.406624	-54.609936	232.686752	12.0	168
36.406624	-72.813248	250.890064	12.0	169
91.016560	-54.609936	250.890064	12.0	170
91.016560	-72.813248	232.686752	12.0	171
72.813248	-54.609936	232.686752	12.0	172
72.813248	-72.813248	250.890064	12.0	173
-91.016560	-18.203312	250.890064	12.0	174
-91.016560	-36.406624	232.686752	12.0	175
-109.219872	-18.203312	232.686752	12.0	176
-109.219872	-36.406624	250.890064	12.0	177
-54.609936	-18.203312	250.890064	12.0	178
-54.609936	-36.406624	232.686752	12.0	179
-72.813248	-18.203312	232.686752	12.0	180
-72.813248	-36.406624	250.890064	12.0	181
-18.203312	-18.203312	250.890064	12.0	182
-18.203312	-36.406624	232.686752	12.0	183
-36.406624	-18.203312	232.686752	12.0	184
-36.406624	-36.406624	250.890064	12.0	185
18.203312	-18.203312	250.890064	12.0	186
18.203312	-36.406624	232.686752	12.0	187
0.000000	-18.203312	232.686752	12.0	188
0.000000	-36.406624	250.890064	12.0	189
54.609936	-18.203312	250.890064	12.0	190
54.609936	-36.406624	232.686752	12.0	191
36.406624	-18.203312	232.686752	12.0	192
36.406624	-36.406624	250.890064	12.0	193
91.016560	-18.203312	250.890064	12.0	194
91.016560	-36.406624	232.686752	12.0	195
72.813248	-18.203312	232.686752	12.0	196
72.813248	-36.406624	250.890064	12.0	197
109.219872	-18.203312	232.686752	12.0	198
109.219872	-36.406624	250.890064	12.0	199
-91.016560	18.203312	250.890064	12.0	200
-91.016560	0.000000	232.686752	12.0	201
-109.219872	18.203312	232.686752	12.0	202
-109.219872	0.000000	250.890064	12.0	203
-54.609936	18.203312	250.890064	12.0	204
-54.609936	0.000000	232.686752	12.0	205
-72.813248	18.203312	232.686752	12.0	206
-72.813248	0.000000	250.890064	12.0	207
-18.203312	18.203312	250.890064	12.0	208
-18.203312	0.000000	232.686752	12.0	209
-36.406624	18.203312	232.686752	12.0	210
-36.406624	0.000000	250.890064	12.0	211
18.203312	18.203312	250.890064	12.0	212
18.203312	0.000000	232.686752	12.0	213
0.000000	18.203312	232.686752	12.0	214
0.000000	0.000000	250.890064	12.0	215
54.609936	18.203312	250.890064	12.0	216
54.609936	0.000000	232.686752	12.0	217
36.406624	18.203312	232.686752	12.0	218
36.406624	0.000000	250.890064	12.0	219
91.016560	18.203312	250.890064	12.0	220
91.016560	0.000000	232.686752	12.0	221
72.813248	18.203312	232.686752	12.0	222
72.813248	0.000000	250.890064	12.0	223
109.219872	18.203312	232.686752	12.0	224
109.219872	0.000000	250.890064	12.0	225
-91.016560	54.609936	250.890064	12.0	226
-91.016560	36.406624	232.686752	12.0	227
-109.219872	36.406624	250.890064	12.0	228
-54.609936	54.609936	250.890064	12.0	229
-54.609936	36.406624	232.686752	12.0	230
-72.813248	54.609936	232.686752	12.0	231
-72.813248	36.406624	250.890064	12.0	232
-18.203312	54.609936	250.890064	12.0	233
-18.203312	36.406624	232.686752	12.0	234
-36.406624	54.609936	232.686752	12.0	235
-36.406624	36.406624	250.890064	12.0	236
18.203312	54.609936	250.890064	12.0	237
18.203312	36.406624	232.686752	12.0	238
0.000000	54.609936	232.686752	12.0	239
0.000000	36.406624	250.890064	12.0	240
54.609936	54.609936	250.890064	12.0	241
54.609936	36.406624	232.686752	12.0	242
36.406624	54.609936	232.686752	12.0	243
36.406624	36.406624	250.890064	12.0	244
91.016560	54.609936	250.890064	12.0	245
91.016560	36.406624	232.686752	12.0	246
72.813248	54.609936	232.686752	12.0	247
72.813248	36.406624	250.890064	12.0	248
109.219872	36.406624	250.890064	12.0	249
-91.016560	72.813248	232.686752	12.0	250
-54.609936	91.016560	250.890064	12.0	251
-54.609936	72.813248	232.686752	12.0	252
-72.813248	91.016560	232.686752	12.0	253
-72.813248	72.813248	250.890064	12.0	254
-18.203312	91.016560	250.890064	12.0	255
-18.203312	72.813248	232.686752	12.0	256
-36.406624	91.016560	232.686752	12.0	257
-36.406624	72.813248	250.890064	12.0	258
18.203312	91.016560	250.890064	12.0	259
18.203312	72.813248	232.686752	12.0	260
0.000000	91.016560	232.686752	12.0	261
0.000000	72.813248	250.890064	12.0	262
54.609936	91.016560	250.890064	12.0	263
54.609936	72.813248	232.686752	12.0	264
36.406624	91.016560	232.686752	12.0	265
36.406624	72.813248	250.890064	12.0	266
91.016560	72.813248	232.686752	12.0	267
72.813248	91.016560	232.686752	12.0	268
72.813248	72.813248	250.890064	12.0	269
-18.203312	109.219872	232.686752	12.0	270
-36.406624	109.219872	250.890064	12.0	271
18.203312	109.219872	232.686752	12.0	272
0.000000	109.219872	250.890064	12.0	273
36.406624	109.219872	250.890064	12.0	274
-54.609936	-91.016560	287.296688	12.0	275
-72.813248	-91.016560	269.093376	12.0	276
-18.203312	-91.016560	287.296688	12.0	277
-18.203312	-109.219872	269.093376	12.0	278
-36.406624	-91.016560	269.093376	12.0	279
-36.406624	-109.219872	287.296688	12.0	280
18.203312	-91.016560	287.296688	12.0	281
18.203312	-109.219872	269.093376	12.0	282
0.000000	-91.016560	269.093376	12.0	283
0.000000	-109.219872	287.296688	12.0	284
54.609936	-91.016560	287.296688	12.0	285
36.406624	-91.016560	269.093376	12.0	286
36.406624	-109.219872	287.296688	12.0	287
72.813248	-91.016560	269.093376	12.0	288
-91.016560	-54.609936	287.296688	12.0	289
-91.016560	-72.813248	269.093376	12.0	290
-54.609936	-54.609936	287.296688	12.0	291
-54.609936	-72.813248	269.093376	12.0	292
-72.813248	-54.609936	269.093376	12.0	293
-72.813248	-72.813248	287.296688	12.0	294
-18.203312	-54.609936	287.296688	12.0	295
-18.203312	-72.813248	269.093376	12.0	296
-36.406624	-54.609936	269.093376	12.0	297
-36.406624	-72.813248	287.296688	12.0	298
18.203312	-54.609936	287.296688	12.0	299
18.203312	-72.813248	269.093376	12.0	300
0.000000	-54.609936	269.093376	12.0	301
0.000000	-72.813248	287.296688	12.0	302
54.609936	-54.609936	287.296688	12.0	303
54.609936	-72.813248	269.093376	12.0	304
36.406624	-54.609936	269.093376	12.0	305
36.406624	-72.813248	287.296688	12.0	306
91.016560	-54.609936	287.296688	12.0	307
91.016560	-72.813248	269.093376	12.0	308
72.813248	-54.609936	269.093376	12.0	309
72.813248	-72.813248	287.296688	12.0	310
-91.016560	-18.203312	287.296688	12.0	311
-91.016560	-36.406624	269.093376	12.0	312
-109.219872	-18.203312	269.093376	12.0	313
-109.219872	-36.406624	287.296688	12.0	314
-54.609936	-18.203312	287.296688	12.0	315
-54.609936	-36.406624	269.093376	12.0	316
-72.813248	-18.203312	269.093376	12.0	317
-72.813248	-36.406624	287.296688	12.0	318
-18.203312	-18.203312	287.296688	12.0	319
-18.203312	-36.406624	269.093376	12.0	320
-36.406624	-18.203312	269.093376	12.0	321
-36.406624	-36.406624	287.296688	12.0	322
18.203312	-18.203312	287.296688	12.0	323
18.203312	-36.406624	269.093376	12.0	324
0.000000	-18.203312	269.093376	12.0	325
0.000000	-36.406624	287.296688	12.0	326
54.609936	-18.203312	287.296688	12.0	327
54.609936	-36.406624	269.093376	12.0	328
36.406624	-18.203312	269.093376	12.0	329
36.406624	-36.406624	287.296688	12.0	330
91.016560	-18.203312	287.296688	12.0	331
91.016560	-36.406624	269.093376	12.0	332
72.813248	-18.203312	269.093376	12.0	333
72.813248	-36.406624	287.296688	12.0	334
109.219872	-18.203312	269.093376	12.0	335
109.219872	-36.406624	287.296688	12.0	336
-91.016560	18.203312	287.296688	12.0	337
-91.016560	0.000000	269.093376	12.0	338
-109.219872	18.203312	269.093376	12.0	339
-109.219872	0.000000	287.296688	12.0	340
-54.609936	18.203312	287.296688	12.0	341
-54.609936	0.000000	269.093376	12.0	342
-72.813248	18.203312	269.093376	12.0	343
-72.813248	0.000000	287.296688	12.0	344
-18.203312	18.203312	287.296688	12.0	345
-18.203312	0.000000	269.093376	12.0	346
-36.406624	18.203312	269.093376	12.0	347
-36.406624	0.000000	287.296688	12.0	348
18.203312	18.203312	287.296688	12.0	349
18.203312	0.000000	269.093376	12.0	350
0.000000	18.203312	269.093376	12.0	351
0.000000	0.000000	287.296688	12.0	352
54.609936	18.203312	287.296688	12.0	353
54.609936	0.000000	269.093376	12.0	354
36.406624	18.203312	269.093376	12.0	355
36.406624	0.000000	287.296688	12.0	356
91.016560	18.203312	287.296688	12.0	357
91.016560	0.000000	269.093376	12.0	358
72.813248	18.203312	269.093376	12.0	359
72.813248	0.000000	287.296688	12.0	360
109.219872	18.203312	269.093376	12.0	361
109.219872	0.000000	287.296688	12.0	362
-91.016560	54.609936	287.296688	12.0	363
-91.016560	36.406624	269.093376	12.0	364
-109.219872	36.406624	287.296688	12.0	365
-54.609936	54.609936	287.296688	12.0	366
-54.609936	36.406624	269.093376	12.0	367
-72.813248	54.609936	269.093376	12.0	368
-72.813248	36.406624	287.296688	12.0	369
-18.203312	54.609936	287.296688	12.0	370
-18.203312	36.406624	269.093376	12.0	371
-36.406624	54.609936	269.093376	12.0	372
-36.406624	36.406624	287.296688	12.0	373
18.203312	54.609936	287.296688	12.0	374
18.203312	36.406624	269.093376	12.0	375
0.000000	54.609936	269.093376	12.0	376
0.000000	36.406624	287.296688	12.0	377
54.609936	54.609936	287.296688	12.0	378
54.609936	36.406624	269.093376	12.0	379
36.406624	54.609936	269.093376	12.0	380
36.406624	36.406624	287.296688	12.0	381
91.016560	54.609936	287.296688	12.0	382
91.016560	36.406624	269.093376	12.0	383
72.813248	54.609936	269.093376	12.0	384
72.813248	36.406624	287.296688	12.0	385
109.219872	36.406624	287.296688	12.0	386
-91.016560	72.813248	269.093376	12.0	387
-54.609936	91.016560	287.296688	12.0	388
-54.609936	72.813248	269.093376	12.0	389
-72.813248	91.016560	269.093376	12.0	390
-72.813248	72.813248	287.296688	12.0	391
-18.203312	91.016560	287.296688	12.0	392
-18.203312	72.813248	269.093376	12.0	393
-36.406624	91.016560	269.093376	12.0	394
-36.406624	72.813248	287.296688	12.0	395
18.203312	91.016560	287.296688	12.0	396
18.203312	72.813248	269.093376	12.0	397
0.000000	91.016560	269.093376	12.0	398
0.000000	72.813248	287.296688	12.0	399
54.609936	91.016560	287.296688	12.0	400
54.609936	72.813248	269.093376	12.0	401
36.406624	91.016560	269.093376	12.0	402
36.406624	72.813248	287.296688	12.0	403
91.016560	72.813248	269.093376	12.0	404
72.813248	91.016560	269.093376	12.0	405
72.813248	72.813248	287.296688	12.0	406
-18.203312	109.219872	269.093376	12.0	407
-36.406624	109.219872	287.296688	12.0	408
18.203312	109.219872	269.093376	12.0	409
0.000000	109.219872	287.296688	12.0	410
36.406624	109.219872	287.296688	12.0	411
-54.609936	-91.016560	323.703312	12.0	412
-72.813248	-91.016560	305.500000	12.0	413
-18.203312	-91.016560	323.703312	12.0	414
-18.203312	-109.219872	305.500000	12.0	415
-36.406624	-91.016560	305.500000	12.0	416
-36.406624	-109.219872	323.703312	12.0	417
18.203312	-91.016560	323.703312	12.0	418
18.203312	-109.219872	305.500000	12.0	419
0.000000	-91.016560	305.500000	12.0	420
0.000000	-109.219872	323.703312	12.0	421
54.609936	-91.016560	323.703312	12.0	422
36.406624	-91.016560	305.500000	12.0	423
36.406624	-109.219872	323.703312	12.0	424
72.813248	-91.016560	305.500000	12.0	425
-91.016560	-54.609936	323.703312	12.0	426
-91.016560	-72.813248	305.500000	12.0	427
-54.609936	-54.609936	323.703312	12.0	428
-54.609936	-72.813248	305.500000	12.0	429
-72.813248	-54.609936	305.500000	12.0	430
-72.813248	-72.813248	323.703312	12.0	431
-18.203312	-54.609936	323.703312	12.0	432
-18.203312	-72.813248	305.500000	12.0	433
-36.406624	-54.609936	305.500000	12.0	434
-36.406624	-72.813248	323.703312	12.0	435
18.203312	-54.609936	323.703312	12.0	436
18.203312	-72.813248	305.500000	12.0	437
0.000000	-54.609936	305.500000	12.0	438
0.000000	-72.813248	323.703312	12.0	439
54.609936	-54.609936	323.703312	12.0	440
54.609936	-72.813248	305.500000	12.0	441
36.406624	-54.609936	305.500000	12.0	442
36.406624	-72.813248	323.703312	12.0	443
91.016560	-54.609936	323.703312	12.0	444
91.016560	-72.813248	305.500000	12.0	445
72.813248	-54.609936	305.500000	12.0	446
72.813248	-72.813248	323.703312	12.0	447
-91.016560	-18.203312	323.703312	12.0	448
-91.016560	-36.406624	305.500000	12.0	449
-109.219872	-18.203312	305.500000	12.0	450
-109.219872	-36.406624	323.703312	12.0	451
-54.609936	-18.203312	323.703312	12.0	452
-54.609936	-36.406624	305.500000	12.0	453
-72.813248	-18.203312	305.500000	12.0	454
-72.813248	-36.406624	323.703312	12.0	455
-18.203312	-18.203312	323.703312	12.0	456
-18.203312	-36.406624	305.500000	12.0	457
-36.406624	-18.203312	305.500000	12.0	458
-36.406624	-36.406624	323.703312	12.0	459
18.203312	-18.203312	323.703312	12.0	460
18.203312	-36.406624	305.500000	12.0	461
0.000000	-18.203312	305.500000	12.0	462
0.000000	-36.406624	323.703312	12.0	463
54.609936	-18.203312	323.703312	12.0	464
54.609936	-36.406624	305.500000	12.0	465
36.406624	-18.203312	305.500000	12.0	466
36.406624	-36.406624	323.703312	12.0	467
91.016560	-18.203312	323.703312	12.0	468
91.016560	-36.406624	305.500000	12.0	469
72.813248	-18.203312	305.500000	12.0	470
72.813248	-36.406624	323.703312	12.0	471
109.219872	-18.203312	305.500000	12.0	472
109.219872	-36.406624	323.703312	12.0	473
-91.016560	18.203312	323.703312	12.0	474
-91.016560	0.000000	305.500000	12.0	475
-109.219872	18.203312	305.500000	12.0	476
-109.219872	0.000000	323.703312	12.0	477
-54.609936	18.203312	323.703312	12.0	478
-54.609936	0.000000	305.500000	12.0	479
-72.813248	18.203312	305.500000	12.0	480
-72.813248	0.000000	323.703312	12.0	481
-18.203312	18.203312	323.703312	12.0	482
-18.203312	0.000000	305.500000	12.0	483
-36.406624	18.203312	305.500000	12.0	484
-36.406624	0.000000	323.703312	12.0	485
18.203312	18.203312	323.703312	12.0	486
18.203312	0.000000	305.500000	12.0	487
0.000000	18.203312	305.500000	12.0	488
0.000000	0.000000	323.703312	12.0	489
54.609936	18.203312	323.703312	12.0	490
54.609936	0.000000	305.500000	12.0	491
36.406624	18.203312	305.500000	12.0	492
36.406624	0.000000	323.703312	12.0	493
91.016560	18.203312	323.703312	12.0	494
91.016560	0.000000	305.500000	12.0	495
72.813248	18.203312	305.500000	12.0	496
72.813248	0.000000	323.703312	12.0	497
109.219872	18.203312	305.500000	12.0	498
109.219872	0.000000	323.703312	12.0	499
-91.016560	54.609936	323.703312	12.0	500
-91.016560	36.406624	305.500000	12.0	501
-109.219872	36.406624	323.703312	12.0	502
-54.609936	54.609936	323.703312	12.0	503
-54.609936	36.406624	305.500000	12.0	504
-72.813248	54.609936	305.500000	12.0	505
-72.813248	36.406624	323.703312	12.0	506
-18.203312	54.609936	323.703312	12.0	507
-18.203312	36.406624	305.500000	12.0	508
-36.406624	54.609936	305.500000	12.0	509
-36.406624	36.406624	323.703312	12.0	510
18.203312	54.609936	323.703312	12.0	511
18.203312	36.406624	305.500000	12.0	512
0.000000	54.609936	305.500000	12.0	513
0.000000	36.406624	323.703312	12.0	514
54.609936	54.609936	323.703312	12.0	515
54.609936	36.406624	305.500000	12.0	516
36.406624	54.609936	305.500000	12.0	517
36.406624	36.406624	323.703312	12.0	518
91.016560	54.609936	323.703312	12.0	519
91.016560	36.406624	305.500000	12.0	520
72.813248	54.609936	305.500000	12.0	521
72.813248	36.406624	323.703312	12.0	522
109.219872	36.406624	323.703312	12.0	523
-91.016560	72.813248	305.500000	12.0	524
-54.609936	91.016560	323.703312	12.0	525
-54.609936	72.813248	305.500000	12.0	526
-72.813248	91.016560	305.500000	12.0	527
-72.813248	72.813248	323.703312	12.0	528
-18.203312	91.016560	323.703312	12.0	529
-18.203312	72.813248	305.500000	12.0	530
-36.406624	91.016560	305.500000	12.0	531
-36.406624	72.813248	323.703312	12.0	532
18.203312	91.016560	323.703312	12.0	533
18.203312	72.813248	305.500000	12.0	534
0.000000	91.016560	305.500000	12.0	535
0.000000	72.813248	323.703312	12.0	536
54.609936	91.016560	323.703312	12.0	537
54.609936	72.813248	305.500000	12.0	538
36.406624	91.016560	305.500000	12.0	539
36.406624	72.813248	323.703312	12.0	540
91.016560	72.813248	305.500000	12.0	541
72.813248	91.016560	305.500000	12.0	542
72.813248	72.813248	323.703312	12.0	543
-18.203312	109.219872	305.500000	12.0	544
-36.406624	109.219872	323.703312	12.0	545
18.203312	109.219872	305.500000	12.0	546
0.000000	109.219872	323.703312	12.0	547
36.406624	109.219872	323.703312	12.0	548
-54.609936	-91.016560	360.109936	12.0	549
-72.813248	-91.016560	341.906624	12.0	550
-18.203312	-91.016560	360.109936	12.0	551
-18.203312	-109.219872	341.906624	12.0	552
-36.406624	-91.016560	341.906624	12.0	553
-36.406624	-109.219872	360.109936	12.0	554
18.203312	-91.016560	360.109936	12.0	555
18.203312	-109.219872	341.906624	12.0	556
0.000000	-91.016560	341.906624	12.0	557
0.000000	-109.219872	360.109936	12.0	558
54.609936	-91.016560	360.109936	12.0	559
36.406624	-91.016560	341.906624	12.0	560
36.406624	-109.219872	360.109936	12.0	561
72.813248	-91.016560	341.906624	12.0	562
-91.016560	-54.609936	360.109936	12.0	563
-91.016560	-72.813248	341.906624	12.0	564
-54.609936	-54.609936	360.109936	12.0	565
-54.609936	-72.813248	341.906624	12.0	566
-72.813248	-54.609936	341.906624	12.0	567
-72.813248	-72.813248	360.109936	12.0	568
-18.203312	-54.609936	360.109936	12.0	569
-18.203312	-72.813248	341.906624	12.0	570
-36.406624	-54.609936	341.906624	12.0	571
-36.406624	-72.813248	360.109936	12.0	572
18.203312	-54.609936	360.109936	12.0	573
18.203312	-72.813248	341.906624	12.0	574
0.000000	-54.609936	341.906624	12.0	575
0.000000	-72.813248	360.109936	12.0	576
54.609936	-54.609936	360.109936	12.0	577
54.609936	-72.813248	341.906624	12.0	578
36.406624	-54.609936	341.906624	12.0	579
36.406624	-72.813248	360.109936	12.0	580
91.016560	-54.609936	360.109936	12.0	581
91.016560	-72.813248	341.906624	12.0	582
72.813248	-54.609936	341.906624	12.0	583
72.813248	-72.813248	360.109936	12.0	584
-91.016560	-18.203312	360.109936	12.0	585
-91.016560	-36.406624	341.906624	12.0	586
-109.219872	-18.203312	341.906624	12.0	587
-109.219872	-36.406624	360.109936	12.0	588
-54.609936	-18.203312	360.109936	12.0	589
-54.609936	-36.406624	341.906624	12.0	590
-72.813248	-18.203312	341.906624	12.0	591
-72.813248	-36.406624	360.109936	12.0	592
-18.203312	-18.203312	360.109936	12.0	593
-18.203312	-36.406624	341.906624	12.0	594
-36.406624	-18.203312	341.906624	12.0	595
-36.406624	-36.406624	360.109936	12.0	596
18.203312	-18.203312	360.109936	12.0	597
18.203312	-36.406624	341.906624	12.0	598
0.000000	-18.203312	341.906624	12.0	599
0.000000	-36.406624	360.109936	12.0	600
54.609936	-18.203312	360.109936	12.0	601
54.609936	-36.406624	341.906624	12.0	602
36.406624	-18.203312	341.906624	12.0	603
36.406624	-36.406624	360.109936	12.0	604
91.016560	-18.203312	360.109936	12.0	605
91.016560	-36.406624	341.906624	12.0	606
72.813248	-18.203312	341.906624	12.0	607
72.813248	-36.406624	360.109936	12.0	608
109.219872	-18.203312	341.906624	12.0	609
109.219872	-36.406624	360.109936	12.0	610
-91.016560	18.203312	360.109936	12.0	611
-91.016560	0.000000	341.906624	12.0	612
-109.219872	18.203312	341.906624	12.0	613
-109.219872	0.000000	360.109936	12.0	614
-54.609936	18.203312	360.109936	12.0	615
-54.609936	0.000000	341.906624	12.0	616
-72.813248	18.203312	341.906624	12.0	617
-72.813248	0.000000	360.109936	12.0	618
-18.203312	18.203312	360.109936	12.0	619
-18.203312	0.000000	341.906624	12.0	620
-36.406624	18.203312	341.906624	12.0	621
-36.406624	0.000000	360.109936	12.0	622
18.203312	18.203312	360.109936	12.0	623
18.203312	0.000000	341.906624	12.0	624
0.000000	18.203312	341.906624	12.0	625
0.000000	0.000000	360.109936	12.0	626
54.609936	18.203312	360.109936	12.0	627
54.609936	0.000000	341.906624	12.0	628
36.406624	18.203312	341.906624	12.0	629
36.406624	0.000000	360.109936	12.0	630
91.016560	18.203312	360.109936	12.0	631
91.016560	0.000000	341.906624	12.0	632
72.813248	18.203312	341.906624	12.0	633
72.813248	0.000000	360.109936	12.0	634
109.219872	18.203312	341.906624	12.0	635
109.219872	0.000000	360.109936	12.0	636
-91.016560	54.609936	360.109936	12.0	637
-91.016560	36.406624	341.906624	12.0	638
-109.219872	36.406624	360.109936	12.0	639
-54.609936	54.609936	360.109936	12.0	640
-54.609936	36.406624	341.906624	12.0	641
-72.813248	54.609936	341.906624	12.0	642
-72.813248	36.406624	360.109936	12.0	643
-18.203312	54.609936	360.109936	12.0	644
-18.203312	36.406624	341.906624	12.0	645
-36.406624	54.609936	341.906624	12.0	646
-36.406624	36.406624	360.109936	12.0	647
18.203312	54.609936	360.109936	12.0	648
18.203312	36.406624	341.906624	12.0	649
0.000000	54.609936	341.906624	12.0	650
0.000000	36.406624	360.109936	12.0	651
54.609936	54.609936	360.109936	12.0	652
54.609936	36.406624	341.906624	12.0	653
36.406624	54.609936	341.906624	12.0	654
36.406624	36.406624	360.109936	12.0	655
91.016560	54.609936	360.109936	12.0	656
91.016560	36.406624	341.906624	12.0	657
72.813248	54.609936	341.906624	12.0	658
72.813248	36.406624	360.109936	12.0	659
109.219872	36.406624	360.109936	12.0	660
-91.016560	72.813248	341.906624	12.0	661
-54.609936	91.016560	360.109936	12.0	662
-54.609936	72.813248	341.906624	12.0	663
-72.813248	91.016560	341.906624	12.0	664
-72.813248	72.813248	360.109936	12.0	665
-18.203312	91.016560	360.109936	12.0	666
-18.203312	72.813248	341.906624	12.0	667
-36.406624	91.016560	341.906624	12.0	668
-36.406624	72.813248	360.109936	12.0	669
18.203312	91.016560	360.109936	12.0	670
18.203312	72.813248	341.906624	12.0	671
0.000000	91.016560	341.906624	12.0	672
0.000000	72.813248	360.109936	12.0	673
54.609936	91.016560	360.109936	12.0	674
54.609936	72.813248	341.906624	12.0	675
36.406624	91.016560	341.906624	12.0	676
36.406624	72.813248	360.109936	12.0	677
91.016560	72.813248	341.906624	12.0	678
72.813248	91.016560	341.906624	12.0	679
72.813248	72.813248	360.109936	12.0	680
-18.203312	109.219872	341.906624	12.0	681
-36.406624	109.219872	360.109936	12.0	682
18.203312	109.219872	341.906624	12.0	683
0.000000	109.219872	360.109936	12.0	684
36.406624	109.219872	360.109936	12.0	685
-54.609936	-91.016560	396.516560	12.0	686
-72.813248	-91.016560	378.313248	12.0	687
-18.203312	-91.016560	396.516560	12.0	688
-18.203312	-109.219872	378.313248	12.0	689
-36.406624	-91.016560	378.313248	12.0	690
-36.406624	-109.219872	396.516560	12.0	691
18.203312	-91.016560	396.516560	12.0	692
18.203312	-109.219872	378.313248	12.0	693
0.000000	-91.016560	378.313248	12.0	694
0.000000	-109.219872	396.516560	12.0	695
54.609936	-91.016560	396.516560	12.0	696
36.406624	-91.016560	378.313248	12.0	697
36.406624	-109.219872	396.516560	12.0	698
72.813248	-91.016560	378.313248	12.0	699
-91.016560	-54.609936	396.516560	12.0	700
-91.016560	-72.813248	378.313248	12.0	701
-54.609936	-54.609936	396.516560	12.0	702
-54.609936	-72.813248	378.313248	12.0	703
-72.813248	-54.609936	378.313248	12.0	704
-72.813248	-72.813248	396.516560	12.0	705
-18.203312	-54.609936	396.516560	12.0	706
-18.203312	-72.813248	378.313248	12.0	707
-36.406624	-54.609936	378.313248	12.0	708
-36.406624	-72.813248	396.516560	12.0	709
18.203312	-54.609936	396.516560	12.0	710
18.203312	-72.813248	378.313248	12.0	711
0.000000	-54.609936	378.313248	12.0	712
0.000000	-72.813248	396.516560	12.0	713
54.609936	-54.609936	396.516560	12.0	714
54.609936	-72.813248	378.313248	12.0	715
36.406624	-54.609936	378.313248	12.0	716
36.406624	-72.813248	396.516560	12.0	717
91.016560	-54.609936	396.516560	12.0	718
91.016560	-72.813248	378.313248	12.0	719
72.813248	-54.609936	378.313248	12.0	720
72.813248	-72.813248	396.516560	12.0	721
-91.016560	-18.203312	396.516560	12.0	722
-91.016560	-36.406624	378.313248	12.0	723
-109.219872	-18.203312	378.313248	12.0	724
-109.219872	-36.406624	396.516560	12.0	725
-54.609936	-18.203312	396.516560	12.0	726
-54.609936	-36.406624	378.313248	12.0	727
-72.813248	-18.203312	378.313248	12.0	728
-72.813248	-36.406624	396.516560	12.0	729
-18.203312	-18.203312	396.516560	12.0	730
-18.203312	-36.406624	378.313248	12.0	731
-36.406624	-18.203312	378.313248	12.0	732
-36.406624	-36.406624	396.516560	12.0	733
18.203312	-18.203312	396.516560	12.0	734
18.203312	-36.406624	378.313248	12.0	735
0.000000	-18.203312	378.313248	12.0	736
0.000000	-36.406624	396.516560	12.0	737
54.609936	-18.203312	396.516560	12.0	738
54.609936	-36.406624	378.313248	12.0	739
36.406624	-18.203312	378.313248	12.0	740
36.406624	-36.406624	396.516560	12.0	741
91.016560	-18.203312	396.516560	12.0	742
91.016560	-36.406624	378.313248	12.0	743
72.813248	-18.203312	378.313248	12.0	744
72.813248	-36.406624	396.516560	12.0	745
109.219872	-18.203312	378.313248	12.0	746
109.219872	-36.406624	396.516560	12.0	747
-91.016560	18.203312	396.516560	12.0	748
-91.016560	0.000000	378.313248	12.0	749
-109.219872	18.203312	378.313248	12.0	750
-109.219872	0.000000	396.516560	12.0	751
-54.609936	18.203312	396.516560	12.0	752
-54.609936	0.000000	378.313248	12.0	753
-72.813248	18.203312	378.313248	12.0	754
-72.813248	0.000000	396.516560	12.0	755
-18.203312	18.203312	396.516560	12.0	756
-18.203312	0.000000	378.313248	12.0	757
-36.406624	18.203312	378.313248	12.0	758
-36.406624	0.000000	396.516560	12.0	759
18.203312	18.203312	396.516560	12.0	760
18.203312	0.000000	378.313248	12.0	761
0.000000	18.203312	378.313248	12.0	762
0.000000	0.000000	396.516560	12.0	763
54.609936	18.203312	396.516560	12.0	764
54.609936	0.000000	378.313248	12.0	765
36.406624	18.203312	378.313248	12.0	766
36.406624	0.000000	396.516560	12.0	767
91.016560	18.203312	396.516560	12.0	768
91.016560	0.000000	378.313248	12.0	769
72.813248	18.203312	378.313248	12.0	770
72.813248	0.000000	396.516560	12.0	771
109.219872	18.203312	378.313248	12.0	772
109.219872	0.000000	396.516560	12.0	773
-91.016560	54.609936	396.516560	12.0	774
-91.016560	36.406624	378.313248	12.0	775
-109.219872	36.406624	396.516560	12.0	776
-54.609936	54.609936	396.516560	12.0	777
-54.609936	36.406624	378.313248	12.0	778
-72.813248	54.609936	378.313248	12.0	779
-72.813248	36.406624	396.516560	12.0	780
-18.203312	54.609936	396.516560	12.0	781
-18.203312	36.406624	378.313248	12.0	782
-36.406624	54.609936	378.313248	12.0	783
-36.406624	36.406624	396.516560	12.0	784
18.203312	54.609936	396.516560	12.0	785
18.203312	36.406624	378.313248	12.0	786
0.000000	54.609936	378.313248	12.0	787
0.000000	36.406624	396.516560	12.0	788
54.609936	54.609936	396.516560	12.0	789
54.609936	36.406624	378.313248	12.0	790
36.406624	54.609936	378.313248	12.0	791
36.406624	36.406624	396.516560	12.0	792
91.016560	54.609936	396.516560	12.0	793
91.016560	36.406624	378.313248	12.0	794
72.813248	54.609936	378.313248	12.0	795
72.813248	36.406624	396.516560	12.0	796
109.219872	36.406624	396.516560	12.0	797
-91.016560	72.813248	378.313248	12.0	798
-54.609936	91.016560	396.516560	12.0	799
-54.609936	72.813248	378.313248	12.0	800
-72.813248	91.016560	378.313248	12.0	801
-72.813248	72.813248	396.516560	12.0	802
-18.203312	91.016560	396.516560	12.0	803
-18.203312	72.813248	378.313248	12.0	804
-36.406624	91.016560	378.313248	12.0	805
-36.406624	72.813248	396.516560	12.0	806
18.203312	91.016560	396.516560	12.0	807
18.203312	72.813248	378.313248	12.0	808
0.000000	91.016560	378.313248	12.0	809
0.000000	72.813248	396.516560	12.0	810
54.609936	91.016560	396.516560	12.0	811
54.609936	72.813248	378.313248	12.0	812
36.406624	91.016560	378.313248	12.0	813
36.406624	72.813248	396.516560	12.0	814
91.016560	72.813248	378.313248	12.0	815
72.813248	91.016560	378.313248	12.0	816
72.813248	72.813248	396.516560	12.0	817
-18.203312	109.219872	378.313248	12.0	818
-36.406624	109.219872	396.516560	12.0	819
18.203312	109.219872	378.313248	12.0	820
0.000000	109.219872	396.516560	12.0	821
36.406624	109.219872	396.516560	12.0	822
-72.813248	-91.016560	414.719872	12.0	823
-18.203312	-109.219872	414.719872	12.0	824
-36.406624	-91.016560	414.719872	12.0	825
18.203312	-109.219872	414.719872	12.0	826
0.000000	-91.016560	414.719872	12.0	827
36.406624	-91.016560	414.719872	12.0	828
72.813248	-91.016560	414.719872	12.0	829
-91.016560	-72.813248	414.719872	12.0	830
-54.609936	-72.813248	414.719872	12.0	831
-72.813248	-54.609936	414.719872	12.0	832
-18.203312	-72.813248	414.719872	12.0	833
-36.406624	-54.609936	414.719872	12.0	834
18.203312	-72.813248	414.719872	12.0	835
0.000000	-54.609936	414.719872	12.0	836
54.609936	-72.813248	414.719872	12.0	837
36.406624	-54.609936	414.719872	12.0	838
91.016560	-72.813248	414.719872	12.0	839
72.813248	-54.609936	414.719872	12.0	840
-91.016560	-36.406624	414.719872	12.0	841
-109.219872	-18.203312	414.719872	12.0	842
-54.609936	-36.406624	414.719872	12.0	843
-72.813248	-18.203312	414.719872	12.0	844
-18.203312	-36.406624	414.719872	12.0	845
-36.406624	-18.203312	414.719872	12.0	846
18.203312	-36.406624	414.719872	12.0	847
0.000000	-18.203312	414.719872	12.0	848
54.609936	-36.406624	414.719872	12.0	849
36.406624	-18.203312	414.719872	12.0	850
91.016560	-36.406624	414.719872	12.0	851
72.813248	-18.203312	414.719872	12.0	852
109.219872	-18.203312	414.719872	12.0	853
-91.016560	0.000000	414.719872	12.0	854
-109.219872	18.203312	414.719872	12.0	855
-54.609936	0.000000	414.719872	12.0	856
-72.813248	18.203312	414.719872	12.0	857
-18.203312	0.000000	414.719872	12.0	858
-36.406624	18.203312	414.719872	12.0	859
18.203312	0.000000	414.719872	12.0	860
0.000000	18.203312	414.719872	12.0	861
54.609936	0.000000	414.719872	12.0	862
36.406624	18.203312	414.719872	12.0	863
91.016560	0.000000	414.719872	12.0	864
72.813248	18.203312	414.719872	12.0	865
109.219872	18.203312	414.719872	12.0	866
-91.016560	36.406624	414.719872	12.0	867
-54.609936	36.406624	414.719872	12.0	868
-72.813248	54.609936	414.719872	12.0	869
-18.203312	36.406624	414.719872	12.0	870
-36.406624	54.609936	414.719872	12.0	871
18.203312	36.406624	414.719872	12.0	872
0.000000	54.609936	414.719872	12.0	873
54.609936	36.406624	414.719872	12.0	874
36.406624	54.609936	414.719872	12.0	875
91.016560	36.406624	414.719872	12.0	876
72.813248	54.609936	414.719872	12.0	877
-91.016560	72.813248	414.719872	12.0	878
-54.609936	72.813248	414.719872	12.0	879
-72.813248	91.016560	414.719872	12.0	880
-18.203312	72.813248	414.719872	12.0	881
-36.406624	91.016560	414.719872	12.0	882
18.203312	72.813248	414.719872	12.0	883
0.000000	91.016560	414.719872	12.0	884
54.609936	72.813248	414.719872	12.0	885
36.406624	91.016560	414.719872	12.0	886
91.016560	72.813248	414.719872	12.0	887
72.813248	91.016560	414.719872	12.0	888
-18.203312	109.219872	414.719872	12.0	889
18.203312	109.219872	414.719872	12.0	890
