7.762287499999999341e+00
1.057506249999999959e+01
8.331332500000000252e+00
7.692615000000000869e+00
7.364417500000000061e+00
7.115567500000000045e+00
6.880107499999999376e+00
6.701892500000000474e+00
6.582423750000001128e+00
6.489665000000000461e+00
6.412881249999999866e+00
6.359942499999999832e+00
6.350568750000000762e+00
6.517643749999999514e+00
6.738502500000000062e+00
6.958382499999999027e+00
7.289566250000000025e+00
7.656522499999999454e+00
8.066224999999999312e+00
8.516327499999999162e+00
9.013336250000000049e+00
9.563504999999999256e+00
1.065352500000000013e+01
1.251607500000000073e+01
1.483288750000000178e+01
1.773091249999999874e+01
2.135736250000000069e+01
2.596552499999999952e+01
3.185611249999999828e+01
3.949696250000000930e+01
4.956126249999999800e+01
6.303562500000001023e+01
8.149711250000000007e+01
1.076177500000000009e+02
1.732242499999999836e+02
3.762786250000000337e+02
1.019217500000000086e+03
2.452650000000000091e+03
2.945258749999999964e+03
2.391699999999999818e+03
1.368503750000000082e+03
6.227010000000000218e+02
3.449508749999999395e+02
2.254812500000000171e+02
1.621550000000000011e+02
1.317623750000000200e+02
1.168936250000000143e+02
1.049336249999999922e+02
9.505307499999999266e+01
8.902477500000000532e+01
8.603359999999999275e+01
8.309554999999998870e+01
8.032706249999999670e+01
7.786870000000000402e+01
7.542933750000000259e+01
7.310856250000000500e+01
7.105147500000001060e+01
6.902074999999999250e+01
6.705257499999999027e+01
6.532428749999999695e+01
6.359879999999999711e+01
6.192271250000000293e+01
6.043187499999999801e+01
5.896659999999999968e+01
5.656109999999999616e+01
5.350732499999999447e+01
5.088367499999999666e+01
4.830672500000000014e+01
4.504640000000000555e+01
4.130856250000000074e+01
3.817924999999999613e+01
3.551046250000000271e+01
3.325142499999999757e+01
3.063832500000000536e+01
2.784082500000000238e+01
2.554707499999999953e+01
2.363671250000000157e+01
2.205981249999999960e+01
2.105653750000000102e+01
2.063935000000000031e+01
1.981520000000000081e+01
1.880367499999999836e+01
1.802519999999999811e+01
1.736012500000000003e+01
1.671151250000000132e+01
1.611809999999999832e+01
1.562563750000000162e+01
1.514175000000000182e+01
1.472503749999999911e+01
1.446398750000000177e+01
1.431723749999999740e+01
1.406506249999999980e+01
1.339666250000000147e+01
1.266518750000000004e+01
1.217139999999999844e+01
1.137582499999999897e+01
1.074282499999999985e+01
1.041212499999999963e+01
9.969013750000002005e+00
9.621177499999999938e+00
9.412727500000002578e+00
9.194896249999999327e+00
8.733750000000000568e+00
8.569917499999998967e+00
9.493946250000000475e+00
8.696640000000000370e+00
8.261157499999999487e+00
7.751506249999999376e+00
7.310606250000000195e+00
6.930348750000000280e+00
6.260731250000000081e+00
5.386665000000000703e+00
4.081042499999999684e+00
4.926533750000000111e+01
1.089956250000000004e+01
7.072123750000000264e+00
5.302691250000000522e+00
3.575091249999999832e+00
1.086183750000000003e+02
2.360046250000000256e+01
1.015617499999999929e+01
1.198173750000000126e+01
1.222823749999999876e+01
4.316848750000000479e+01
4.307910000000000394e+01
4.297832499999999811e+01
4.287579999999999814e+01
4.280446250000000674e+01
4.271501250000000738e+01
4.260862499999999642e+01
4.246538749999999851e+01
4.236103750000000190e+01
4.227641250000000639e+01
4.218113750000000550e+01
4.203515000000000157e+01
4.188338749999999777e+01
4.173991249999999553e+01
4.158816250000000281e+01
4.142668749999999989e+01
4.131592500000000001e+01
4.119737499999999386e+01
4.105420000000000158e+01
4.091375000000000028e+01
4.055638749999999959e+01
4.016612500000000097e+01
3.985978750000000304e+01
3.952603750000000105e+01
3.916752499999999770e+01
3.873571249999999822e+01
3.832383750000000333e+01
3.802217499999999717e+01
3.751221250000000396e+01
3.660061250000000399e+01
3.592857500000000215e+01
3.566068750000000165e+01
3.545922500000000355e+01
3.533105000000000473e+01
3.420226250000000334e+01
3.285374999999999801e+01
3.248697500000000105e+01
3.225841249999999860e+01
3.189006249999999909e+01
3.102947499999999792e+01
3.027089999999999748e+01
2.837177499999999952e+01
2.609923749999999742e+01
2.551482500000000186e+01
2.451157500000000056e+01
2.309621250000000003e+01
2.192640000000000100e+01
2.107238750000000138e+01
2.065201249999999789e+01
1.977687500000000043e+01
1.925433750000000188e+01
1.890547499999999914e+01
1.824813749999999857e+01
1.740457499999999769e+01
1.682521249999999924e+01
1.584650000000000070e+01
1.445088750000000033e+01
1.364396249999999888e+01
1.286913749999999901e+01
1.195727500000000099e+01
1.104213749999999905e+01
1.020022500000000143e+01
9.475003750000000835e+00
8.884943750000001472e+00
8.688176250000001488e+00
8.486362499999998477e+00
8.104212500000000929e+00
7.842635000000000467e+00
7.692851250000000363e+00
7.528406249999999744e+00
7.268776250000000161e+00
6.788219999999999921e+00
6.415168750000000308e+00
5.878667500000000601e+00
5.282417500000000210e+00
4.857248750000000115e+00
4.719090000000000451e+00
4.642006249999999667e+00
4.607676249999999918e+00
4.565867499999999524e+00
4.515361249999999771e+00
4.496070000000000455e+00
4.506768749999999990e+00
4.513982500000000009e+00
4.528488750000000174e+00
4.539856250000000593e+00
4.551351249999999737e+00
4.571894999999999598e+00
4.588397500000000129e+00
4.598551250000000756e+00
4.604569999999999830e+00
4.611514999999999809e+00
4.628759999999999764e+00
4.656025000000000524e+00
4.685518749999999066e+00
4.702068749999999575e+00
4.703454999999999941e+00
4.701567499999999455e+00
4.696943749999999973e+00
4.683627500000000055e+00
4.604926250000000110e+00
4.333327500000000221e+00
4.050322500000000048e+00
3.794972500000000082e+00
3.166935000000000056e+00
2.593688750000000098e+00
2.308807499999999902e+00
2.140623750000000047e+00
2.253922499999999829e+00
2.430023749999999705e+00
6.403262499999999857e-01
6.436025000000000773e-01
6.456712500000000299e-01
3.202487500000000264e-01
3.135399999999999854e-01
