2.913594999999999709e+04
3.469581250000000728e+04
2.370407500000000073e+04
1.996976250000000073e+04
1.783028750000000218e+04
1.604135000000000036e+04
1.413927499999999964e+04
1.249802499999999964e+04
1.121431250000000000e+04
1.002840374999999949e+04
8.808358749999999418e+03
7.433995000000000800e+03
6.327962499999999636e+03
4.450802499999999782e+03
3.610306250000000546e+03
3.231468750000000000e+03
2.879601250000000164e+03
2.638780000000000200e+03
2.460483749999999873e+03
2.327698750000000018e+03
2.225760000000000218e+03
2.148984999999999673e+03
2.053593750000000000e+03
1.978233750000000100e+03
1.959654999999999973e+03
1.986505000000000109e+03
2.054590000000000146e+03
2.166087500000000091e+03
2.325582499999999982e+03
2.543034999999999854e+03
2.834269999999999982e+03
3.222934999999999945e+03
3.747186249999999745e+03
4.471503750000000764e+03
6.212897499999999127e+03
1.124768750000000000e+04
2.578403750000000218e+04
5.475303749999999127e+04
6.125992500000000291e+04
4.750216250000000582e+04
2.510283749999999782e+04
1.007968374999999833e+04
4.948693749999999454e+03
2.899156250000000000e+03
1.879619999999999891e+03
1.415377499999999827e+03
1.196947499999999991e+03
1.026032499999999800e+03
8.885542499999999109e+02
8.063838750000001028e+02
7.665215000000000600e+02
7.273666249999998854e+02
6.908711250000000064e+02
6.590872500000000400e+02
6.275541249999999991e+02
5.978099999999999454e+02
5.719817500000000337e+02
5.465010000000000900e+02
5.219656250000000455e+02
5.008770000000000664e+02
4.798516250000000127e+02
4.595255000000000223e+02
4.418351250000000050e+02
4.244912499999999795e+02
3.963682499999999891e+02
3.614223749999999882e+02
3.322966249999999491e+02
3.038216249999999832e+02
2.690130000000000337e+02
2.303296249999999930e+02
1.993468749999999829e+02
1.740641250000000184e+02
1.536189999999999998e+02
1.314206249999999727e+02
1.098483750000000043e+02
9.552703749999999161e+01
9.094823749999999052e+01
1.122926250000000010e+02
1.862233750000000327e+02
2.234196250000000248e+02
1.017956250000000011e+02
5.474103750000000446e+01
4.141991250000000235e+01
3.468963750000000346e+01
2.957233749999999972e+01
2.571627499999999955e+01
2.296292500000000203e+01
2.038838750000000033e+01
1.837804999999999822e+01
1.714225000000000065e+01
1.648886249999999976e+01
1.541544999999999987e+01
1.273387500000000117e+01
1.009037500000000165e+01
8.523949999999999250e+00
6.342748750000000157e+00
4.893753750000000124e+00
4.301471250000000524e+00
3.788541249999999749e+00
3.764993749999999917e+00
4.219833749999999384e+00
5.688138750000000243e+00
2.077673749999999941e+01
1.109423749999999984e+02
4.160672499999999729e+01
2.170582500000000081e+00
1.699608749999999890e+00
1.690268750000000209e+00
1.920363750000000147e+00
2.383447499999999941e+00
3.864900000000000002e+00
7.864962500000000745e+00
3.617618749999999750e+01
7.787326249999999845e+02
1.858467500000000072e+01
5.732857500000000606e+00
7.624246250000000558e+00
2.027322499999999650e+01
9.366390000000000100e+02
5.059209999999999496e+01
4.301607499999999362e+00
1.011632749999999987e+02
2.232975000000000421e+01
1.368588749999999834e+02
1.359591250000000002e+02
1.349445000000000050e+02
1.339120000000000061e+02
1.331938749999999914e+02
1.322934999999999945e+02
1.312223749999999995e+02
1.297802499999999952e+02
1.287294999999999732e+02
1.278773750000000007e+02
1.269181250000000034e+02
1.254486249999999785e+02
1.239207499999999982e+02
1.224758749999999878e+02
1.209479999999999933e+02
1.193222499999999968e+02
1.182069999999999936e+02
1.170136249999999905e+02
1.155720000000000027e+02
1.141581249999999983e+02
1.105601249999999993e+02
1.066306249999999949e+02
1.035462500000000006e+02
1.001862500000000011e+02
9.657677499999999782e+01
9.222944999999999993e+01
8.808236250000000211e+01
8.504522499999998786e+01
7.991101249999999823e+01
7.073263749999999561e+01
6.445007499999999823e+01
6.264767499999999956e+01
6.129221249999999799e+01
6.042963749999999834e+01
5.283456250000000409e+01
4.376100000000000279e+01
4.139475000000000193e+01
4.023370000000000601e+01
3.863003750000000025e+01
3.488313749999999658e+01
3.159003749999999755e+01
2.523750000000000426e+01
1.887198749999999947e+01
1.753827500000000228e+01
1.538889999999999958e+01
1.269182500000000147e+01
1.081208749999999874e+01
9.469426249999999712e+00
8.916738750000000380e+00
7.783242500000000064e+00
7.168361250000000240e+00
6.777899999999999814e+00
6.042174999999999407e+00
5.198617499999999225e+00
4.681347500000000217e+00
3.907232500000000108e+00
2.951677499999999732e+00
2.488958750000000109e+00
2.107426250000000056e+00
1.712772500000000253e+00
1.400651249999999903e+00
1.142552500000000082e+00
9.716842500000000271e-01
8.513170000000001014e-01
8.155416250000000478e-01
7.830296249999999514e-01
7.253157500000000368e-01
6.824792499999999817e-01
6.545731249999999779e-01
6.289376250000000557e-01
5.936231250000000292e-01
4.913150000000000017e-01
4.154507499999999798e-01
3.169755000000000211e-01
2.315592500000000220e-01
1.721147500000000385e-01
1.497006249999999761e-01
1.364753750000000099e-01
1.305856250000000107e-01
1.234123750000000047e-01
1.147469999999999879e-01
1.080867499999999953e-01
1.049881250000000016e-01
1.029003749999999884e-01
9.870044999999999513e-02
9.540978749999999564e-02
9.208168749999999514e-02
8.613472499999999532e-02
8.144447499999998841e-02
7.972737500000001698e-02
7.907190000000000052e-02
7.831535000000000579e-02
7.643674999999999775e-02
7.346669999999999590e-02
7.025383749999999927e-02
6.791654999999999220e-02
6.645120000000000193e-02
6.524019999999999819e-02
6.429388749999999375e-02
6.268432500000001295e-02
5.799346249999999536e-02
4.833239999999999065e-02
3.732387499999999941e-02
3.079417500000000002e-02
1.972706249999999981e-02
1.098627500000000021e-02
5.606816250000000446e-03
1.291609999999999894e-03
3.479569999999999755e-04
2.895751250000000204e-04
1.353286249999999854e-04
1.518889999999999954e-04
1.702918750000000135e-04
9.965137500000000438e-05
1.035933750000000015e-04
