2.914370000000000073e+04
3.470640000000000146e+04
2.371240000000000146e+04
1.997746250000000146e+04
1.783759999999999854e+04
1.604847499999999854e+04
1.414614999999999964e+04
1.250473750000000109e+04
1.122090000000000146e+04
1.003488875000000189e+04
8.814770000000000437e+03
7.440353750000001128e+03
6.334312500000000909e+03
4.457318750000000364e+03
3.617044999999999618e+03
3.238427499999999782e+03
2.886889999999999873e+03
2.646433750000000146e+03
2.468551249999999982e+03
2.336212500000000091e+03
2.234772500000000036e+03
2.158546249999999873e+03
2.064248750000000200e+03
1.990752500000000055e+03
1.974490000000000009e+03
2.004233750000000100e+03
2.075948750000000473e+03
2.192053750000000036e+03
2.357438750000000255e+03
2.582533750000000509e+03
2.883831249999999727e+03
3.285968750000000000e+03
3.828682499999999891e+03
4.579122500000000400e+03
6.386122500000000400e+03
1.162397500000000036e+04
2.680325000000000000e+04
5.720567499999999563e+04
6.420517500000000291e+04
4.989386250000000291e+04
2.647134999999999854e+04
1.070237500000000000e+04
5.293643750000001091e+03
3.124639999999999873e+03
2.041774999999999864e+03
1.547137499999999818e+03
1.313842500000000200e+03
1.130967499999999973e+03
9.836073750000000473e+02
8.954086250000000291e+02
8.525548750000000382e+02
8.104622500000001537e+02
7.711980000000000928e+02
7.369557499999999663e+02
7.029835000000000491e+02
6.709183750000000828e+02
6.430332499999999527e+02
6.155216249999999718e+02
5.890180000000000291e+02
5.662011250000000473e+02
5.434506250000000591e+02
5.214483750000001692e+02
5.022671249999999645e+02
4.834580000000000268e+02
4.529296249999999304e+02
4.149295000000000186e+02
3.831803750000000832e+02
3.521282500000000368e+02
3.140593750000000455e+02
2.716383749999999964e+02
2.375258749999999850e+02
2.095743749999999750e+02
1.868704999999999927e+02
1.620588750000000005e+02
1.376891250000000184e+02
1.210741250000000093e+02
1.145848750000000109e+02
1.343523750000000234e+02
2.072801249999999982e+02
2.440590000000000259e+02
1.216107499999999959e+02
7.354471250000000282e+01
5.944512499999999733e+01
5.204976249999999993e+01
4.628386250000000501e+01
4.183436250000000456e+01
3.858853750000000105e+01
3.553013750000000215e+01
3.310311249999999461e+01
3.160626249999999970e+01
3.080606249999999946e+01
2.948051250000000323e+01
2.613052500000000222e+01
2.275556249999999991e+01
2.069533750000000083e+01
1.771856250000000088e+01
1.563657499999999878e+01
1.471356250000000010e+01
1.375756249999999881e+01
1.338617500000000149e+01
1.363256250000000058e+01
1.488303749999999859e+01
2.951049999999999685e+01
1.195122500000000088e+02
5.110066249999999854e+01
1.086723750000000166e+01
9.960766250000000710e+00
9.441769999999999996e+00
9.230968749999998835e+00
9.313793750000000315e+00
1.012565000000000026e+01
1.325163750000000107e+01
4.025720000000000454e+01
8.279977499999999964e+02
2.948422499999999857e+01
1.280498749999999930e+01
1.292694999999999972e+01
2.384831249999999869e+01
1.045256249999999909e+03
7.419254999999999711e+01
1.445777499999999804e+01
1.131451249999999931e+02
3.455797499999999900e+01
1.800276250000000289e+02
1.790382500000000334e+02
1.779228750000000048e+02
1.767877500000000168e+02
1.759982500000000130e+02
1.750084999999999980e+02
1.738310000000000173e+02
1.722457500000000152e+02
1.710907500000000141e+02
1.701537500000000023e+02
1.690993749999999807e+02
1.674837499999999864e+02
1.658041250000000275e+02
1.642157499999999857e+02
1.625362499999999955e+02
1.607488749999999982e+02
1.595231249999999932e+02
1.582110000000000127e+02
1.566261249999999734e+02
1.550717499999999802e+02
1.511165000000000020e+02
1.467967500000000030e+02
1.434061250000000030e+02
1.397122499999999832e+02
1.357441249999999968e+02
1.309651250000000005e+02
1.264062500000000000e+02
1.230674999999999955e+02
1.174233749999999930e+02
1.073331249999999812e+02
1.003786249999999995e+02
9.830836250000000121e+01
9.675146250000000236e+01
9.576067500000000621e+01
8.703682500000000744e+01
7.661473749999998972e+01
7.388171249999999191e+01
7.249208750000001089e+01
7.052012499999999307e+01
6.591261249999999450e+01
6.186089999999999378e+01
5.360927499999999668e+01
4.497122500000000400e+01
4.305307499999999976e+01
3.990046249999999617e+01
3.578802499999999753e+01
3.273847500000000110e+01
3.054181249999999537e+01
2.956873749999999745e+01
2.756012499999999932e+01
2.642270000000000252e+01
2.568337499999999807e+01
2.429031249999999886e+01
2.260316249999999627e+01
2.150655000000000427e+01
1.975372499999999931e+01
1.740254999999999797e+01
1.613292500000000018e+01
1.497656250000000000e+01
1.367004999999999981e+01
1.244276249999999884e+01
1.134276249999999919e+01
1.044668749999999946e+01
9.736262500000000486e+00
9.503719999999999501e+00
9.269393749999998988e+00
8.829527500000001083e+00
8.525117500000000348e+00
8.360108750000000200e+00
8.252293749999999761e+00
8.131702499999999390e+00
7.793706250000000502e+00
7.430250000000000021e+00
6.983454999999999302e+00
6.626902500000000806e+00
6.450402499999999151e+00
6.473499999999999588e+00
6.504316249999999577e+00
6.518041250000000453e+00
6.534753750000000139e+00
6.554946249999999530e+00
6.611790000000000056e+00
6.679848749999999669e+00
6.725718749999999524e+00
6.817987500000000978e+00
6.890281250000001023e+00
6.963400000000000034e+00
7.094054999999999112e+00
7.197557499999999386e+00
7.241003749999999073e+00
7.258963750000000381e+00
7.279689999999999550e+00
7.331154999999999866e+00
7.412516249999999474e+00
7.500530000000001252e+00
7.554113750000000849e+00
7.568662500000000293e+00
7.575385000000000701e+00
7.575393749999999926e+00
7.566722499999999130e+00
7.486338749999999820e+00
7.208802500000000002e+00
6.936218750000000099e+00
6.693746249999999343e+00
6.039271249999999647e+00
5.380689999999999529e+00
5.032729999999999926e+00
4.840532500000000127e+00
4.920449999999999768e+00
5.036882500000000817e+00
1.283933750000000096e+00
1.287438749999999965e+00
1.283733750000000118e+00
6.425475000000000492e-01
6.330887499999999779e-01
