1.950188750000000137e+00
2.632585000000000175e+00
2.057238750000000227e+00
1.891007499999999952e+00
1.804698750000000018e+00
1.738538749999999800e+00
1.674912499999999804e+00
1.625585000000000058e+00
1.591196249999999868e+00
1.562778750000000105e+00
1.536621250000000050e+00
1.511419999999999986e+00
1.493982499999999991e+00
1.470942500000000042e+00
1.462583749999999849e+00
1.459358749999999816e+00
1.456503749999999986e+00
1.454586249999999747e+00
1.453138749999999924e+00
1.451999999999999957e+00
1.451048750000000220e+00
1.450239999999999974e+00
1.449019999999999975e+00
1.447547499999999765e+00
1.446280000000000010e+00
1.445133750000000106e+00
1.444057499999999994e+00
1.443036250000000020e+00
1.442050000000000054e+00
1.441098750000000095e+00
1.440160000000000329e+00
1.439240000000000075e+00
1.438339999999999952e+00
1.437443750000000131e+00
1.436141250000000147e+00
1.434396250000000039e+00
1.432674999999999921e+00
1.430957500000000104e+00
1.429664999999999964e+00
1.428818750000000026e+00
1.427563750000000020e+00
1.425887499999999974e+00
1.424206250000000118e+00
1.422539999999999916e+00
1.420874999999999888e+00
1.419620000000000104e+00
1.418786249999999916e+00
1.417960000000000109e+00
1.417131250000000176e+00
1.416551250000000373e+00
1.416218749999999638e+00
1.415893749999999951e+00
1.415563750000000010e+00
1.415235000000000021e+00
1.414905000000000079e+00
1.414576249999999868e+00
1.414247499999999658e+00
1.413918749999999891e+00
1.413588749999999727e+00
1.413259999999999739e+00
1.412932499999999925e+00
1.412603749999999936e+00
1.412273749999999772e+00
1.411946250000000180e+00
1.411368749999999839e+00
1.410547500000000065e+00
1.409723749999999942e+00
1.408900000000000041e+00
1.407671249999999930e+00
1.406053749999999880e+00
1.404421250000000176e+00
1.402772499999999978e+00
1.401140000000000052e+00
1.398881250000000076e+00
1.395955000000000057e+00
1.393007499999999954e+00
1.390093749999999906e+00
1.387338749999999843e+00
1.385047499999999987e+00
1.382205000000000128e+00
1.378833750000000080e+00
1.375916249999999952e+00
1.373201250000000151e+00
1.370443749999999961e+00
1.367386249999999803e+00
1.364164999999999850e+00
1.361053749999999951e+00
1.357834999999999903e+00
1.354650000000000132e+00
1.352604999999999835e+00
1.351323749999999935e+00
1.348962499999999842e+00
1.341947499999999849e+00
1.332708750000000109e+00
1.324928749999999988e+00
1.309104999999999963e+00
1.293396249999999803e+00
1.283433749999999929e+00
1.268143750000000125e+00
1.255170000000000119e+00
1.247628750000000064e+00
1.240926250000000008e+00
1.232293749999999966e+00
1.226699999999999902e+00
1.210536250000000091e+00
1.181896250000000093e+00
1.154473750000000187e+00
1.120626249999999935e+00
1.093380000000000019e+00
1.073958750000000073e+00
1.048671250000000166e+00
1.028336250000000174e+00
1.010481249999999998e+00
9.893110000000000515e-01
9.648482500000000739e-01
9.323356250000000012e-01
9.070096250000000415e-01
8.889406250000000398e-01
8.661133750000000742e-01
8.337392499999999318e-01
7.875522500000000647e-01
7.312116249999999207e-01
6.778589999999999893e-01
6.388753750000000231e-01
6.210776249999999665e-01
6.010093750000000679e-01
5.805950000000000832e-01
5.663907500000000539e-01
5.489522500000000305e-01
5.302632499999999638e-01
5.053797499999999054e-01
4.872491250000000051e-01
4.725421250000000351e-01
4.559912499999999591e-01
4.306287500000000046e-01
4.060051250000000778e-01
3.845608750000000242e-01
3.618932499999999997e-01
3.377692500000000764e-01
3.212242499999999890e-01
3.038107500000000183e-01
2.850447500000000134e-01
2.671397500000000091e-01
2.229148749999999846e-01
1.793397500000000200e-01
1.474716250000000228e-01
1.166723749999999948e-01
8.800669999999999327e-02
5.853811250000000299e-02
3.587984999999999786e-02
2.250758750000000225e-02
8.067882499999999915e-03
3.500771249999999613e-03
2.921334999999999904e-02
7.571963749999999216e-02
1.266322500000000018e-01
1.667280000000000151e-01
9.853008750000000759e-01
2.801112499999999894e+00
3.792449999999999655e+00
4.753714999999999691e+00
7.330992500000000689e+00
1.985915000000000319e+01
4.939451249999999050e+01
7.743188750000000482e+02
1.514718749999999936e+01
7.623086250000000064e+00
1.716348749999999868e+01
1.576865000000000183e+00
2.922517500000000155e+02
1.703075000000000117e+01
5.751008749999999736e+01
8.771211250000000348e+01
1.656713749999999763e+01
1.190372500000000144e+01
2.164014999999999844e+01
2.848789999999999623e+01
2.024215000000000231e+01
1.589011249999999720e+01
2.763106250000000585e+01
2.016327499999999873e+01
2.689511249999999976e+01
2.088521249999999796e+01
1.748966250000000144e+01
1.525753750000000153e+01
1.327151250000000182e+01
1.183031250000000156e+01
1.137170000000000059e+01
1.092528749999999960e+01
1.011298750000000091e+01
9.617718750000001648e+00
9.367156249999998963e+00
9.116256249999999284e+00
8.764288750000000405e+00
8.051000000000000156e+00
7.447422500000000056e+00
6.883286250000001161e+00
6.356711250000000923e+00
6.051893749999999628e+00
5.997853750000000872e+00
6.001742500000000646e+00
6.039473749999999086e+00
6.085427499999999768e+00
6.140938750000000113e+00
6.232150000000000745e+00
6.323476250000000576e+00
6.385026249999999237e+00
6.487664999999999793e+00
6.561613750000000245e+00
6.508853750000000105e+00
6.132889999999999731e+00
6.031665000000000276e+00
6.039469999999999672e+00
6.044825000000000337e+00
6.049939999999999429e+00
6.059136249999999890e+00
6.059351249999999744e+00
6.036886249999999343e+00
6.004981249999999271e+00
5.973000000000000753e+00
5.944133750000000660e+00
5.899557500000000232e+00
5.839900000000000091e+00
5.560998750000000435e+00
5.055997500000000144e+00
4.604454999999999742e+00
4.258095000000000852e+00
3.443891250000000070e+00
2.736098750000000024e+00
2.320316250000000302e+00
2.050058749999999819e+00
2.213308749999999936e+00
2.547828749999999864e+00
7.064574999999999605e-01
7.144699999999999385e-01
7.198225000000000318e-01
3.547837500000000088e-01
3.418424999999999936e-01
