2.824066249999999911e+01
3.362440000000000140e+01
2.296963750000000104e+01
1.934936249999999802e+01
1.727501249999999899e+01
1.554036250000000052e+01
1.369581249999999883e+01
1.210388750000000080e+01
1.085843749999999908e+01
9.707537500000000819e+00
8.523002500000000481e+00
7.187406250000000441e+00
6.111038750000000519e+00
4.273970000000000269e+00
3.442600000000000104e+00
3.060566249999999933e+00
2.698106249999999928e+00
2.441913749999999883e+00
2.244542499999999663e+00
2.089722500000000149e+00
1.962958749999999863e+00
1.858612500000000001e+00
1.709297499999999914e+00
1.544615000000000071e+00
1.420427499999999954e+00
1.323278750000000059e+00
1.241813749999999938e+00
1.174126250000000038e+00
1.116627499999999884e+00
1.067890000000000006e+00
1.023767499999999941e+00
9.851384999999999170e-01
9.502412500000000373e-01
9.186643750000000885e-01
8.786992500000000428e-01
8.317118749999999894e-01
7.916031250000000741e-01
7.571738750000001072e-01
7.311752499999999433e-01
7.163169999999999815e-01
6.974772500000000486e-01
6.724098750000000457e-01
6.497762499999999442e-01
6.300277499999998865e-01
6.107755000000000267e-01
5.982508749999999598e-01
5.902397499999999519e-01
5.823028749999999976e-01
5.743636250000000443e-01
5.691650000000000320e-01
5.667254999999999932e-01
5.643291249999999870e-01
5.618978749999999911e-01
5.594671250000000651e-01
5.570532499999999443e-01
5.546247499999998887e-01
5.521953750000000438e-01
5.497888749999999547e-01
5.473593749999999813e-01
5.449507500000000393e-01
5.425283750000000627e-01
5.401065000000000449e-01
5.376783750000000417e-01
5.352618749999999981e-01
5.310092499999999882e-01
5.249686249999999665e-01
5.189218749999999769e-01
5.128542500000000670e-01
5.053437499999999805e-01
4.964911249999999776e-01
4.875733749999999755e-01
4.785586250000000152e-01
4.696238749999999684e-01
4.589516250000000297e-01
4.463782499999999764e-01
4.337679999999999869e-01
4.229126250000000420e-01
4.133526249999999735e-01
4.053960000000000341e-01
3.973743750000000019e-01
3.889622499999999539e-01
3.816844999999999821e-01
3.749152500000000332e-01
3.680387500000000256e-01
3.604121250000000276e-01
3.523756249999999701e-01
3.446626250000000002e-01
3.384185000000000110e-01
3.331224999999999881e-01
3.297236250000000202e-01
3.275932499999999470e-01
3.236707499999999516e-01
3.120057499999999706e-01
2.982400000000000051e-01
2.887851249999999759e-01
2.709067499999999740e-01
2.556901249999999903e-01
2.476539999999999853e-01
2.366789999999999727e-01
2.273629999999999818e-01
2.226139999999999786e-01
2.189902499999999974e-01
2.143249999999999877e-01
2.113018750000000001e-01
2.031648750000000225e-01
1.907673750000000168e-01
1.805894999999999861e-01
1.701766250000000258e-01
1.626062500000000077e-01
1.573427500000000034e-01
1.516243749999999779e-01
1.472896250000000073e-01
1.434902499999999859e-01
1.395461249999999931e-01
1.353296249999999812e-01
1.299588750000000015e-01
1.262464999999999837e-01
1.236420000000000019e-01
1.205878749999999971e-01
1.167030000000000012e-01
1.112969999999999932e-01
1.055132499999999890e-01
1.006536249999999966e-01
9.749984999999998514e-02
9.605999999999999261e-02
9.443648749999998537e-02
9.278493749999999762e-02
9.163583749999999750e-02
9.026531250000000006e-02
8.902201249999998345e-02
8.740065000000001028e-02
8.621928749999999142e-02
8.526101250000001075e-02
8.418257500000000948e-02
8.253001250000001343e-02
8.102342499999999614e-02
7.982238750000000826e-02
7.855337499999999473e-02
7.720282500000000270e-02
7.627657499999998536e-02
7.531046250000000830e-02
7.433773750000000069e-02
7.342666250000000339e-02
7.119428750000000861e-02
6.906015000000000070e-02
6.752117500000000272e-02
6.604421250000000465e-02
6.465408749999999871e-02
6.317395000000000649e-02
6.194817500000000116e-02
6.114850000000000146e-02
6.001431249999999995e-02
5.846272500000000011e-02
5.743257499999999266e-02
5.698727499999999696e-02
5.685634999999999994e-02
5.686136249999999837e-02
6.074728750000000371e-02
7.082918750000000152e-02
7.625535000000001340e-02
8.141661249999998518e-02
9.455793749999999442e-02
1.523597500000000160e-01
2.750153750000000064e-01
2.422919999999999963e+00
3.115833750000000096e-02
3.100703749999999745e-02
1.615746249999999939e+00
2.528253750000000050e-02
4.615602500000000608e-01
2.590521250000000011e-02
9.474153750000000596e-01
4.587475000000000303e-01
5.445246249999999809e-03
2.919788750000000266e-01
2.775923750000000023e-01
1.639207499999999762e-01
2.696483749999999957e-01
1.162243750000000048e-01
1.333584999999999909e-01
1.083276874999999917e-01
1.207591250000000088e-01
1.026321249999999907e-01
8.337157500000000332e-02
7.288073750000000073e-02
6.516820000000000945e-02
6.022683750000000502e-02
5.869763749999999669e-02
5.716801249999999696e-02
5.424534999999999774e-02
5.232112500000000305e-02
5.129958750000000040e-02
5.034056249999999816e-02
4.929001249999999390e-02
4.676338750000000322e-02
4.358457500000000040e-02
4.033377499999999533e-02
3.681052499999999672e-02
3.483334999999999904e-02
3.442991249999999975e-02
3.444186249999999644e-02
3.476390000000000036e-02
3.515608750000000227e-02
3.562984999999999763e-02
3.657128750000000067e-02
3.759068750000000431e-02
3.827771250000000514e-02
3.989257499999999956e-02
4.122903750000000284e-02
3.960312499999999597e-02
3.062932500000000238e-02
2.714856250000000082e-02
2.648308750000000211e-02
2.602624999999999730e-02
2.566200000000000078e-02
2.526863750000000325e-02
2.499891249999999787e-02
2.514852499999999796e-02
2.551870000000000180e-02
2.588424999999999754e-02
2.480263749999999864e-02
2.328585000000000377e-02
2.242197500000000024e-02
1.930958750000000279e-02
1.819967500000000196e-02
1.540723750000000045e-02
1.282212500000000019e-02
7.970078749999999837e-03
5.096458750000000364e-03
3.361047499999999990e-03
1.542212500000000007e-03
7.614870000000000362e-04
8.254346249999999947e-04
2.402312500000000151e-04
2.345458749999999848e-04
2.107236250000000047e-04
6.718999999999999875e-05
4.168087500000000096e-05
