3.019085000000000107e+01
3.625698750000000103e+01
2.502687500000000043e+01
2.124033749999999898e+01
1.907971249999999941e+01
1.727893749999999784e+01
1.537072500000000019e+01
1.372948749999999762e+01
1.244965000000000011e+01
1.127031250000000107e+01
1.005962500000000048e+01
8.698827500000000157e+00
7.605021250000000066e+00
5.744913749999999375e+00
4.905186249999999859e+00
4.519925000000000637e+00
4.154609999999999914e+00
3.896497499999999725e+00
3.697680000000000078e+00
3.541723750000000503e+00
3.414007499999999862e+00
3.308847500000000164e+00
3.158317500000000333e+00
2.992162499999999614e+00
2.866708749999999473e+00
2.768413750000000118e+00
2.685873749999999838e+00
2.617164999999999964e+00
2.558677499999999938e+00
2.508988750000000323e+00
2.463926250000000095e+00
2.424381250000000154e+00
2.388577499999999798e+00
2.356106249999999847e+00
2.314839999999999787e+00
2.266106249999999989e+00
2.224277499999999907e+00
2.188131249999999639e+00
2.160842500000000221e+00
2.145136249999999745e+00
2.125038750000000309e+00
2.098298749999999657e+00
2.073982500000000062e+00
2.052566249999999926e+00
2.031651249999999909e+00
2.017871250000000227e+00
2.009024999999999839e+00
2.000261250000000324e+00
1.991493749999999840e+00
1.985718749999999977e+00
1.982946249999999688e+00
1.980223750000000171e+00
1.977462500000000123e+00
1.974700000000000122e+00
1.971960000000000157e+00
1.969201250000000014e+00
1.966441249999999918e+00
1.963707499999999939e+00
1.960948749999999796e+00
1.958211250000000181e+00
1.955459999999999976e+00
1.952711250000000121e+00
1.949951250000000247e+00
1.947206250000000027e+00
1.942376250000000137e+00
1.935513750000000144e+00
1.928647499999999848e+00
1.921754999999999658e+00
1.913012500000000005e+00
1.902544999999999931e+00
1.891994999999999871e+00
1.881329999999999947e+00
1.870763749999999837e+00
1.857833749999999728e+00
1.842332499999999706e+00
1.826776249999999990e+00
1.813004999999999978e+00
1.800692500000000029e+00
1.790446249999999795e+00
1.779580000000000162e+00
1.767795000000000005e+00
1.757601250000000226e+00
1.748117500000000213e+00
1.738483750000000105e+00
1.727798750000000050e+00
1.716541249999999907e+00
1.705717499999999776e+00
1.696254999999999846e+00
1.687773750000000073e+00
1.682329999999999881e+00
1.678918750000000237e+00
1.672635000000000094e+00
1.653952499999999937e+00
1.630949999999999900e+00
1.613713749999999836e+00
1.580012500000000042e+00
1.549087499999999951e+00
1.531085000000000029e+00
1.504823750000000127e+00
1.482533749999999984e+00
1.470243749999999849e+00
1.459917499999999757e+00
1.446616250000000159e+00
1.438002499999999850e+00
1.413701250000000131e+00
1.372662499999999897e+00
1.335062499999999819e+00
1.290801250000000122e+00
1.255987500000000034e+00
1.231303749999999919e+00
1.200294999999999890e+00
1.175624999999999920e+00
1.153971250000000115e+00
1.128857500000000069e+00
1.100178749999999983e+00
1.062293750000000259e+00
1.033254999999999812e+00
1.012583750000000116e+00
9.867015000000000091e-01
9.504422500000000440e-01
8.988492500000000440e-01
8.367248750000000346e-01
7.785126249999999581e-01
7.363752499999999257e-01
7.171374999999999833e-01
6.954458749999999911e-01
6.733798749999999611e-01
6.580266249999999761e-01
6.392176250000000115e-01
6.192851249999999919e-01
5.927803750000000260e-01
5.734683750000000302e-01
5.578028750000000313e-01
5.401738750000000255e-01
5.131586249999999794e-01
4.870283750000000134e-01
4.643832500000000252e-01
4.404467500000000535e-01
4.149723749999999489e-01
3.975008749999999758e-01
3.791211249999999477e-01
3.593824999999999936e-01
3.405663749999999768e-01
2.941091250000000268e-01
2.484000000000000097e-01
2.149927500000000102e-01
1.827162499999999690e-01
1.526607499999999840e-01
1.217120000000000007e-01
9.782801249999999171e-02
8.365608750000000371e-02
6.808219999999999550e-02
6.196348750000000433e-02
8.664593749999999206e-02
1.327069999999999916e-01
1.834884999999999988e-01
2.235894999999999966e-01
1.046048749999999972e+00
2.871942500000000287e+00
3.868701250000000424e+00
4.835133749999999786e+00
7.425550000000000317e+00
2.001150000000000162e+01
4.966953749999999701e+01
7.767418749999999363e+02
1.517833749999999959e+01
7.654093749999999474e+00
1.877922500000000028e+01
1.602146250000000105e+00
2.927131249999999909e+02
1.705667499999999848e+01
5.845754999999999768e+01
8.817087499999998101e+01
1.657258750000000092e+01
1.219568750000000179e+01
2.191775000000000162e+01
2.865181249999999835e+01
2.051180000000000092e+01
1.600632500000000036e+01
2.776443750000000321e+01
2.027161249999999981e+01
2.701587500000000119e+01
2.098786250000000209e+01
1.757302499999999768e+01
1.533044999999999902e+01
1.333668750000000180e+01
1.189052500000000023e+01
1.143038750000000014e+01
1.098245000000000182e+01
1.016722500000000018e+01
9.670041250000000588e+00
9.418456249999998420e+00
9.166593750000000540e+00
8.813578750000001349e+00
8.097765000000000768e+00
7.491006249999999866e+00
6.923621250000000060e+00
6.393522499999999553e+00
6.086727500000000290e+00
6.032283750000000389e+00
6.036183750000000181e+00
6.074240000000000528e+00
6.120581249999999862e+00
6.176567499999999988e+00
6.268722499999999975e+00
6.361067499999999875e+00
6.423303750000000534e+00
6.527560000000001139e+00
6.602843749999999901e+00
6.673487500000000239e+00
6.788311250000000463e+00
6.883677500000001004e+00
6.933317500000000244e+00
6.967392499999999878e+00
7.002628750000000402e+00
7.077123749999999269e+00
7.174811249999999418e+00
7.250162500000000065e+00
7.291955000000001519e+00
7.313686249999999944e+00
7.322745000000000282e+00
7.325686250000000399e+00
7.330830000000000624e+00
7.297942499999999555e+00
7.110481250000000308e+00
6.883261250000000331e+00
6.645012499999999989e+00
5.898308750000000877e+00
5.120359999999998912e+00
4.651580000000000048e+00
4.365838749999999990e+00
4.506268750000000267e+00
4.783278750000000024e+00
1.259108749999999999e+00
1.266849999999999810e+00
1.271661250000000187e+00
6.290287500000000254e-01
6.144150000000000444e-01
