1.147122500000000045e+00
1.365913750000000038e+00
9.330883749999999699e-01
7.860241249999999624e-01
7.017586249999999692e-01
6.312936249999999694e-01
5.563631250000000694e-01
4.916958750000000045e-01
4.411032500000000023e-01
3.943517500000000009e-01
3.462343749999999831e-01
2.919788750000000266e-01
2.482525000000000148e-01
1.736287499999999984e-01
1.398587500000000039e-01
1.243451250000000008e-01
1.096189999999999942e-01
9.921212499999999823e-02
9.119882499999998338e-02
8.491287499999998489e-02
7.976274999999999338e-02
7.552260000000000917e-02
6.945989999999999109e-02
6.277401250000000377e-02
5.773222499999999813e-02
5.378581250000000202e-02
5.047955000000000497e-02
4.773261250000000039e-02
4.539872500000000088e-02
4.341955000000000120e-02
4.162861250000000207e-02
4.006118749999999784e-02
3.864552500000000002e-02
3.736483749999999771e-02
3.574604999999999450e-02
3.385538750000000041e-02
3.223758749999999784e-02
3.084123749999999678e-02
2.978680000000000216e-02
2.918405000000000304e-02
2.841958750000000283e-02
2.740240000000000037e-02
2.652396250000000136e-02
2.580402500000000474e-02
2.508532500000000207e-02
2.454106249999999517e-02
2.417843750000000028e-02
2.381920000000000218e-02
2.345982500000000012e-02
2.322986250000000363e-02
2.313021250000000043e-02
2.303233750000000316e-02
2.293300000000000199e-02
2.283374999999999988e-02
2.273513749999999875e-02
2.263596249999999532e-02
2.253673749999999740e-02
2.243844999999999867e-02
2.233921249999999692e-02
2.224082499999999879e-02
2.214186250000000147e-02
2.204296250000000248e-02
2.194378750000000253e-02
2.184507499999999852e-02
2.167138750000000350e-02
2.142463749999999612e-02
2.117766249999999961e-02
2.092986250000000020e-02
2.062457499999999916e-02
2.026602500000000001e-02
1.990482499999999752e-02
1.953967499999999941e-02
1.917779999999999832e-02
1.877126250000000010e-02
1.831442499999999529e-02
1.785407500000000050e-02
1.739746250000000216e-02
1.696538749999999818e-02
1.660577499999999970e-02
1.626562499999999883e-02
1.592528749999999951e-02
1.563087499999999894e-02
1.535707499999999955e-02
1.507886249999999990e-02
1.477035000000000153e-02
1.444522500000000251e-02
1.413323749999999962e-02
1.388043750000000041e-02
1.366588750000000130e-02
1.352820000000000064e-02
1.344191250000000178e-02
1.328302500000000039e-02
1.281050000000000071e-02
1.225340000000000110e-02
1.187152499999999909e-02
1.115106249999999952e-02
1.054114999999999913e-02
1.021923750000000054e-02
9.779527500000001136e-03
9.406281250000000579e-03
9.216121250000000598e-03
9.071142500000000525e-03
8.884466250000000453e-03
8.763522500000000756e-03
8.447259999999999838e-03
7.991472500000000936e-03
7.561232499999999065e-03
7.123417500000000548e-03
6.821306249999999939e-03
6.611317499999999972e-03
6.383691250000001101e-03
6.211285000000000417e-03
6.060287499999999876e-03
5.912834999999999966e-03
5.761690000000000735e-03
5.558768749999999995e-03
5.396593749999999481e-03
5.280502500000000023e-03
5.154717500000000237e-03
5.015881250000000548e-03
4.815986249999999400e-03
4.561322500000001071e-03
4.349333749999999971e-03
4.220675000000000121e-03
4.161932499999999868e-03
4.095703750000000490e-03
4.028328749999999028e-03
3.981450000000000093e-03
3.925356249999999506e-03
3.873428750000000413e-03
3.805523749999999931e-03
3.756046249999999732e-03
3.715912499999999771e-03
3.670746249999999773e-03
3.601534999999999893e-03
3.537556250000000162e-03
3.485492500000000361e-03
3.430476249999999880e-03
3.371922500000000458e-03
3.331766250000000196e-03
3.290012500000000315e-03
3.249029999999999974e-03
3.210928749999999651e-03
3.113983749999999461e-03
3.008106250000000276e-03
2.930618749999999890e-03
2.861663750000000440e-03
2.789876250000000030e-03
2.704158750000000382e-03
2.639238749999999953e-03
2.596842499999999984e-03
2.525176249999999938e-03
2.397056250000000142e-03
2.283626249999999840e-03
2.210851249999999657e-03
2.156121250000000295e-03
2.121292500000000487e-03
1.902958749999999989e-03
1.697868750000000202e-03
1.646347499999999998e-03
1.614391250000000045e-03
1.563018750000000042e-03
1.444143749999999985e-03
1.358513750000000251e-03
1.639406250000000065e-01
9.200958750000000075e-01
8.743932500000001218e-01
8.018589999999998774e-01
7.117502499999999177e-01
6.475773750000000106e-01
6.013081249999999711e-01
5.802381249999999380e-01
5.363852500000000356e-01
5.102378749999999519e-01
4.927937500000000304e-01
4.599242500000000344e-01
4.179915000000000158e-01
3.893468749999999812e-01
3.408768750000000236e-01
2.724698750000000280e-01
2.342185000000000517e-01
2.004363750000000000e-01
1.645722499999999755e-01
1.322395000000000098e-01
1.042438750000000136e-01
8.532756249999999543e-02
7.195695000000000563e-02
6.796243750000001416e-02
6.452932499999999849e-02
5.857837500000000197e-02
5.523182500000000522e-02
5.365423750000000019e-02
5.223848749999999291e-02
5.032953750000000032e-02
4.718132500000001006e-02
4.493033750000000048e-02
4.342948749999999553e-02
4.312044999999999767e-02
2.948879999999999904e-02
2.236101249999999929e-02
2.049731249999999991e-02
1.980756250000000052e-02
1.900663749999999957e-02
1.815960000000000144e-02
1.776023750000000137e-02
1.782009999999999844e-02
1.786051249999999826e-02
1.794172500000000212e-02
1.800537499999999708e-02
1.797357500000000205e-02
1.662296250000000128e-02
1.511322500000000096e-02
1.437238750000000009e-02
1.388728750000000137e-02
1.354251250000000108e-02
1.335584999999999897e-02
1.309190000000000006e-02
1.294626249999999978e-02
1.292331250000000077e-02
1.288226249999999823e-02
1.283349999999999942e-02
1.279556249999999964e-02
1.273302499999999851e-02
1.253822500000000180e-02
1.179792500000000077e-02
1.084032499999999961e-02
1.014649999999999927e-02
7.456497500000000903e-03
4.224150000000000300e-03
2.348133750000000117e-03
7.057572500000000842e-04
3.064394999999999923e-04
6.053842500000000204e-04
2.526687499999999854e-04
2.502783750000000108e-04
2.419154999999999982e-04
1.151933749999999989e-04
1.151323750000000007e-04
