6.340500000000000469e+00
8.175567499999999654e+00
6.115928750000000136e+00
5.482392499999999558e+00
5.141090000000000160e+00
4.870978749999999913e+00
4.601672500000000277e+00
4.384788750000000235e+00
4.227306249999999821e+00
4.091891250000000646e+00
3.962018749999999478e+00
3.829021250000000265e+00
3.730912499999999632e+00
3.585129999999999928e+00
3.526110000000000078e+00
3.501255000000000450e+00
3.478617500000000362e+00
3.463233749999999667e+00
3.451726250000000551e+00
3.442906249999999613e+00
3.435808750000000078e+00
3.430067500000000269e+00
3.422000000000000153e+00
3.413289999999999935e+00
3.406856249999999697e+00
3.401905000000000179e+00
3.397807499999999870e+00
3.394444999999999713e+00
3.391612499999999919e+00
3.389233750000000711e+00
3.387090000000000156e+00
3.385231249999999914e+00
3.383559999999999679e+00
3.382056249999999764e+00
3.380166249999999817e+00
3.377972500000000711e+00
3.376110000000000166e+00
3.374515000000000153e+00
3.373313749999999889e+00
3.372626250000000603e+00
3.371765000000000345e+00
3.370613749999999520e+00
3.369627500000000442e+00
3.368826249999999689e+00
3.368025000000000269e+00
3.367418749999999683e+00
3.367015000000000313e+00
3.366615000000000801e+00
3.366212499999999608e+00
3.365960000000000285e+00
3.365850000000000897e+00
3.365739999999999732e+00
3.365629999999999900e+00
3.365520000000000067e+00
3.365413750000000093e+00
3.365306250000000166e+00
3.365198750000000683e+00
3.365089999999999471e+00
3.364979999999999638e+00
3.364869999999999806e+00
3.364759999999999973e+00
3.364651250000000537e+00
3.364542499999999769e+00
3.364436250000000683e+00
3.364244999999999486e+00
3.363973750000000429e+00
3.363701250000000531e+00
3.363430000000000586e+00
3.363097499999999851e+00
3.362703750000000102e+00
3.362309999999999910e+00
3.361912500000000747e+00
3.361517499999999714e+00
3.361075000000000479e+00
3.360583749999999981e+00
3.360084999999999766e+00
3.359590000000000298e+00
3.359122500000000233e+00
3.358733750000000740e+00
3.358370000000000299e+00
3.358005000000000351e+00
3.357691250000000238e+00
3.357398749999999765e+00
3.357101249999999482e+00
3.356768750000000079e+00
3.356422499999999864e+00
3.356090000000000018e+00
3.355821250000000422e+00
3.355592499999999756e+00
3.355450000000000266e+00
3.355356250000000706e+00
3.355188749999999942e+00
3.354685000000000361e+00
3.354098749999999463e+00
3.353695000000000093e+00
3.352934999999999999e+00
3.352293749999999850e+00
3.351958749999999654e+00
3.351498750000000193e+00
3.351109999999999367e+00
3.350909999999999389e+00
3.350760000000000627e+00
3.350563750000000507e+00
3.350439999999999419e+00
3.350110000000000365e+00
3.349640000000000395e+00
3.349192500000000017e+00
3.348739999999999828e+00
3.348430000000000017e+00
3.348210000000000797e+00
3.347978750000000225e+00
3.347799999999999887e+00
3.347642499999999188e+00
3.347490000000000077e+00
3.347339999999999538e+00
3.347129999999999939e+00
3.346963749999999571e+00
3.346843750000000117e+00
3.346720000000000361e+00
3.346569999999999823e+00
3.346369999999999845e+00
3.346109999999999918e+00
3.345890000000000253e+00
3.345759999999999401e+00
3.345700000000000340e+00
3.345632499999999787e+00
3.345567499999999583e+00
3.345520000000000049e+00
3.345459999999999656e+00
3.345410000000000661e+00
3.345340000000000202e+00
3.345289999999999431e+00
3.345250000000000057e+00
3.345199999999999285e+00
3.345130000000000603e+00
3.345070000000000210e+00
3.345009999999999373e+00
3.344959999999999933e+00
3.344899999999999540e+00
3.344860000000000166e+00
3.344814999999999650e+00
3.344770000000000021e+00
3.344735000000000014e+00
3.344639999999999169e+00
3.344529999999999337e+00
3.344450000000001033e+00
3.344380000000000575e+00
3.344310000000000116e+00
3.344219999999999970e+00
3.344153749999999370e+00
3.344110000000000138e+00
3.344040000000000123e+00
3.343910000000000604e+00
3.343797499999999978e+00
3.343720000000000248e+00
3.343669999999999920e+00
3.343630000000000546e+00
3.343409999999999549e+00
3.343199999999999950e+00
3.343150000000000510e+00
3.343119999999999425e+00
3.343070000000000430e+00
3.342950000000000976e+00
3.342860000000000831e+00
4.746561250000000065e+00
1.135322499999999835e+01
1.099634999999999962e+01
1.041361249999999927e+01
9.664916250000000986e+00
9.124702499999999716e+00
8.737387500000000529e+00
8.573111250000000183e+00
8.236091249999999420e+00
8.052872499999999434e+00
7.936379999999999768e+00
7.716885000000000439e+00
7.464287500000000186e+00
7.308752500000000651e+00
7.084148750000000661e+00
6.828482499999999789e+00
6.728230000000000821e+00
6.674595000000000056e+00
6.654403750000000173e+00
6.713053749999999376e+00
6.803051249999999328e+00
6.962629999999999875e+00
7.124422499999999658e+00
7.186056250000000922e+00
7.256592500000000001e+00
7.396553749999998928e+00
7.491977500000000845e+00
7.543501250000000269e+00
7.596030000000001614e+00
7.674796249999999986e+00
7.760634999999999728e+00
7.773366250000000477e+00
7.764733750000000434e+00
7.708395000000000330e+00
7.598317500000001168e+00
7.460581250000000608e+00
7.377240000000000464e+00
7.345886249999999507e+00
7.309361250000000254e+00
7.270362500000000061e+00
7.206601250000000292e+00
7.142578749999998422e+00
7.099429999999999907e+00
7.012640000000000207e+00
6.944638749999999305e+00
6.876796249999999944e+00
6.759853749999999550e+00
6.667848750000000102e+00
6.623881250000000165e+00
6.594687500000000036e+00
6.560769999999999769e+00
6.475877500000000175e+00
6.342718749999999517e+00
6.204395000000000771e+00
6.099524999999999864e+00
6.014911249999999932e+00
5.941900000000000404e+00
5.886558750000000728e+00
5.798542499999999933e+00
5.533186249999999973e+00
5.063247500000000123e+00
4.721691250000000117e+00
4.504041250000000218e+00
4.103222500000000217e+00
3.883606250000000149e+00
3.850938749999999633e+00
3.927212499999999551e+00
4.134376249999999864e+00
4.410241250000000335e+00
1.133459999999999912e+00
1.132911250000000036e+00
1.122644999999999893e+00
5.492362499999999814e-01
5.412900000000000489e-01
