5.193387500000000045e+00
6.809656250000000632e+00
5.182838750000000161e+00
4.696369999999999933e+00
4.439329999999999998e+00
4.239684999999999704e+00
4.045307499999999834e+00
3.893091249999999892e+00
3.786203750000000312e+00
3.697538750000000540e+00
3.615783749999999852e+00
3.537041250000000137e+00
3.482662499999999994e+00
3.411502499999999660e+00
3.386250000000000426e+00
3.376910000000000078e+00
3.368999999999999773e+00
3.364021249999999963e+00
3.360527500000000334e+00
3.357992500000000380e+00
3.356046249999999898e+00
3.354543749999999935e+00
3.352541250000000250e+00
3.350517499999999593e+00
3.349122499999999558e+00
3.348118750000000254e+00
3.347328749999999520e+00
3.346710000000000740e+00
3.346209999999999685e+00
3.345810000000000173e+00
3.345459999999999656e+00
3.345169999999999977e+00
3.344913749999999908e+00
3.344689999999999941e+00
3.344419999999999948e+00
3.344120000000000203e+00
3.343869999999999454e+00
3.343673749999999778e+00
3.343524999999999636e+00
3.343440000000000634e+00
3.343340000000000423e+00
3.343209999999999571e+00
3.343102500000000088e+00
3.343019999999999659e+00
3.342939999999999579e+00
3.342880000000000518e+00
3.342839999999999367e+00
3.342798750000000041e+00
3.342751249999999619e+00
3.342729999999999979e+00
3.342719999999999914e+00
3.342709999999999848e+00
3.342700000000000227e+00
3.342690000000000605e+00
3.342680000000000540e+00
3.342669999999999142e+00
3.342659999999999521e+00
3.342649999999999455e+00
3.342639999999999834e+00
3.342630000000000212e+00
3.342620000000000147e+00
3.342610000000000081e+00
3.342600000000000460e+00
3.342590000000000394e+00
3.342569999999999375e+00
3.342549999999999688e+00
3.342519999999999936e+00
3.342500000000000249e+00
3.342469999999999608e+00
3.342439999999999856e+00
3.342407500000000198e+00
3.342369999999999397e+00
3.342340000000000089e+00
3.342306250000000478e+00
3.342269999999999630e+00
3.342230000000000256e+00
3.342189999999999550e+00
3.342159999999999798e+00
3.342130000000000489e+00
3.342099999999999405e+00
3.342079999999999718e+00
3.342060000000000031e+00
3.342040000000000344e+00
3.342020000000000657e+00
3.341999999999999638e+00
3.341979999999999951e+00
3.341959999999999820e+00
3.341940000000000577e+00
3.341930000000000511e+00
3.341920000000000890e+00
3.341909999999999492e+00
3.341899999999999427e+00
3.341880000000000184e+00
3.341840000000000366e+00
3.341819999999999347e+00
3.341779999999999973e+00
3.341750000000000664e+00
3.341740000000000599e+00
3.341719999999999580e+00
3.341699999999999893e+00
3.341689999999999827e+00
3.341689999999999827e+00
3.341680000000000206e+00
3.341680000000000206e+00
3.341660000000000519e+00
3.341650000000000453e+00
3.341629999999999434e+00
3.341619999999999369e+00
3.341609999999999747e+00
3.341600000000000126e+00
3.341590000000000060e+00
3.341590000000000060e+00
3.341579999999999995e+00
3.341579999999999995e+00
3.341579999999999995e+00
3.341570000000000373e+00
3.341570000000000373e+00
3.341560000000000308e+00
3.341560000000000308e+00
3.341560000000000308e+00
3.341549999999998910e+00
3.341549999999998910e+00
3.341540000000001065e+00
3.341540000000001065e+00
3.341540000000001065e+00
3.341540000000001065e+00
3.341540000000001065e+00
3.341540000000001065e+00
3.341532499999999573e+00
3.341529999999999667e+00
3.341529999999999667e+00
3.341529999999999667e+00
3.341529999999999667e+00
3.341529999999999667e+00
3.341529999999999667e+00
3.341529999999999667e+00
3.341529999999999667e+00
3.341529999999999667e+00
3.341529999999999667e+00
3.341529999999999667e+00
3.341529999999999667e+00
3.341519999999999602e+00
3.341519999999999602e+00
3.341519999999999602e+00
3.341519999999999602e+00
3.341519999999999602e+00
3.341519999999999602e+00
3.341519999999999602e+00
3.341519999999999602e+00
3.341519999999999602e+00
3.341519999999999602e+00
3.341509999999999980e+00
3.341509999999999980e+00
3.341509999999999980e+00
3.341509999999999980e+00
3.341509999999999980e+00
3.341509999999999980e+00
3.341509999999999980e+00
3.341509999999999980e+00
3.341509999999999980e+00
3.341509999999999980e+00
3.341509999999999980e+00
3.341499999999999915e+00
3.341499999999999915e+00
4.582622499999999377e+00
1.043311250000000001e+01
1.012196250000000042e+01
9.611752500000001476e+00
8.953166249999998882e+00
8.477126249999999530e+00
8.136078749999999360e+00
7.992872499999998936e+00
7.699708749999999213e+00
7.542635000000000645e+00
7.443587499999999579e+00
7.256961250000000696e+00
7.046293750000000244e+00
6.919406250000000647e+00
6.743273750000000177e+00
6.556011250000000068e+00
6.494012500000001076e+00
6.474156249999999169e+00
6.489833749999998957e+00
6.580812500000000398e+00
6.698806250000000517e+00
6.877303750000000271e+00
7.052464999999999762e+00
7.118091249999999981e+00
7.192063749999999089e+00
7.337974999999999248e+00
7.436742499999999367e+00
7.489849999999998786e+00
7.543791249999999060e+00
7.624468750000000128e+00
7.713452499999999823e+00
7.728434999999999278e+00
7.721303750000000576e+00
7.665272499999999489e+00
7.401000000000000689e+00
7.058581250000000473e+00
6.862882500000000441e+00
6.786450000000000315e+00
6.696552500000000130e+00
6.597760000000000957e+00
6.492503750000000906e+00
6.413364999999999760e+00
6.360034999999998995e+00
6.252756249999999127e+00
6.168703749999999708e+00
6.087305000000000632e+00
5.946408749999999799e+00
5.799042499999999656e+00
5.718642499999999629e+00
5.664872499999999533e+00
5.607256249999999831e+00
5.477968749999999609e+00
5.267491249999999958e+00
5.053697500000000176e+00
4.899866249999999646e+00
4.778528750000000436e+00
4.675283750000000182e+00
4.596346249999999856e+00
4.469198749999999443e+00
4.098206249999999606e+00
3.469867499999999882e+00
3.037980000000000125e+00
2.754764999999999908e+00
2.230925000000000047e+00
1.938252500000000156e+00
1.911119999999999930e+00
2.089189999999999880e+00
2.419275000000000286e+00
2.572318749999999987e+00
6.993700000000000472e-01
7.067862499999999493e-01
7.070212499999999345e-01
3.471624999999999850e-01
3.387974999999999737e-01
