2.835258749999999850e+01
3.835255000000000081e+01
3.001990000000000336e+01
2.761583750000000137e+01
2.636777500000000174e+01
2.541053749999999667e+01
2.448841250000000258e+01
2.377131250000000051e+01
2.326855000000000118e+01
2.284934999999999761e+01
2.245796250000000072e+01
2.206788749999999766e+01
2.178163750000000221e+01
2.130705000000000027e+01
2.105877500000000069e+01
2.090801249999999811e+01
2.072836250000000291e+01
2.056586250000000149e+01
2.041116249999999965e+01
2.026393750000000082e+01
2.012121249999999861e+01
1.998287500000000350e+01
1.974872500000000031e+01
1.942799999999999727e+01
1.912288750000000093e+01
1.883115000000000094e+01
1.855002500000000154e+01
1.828008750000000049e+01
1.802108749999999660e+01
1.777333750000000023e+01
1.753241249999999951e+01
1.730177500000000279e+01
1.707916249999999891e+01
1.686361250000000211e+01
1.656468749999999801e+01
1.618182499999999990e+01
1.582812500000000000e+01
1.549808750000000046e+01
1.524888749999999860e+01
1.509823750000000153e+01
1.489267499999999878e+01
1.461918749999999889e+01
1.436438749999999764e+01
1.413288750000000071e+01
1.390647500000000036e+01
1.375571249999999957e+01
1.365862500000000246e+01
1.356245000000000012e+01
1.346627499999999955e+01
1.340369999999999884e+01
1.337504999999999988e+01
1.334690000000000154e+01
1.331834999999999880e+01
1.328978749999999920e+01
1.326142499999999913e+01
1.323292499999999983e+01
1.320437499999999886e+01
1.317609999999999992e+01
1.314756250000000115e+01
1.311929999999999907e+01
1.309082500000000238e+01
1.306238750000000159e+01
1.303386250000000146e+01
1.300545000000000151e+01
1.295552499999999974e+01
1.288456249999999947e+01
1.281354999999999933e+01
1.274226250000000071e+01
1.266409999999999947e+01
1.258002499999999912e+01
1.249533750000000154e+01
1.240973749999999853e+01
1.232486250000000005e+01
1.225286250000000265e+01
1.219333750000000016e+01
1.213578750000000106e+01
1.214467500000000122e+01
1.218157500000000049e+01
1.221227500000000177e+01
1.233938750000000262e+01
1.254316249999999933e+01
1.271946250000000234e+01
1.288373750000000229e+01
1.313611249999999941e+01
1.348348749999999896e+01
1.394231249999999811e+01
1.445384999999999920e+01
1.511837500000000212e+01
1.585950000000000060e+01
1.643741250000000065e+01
1.683786249999999995e+01
1.758650000000000091e+01
2.074398749999999936e+01
2.694443750000000293e+01
3.583376249999999885e+01
9.698213749999999322e+01
4.063374999999999773e+02
6.437063749999999345e+03
2.644403750000000400e+03
1.578273749999999893e+02
8.298216250000000116e+01
7.733126249999999402e+01
2.436533749999999827e+02
2.220680000000000121e+02
6.001535000000000508e+01
2.734997500000000059e+01
1.918358749999999802e+01
1.447716250000000038e+01
1.213367500000000021e+01
1.098126249999999970e+01
9.689493749999998684e+00
8.664947500000000247e+00
7.732467499999999383e+00
1.247641250000000035e+01
8.246581250000000196e+00
6.864381250000000101e+00
5.377852500000000369e+00
3.107695000000000363e+01
1.089387500000000131e+01
7.540890000000000093e+00
6.473016250000000582e+00
5.509435000000000748e+00
6.435673749999999416e+00
5.190168749999999775e+00
4.559482499999999661e+00
4.046378749999999691e+00
3.502712500000000340e+00
3.044538750000000515e+00
2.379881250000000392e+00
1.545713749999999997e+00
8.739463750000001596e+01
2.159078749999999900e+02
4.669571249999999907e+01
1.340406250000000057e+02
8.765992500000001186e+00
5.917128749999999826e+00
1.242673749999999977e+01
2.000955000000000155e+02
1.026342500000000086e+02
1.054952000000000112e+02
1.308663750000000014e+01
8.410658749999999628e+00
1.024122500000000002e+01
6.455998750000000008e+00
4.442446249999999708e+00
2.553233750000000057e+01
4.060303750000000491e+02
1.036658750000000140e+01
6.232658749999999692e+00
4.357456249999999365e+00
5.797300000000000786e+00
5.265628749999999769e+01
4.363611250000001007e+01
5.209222499999999911e+01
6.146073750000000047e+01
6.086258750000000362e+01
6.048193750000000080e+01
5.713031250000000227e+01
5.312622499999999803e+01
5.205407499999999743e+01
5.143805000000000405e+01
5.048977500000000163e+01
4.827416250000000275e+01
4.632305000000000206e+01
4.181381249999999739e+01
3.668746250000000231e+01
3.543847499999999684e+01
3.332876249999999629e+01
3.044202499999999745e+01
2.815300000000000225e+01
2.648977500000000163e+01
2.569860000000000255e+01
2.405746249999999975e+01
2.309902500000000103e+01
2.246609999999999729e+01
2.127348750000000166e+01
1.978982500000000044e+01
1.879977500000000035e+01
1.717042500000000160e+01
1.491709999999999781e+01
1.366344999999999743e+01
1.250311250000000030e+01
1.118096249999999969e+01
9.940773749999999964e+00
8.836073749999998839e+00
7.970513750000001174e+00
7.303971250000000026e+00
7.091180000000000483e+00
6.883416250000000680e+00
6.503709999999999880e+00
6.270339999999999137e+00
6.149233750000000498e+00
6.004251249999999374e+00
5.762936249999999205e+00
5.310145000000000337e+00
5.005026249999999344e+00
4.750306250000000396e+00
4.536422500000000468e+00
4.476372500000000088e+00
4.538793749999999960e+00
4.586372499999999519e+00
4.619724999999999859e+00
4.663459999999999717e+00
4.711938750000000731e+00
4.755623750000000705e+00
4.818913750000000107e+00
4.862235000000000085e+00
4.944718749999999829e+00
5.007286249999999939e+00
5.003611249999999622e+00
5.030288750000000420e+00
5.049058750000000373e+00
5.056502499999999678e+00
5.061496250000000252e+00
5.064882499999999510e+00
5.065714999999999968e+00
5.051132500000000469e+00
5.024666250000000112e+00
5.005177499999999391e+00
4.986114999999999853e+00
4.967386249999999670e+00
4.952457500000000401e+00
4.928326250000000464e+00
4.847228750000000197e+00
4.631073749999999656e+00
4.391053749999999312e+00
4.209031249999999780e+00
3.618938749999999427e+00
2.991591249999999924e+00
2.651654999999999873e+00
2.469799999999999773e+00
2.736673750000000460e+00
3.038841249999999494e+00
8.618987500000000468e-01
8.836987499999999773e-01
9.026049999999999907e-01
4.722887499999999794e-01
4.864999999999999880e-01
