1.356436249999999973e+03
1.619612499999999727e+03
1.110103749999999991e+03
9.373903749999999491e+02
8.385501250000000937e+02
7.559773749999999382e+02
6.682576249999999618e+02
5.926213749999999436e+02
5.334948750000000928e+02
4.788908749999999372e+02
4.227175000000000864e+02
3.594019999999999868e+02
3.083727499999999964e+02
2.211491249999999695e+02
1.815579999999999927e+02
1.632817500000000166e+02
1.458754999999999882e+02
1.335131250000000023e+02
1.239447499999999991e+02
1.164030000000000058e+02
1.101995000000000005e+02
1.050675000000000097e+02
9.768298750000001007e+01
8.947382500000000505e+01
8.322481249999998454e+01
7.829398750000000007e+01
7.413358749999999020e+01
7.065486249999999302e+01
6.768496249999999748e+01
6.515716250000001253e+01
6.286377499999999685e+01
6.085216249999999860e+01
5.903396250000000123e+01
5.738881250000000023e+01
5.531217500000000342e+01
5.288283749999999372e+01
5.083181249999999807e+01
4.909627499999999856e+01
4.778572499999999934e+01
4.705283750000000254e+01
4.615202500000000185e+01
4.495343749999999972e+01
4.390659999999999030e+01
4.303443750000000279e+01
4.219358749999999958e+01
4.168948749999999848e+01
4.137516250000000184e+01
4.106376250000000283e+01
4.075222500000000281e+01
4.056021250000000578e+01
4.048877499999999685e+01
4.041858749999999390e+01
4.034737499999999955e+01
4.027617500000000206e+01
4.020547499999999985e+01
4.013435000000000485e+01
4.006318749999999795e+01
3.999269999999999925e+01
3.992156250000000028e+01
3.985101249999999595e+01
3.978005000000000280e+01
3.970911249999999626e+01
3.963798750000000126e+01
3.956722500000000053e+01
3.944265000000000043e+01
3.926573750000000018e+01
3.908861249999999643e+01
3.891090000000000515e+01
3.877546250000000327e+01
3.868370000000000175e+01
3.859127499999999600e+01
3.849787500000000051e+01
3.840527499999999606e+01
3.846101249999999538e+01
3.867014999999999958e+01
3.889006249999999909e+01
3.935666249999999877e+01
3.990538750000000334e+01
4.036207500000000437e+01
4.125348750000000564e+01
4.250427500000000691e+01
4.358633749999999907e+01
4.459377500000000083e+01
4.592026250000000687e+01
4.763042499999999535e+01
4.975689999999999458e+01
5.204972500000000224e+01
5.489343749999999744e+01
5.799782499999999885e+01
6.033941250000000167e+01
6.193759999999999621e+01
6.491841250000000230e+01
7.691363750000000721e+01
9.949221249999999372e+01
1.304904999999999973e+02
3.293218750000000341e+02
1.289462499999999864e+03
1.922353750000000218e+04
7.760320000000000618e+03
5.064296249999999873e+02
7.570471250000000509e+02
1.852803749999999809e+03
3.538406250000000000e+03
1.796953750000000127e+03
1.664054999999999893e+02
4.756596249999999770e+01
2.948471250000000410e+01
2.032197499999999835e+01
1.617824999999999847e+01
1.438622499999999960e+01
1.277717499999999973e+01
1.261932499999999990e+01
6.499909999999999854e+01
1.486358749999999986e+02
1.144313749999999885e+01
1.004921249999999944e+01
1.555037499999999895e+01
4.124346249999999827e+02
2.609229999999999805e+01
1.118861250000000140e+01
9.540687500000000654e+00
6.406204999999999927e+00
6.513511249999999109e+01
7.308651249999999600e+00
5.776367499999999211e+00
5.273551249999999690e+00
4.969443749999999937e+00
4.973079999999999501e+00
2.179343750000000313e+01
1.233846250000000033e+01
4.038029999999999973e+02
8.441948749999999109e+02
1.915403750000000116e+02
5.681822499999999536e+02
1.453072500000000034e+01
1.025402500000000039e+01
4.081273749999999723e+01
6.413067499999999654e+02
4.203594999999999686e+02
3.519561249999999859e+02
1.839695000000000036e+01
1.426012500000000038e+01
6.868120000000000402e+01
1.586982499999999874e+01
5.514472500000000110e+00
5.349501250000000141e+01
7.775152499999999236e+02
1.210343750000000185e+01
6.831955000000000666e+00
5.232847500000000984e+00
2.093175000000000097e+01
1.792870000000000061e+02
1.252015000000000100e+02
1.061717500000000030e+02
1.257199999999999847e+02
1.236503749999999968e+02
1.223335000000000150e+02
1.107373750000000001e+02
9.688366249999998558e+01
9.324670000000000414e+01
9.138442499999999313e+01
8.872799999999999443e+01
8.252138749999998879e+01
7.706344999999998890e+01
6.595049999999999102e+01
5.432554999999999268e+01
5.174531250000000426e+01
4.750526250000000061e+01
4.198063750000000027e+01
3.788921249999999930e+01
3.494288750000000476e+01
3.364112500000000239e+01
3.095466249999999775e+01
2.943606249999999847e+01
2.844986250000000183e+01
2.659162500000000051e+01
2.434714999999999918e+01
2.289218749999999858e+01
2.057748750000000015e+01
1.749351250000000135e+01
1.584651249999999933e+01
1.436593750000000114e+01
1.271483750000000157e+01
1.121018749999999997e+01
9.885427499999998702e+00
8.868331250000000665e+00
8.091891249999999758e+00
7.845843750000000227e+00
7.606921249999999191e+00
7.171813750000000098e+00
6.905803749999999575e+00
6.768235000000000667e+00
6.603496250000000067e+00
6.369861250000000474e+00
6.039473749999999086e+00
5.739167500000000643e+00
5.482332500000000941e+00
5.264968750000000419e+00
5.218157500000000226e+00
5.306578749999999900e+00
5.372067499999999995e+00
5.422189999999999621e+00
5.488442499999999669e+00
5.565328749999999047e+00
5.683760000000000367e+00
5.804896250000000535e+00
5.886321249999999061e+00
6.040368749999999842e+00
6.156772500000000647e+00
6.276188750000000205e+00
6.480379999999999363e+00
6.628592500000000776e+00
6.699216250000000095e+00
6.746660000000000323e+00
6.797386250000000629e+00
6.910295000000000520e+00
7.050136249999999549e+00
7.170583749999998702e+00
7.261571250000000255e+00
7.304313750000001271e+00
7.323003750000000700e+00
7.338092500000000129e+00
7.364085000000000214e+00
7.343586250000000426e+00
7.102496249999999733e+00
6.800475000000000492e+00
6.573543750000000685e+00
5.869827499999999532e+00
5.125130000000000408e+00
4.738880000000000869e+00
4.536359999999999282e+00
4.665997499999999576e+00
4.945822499999999344e+00
1.325596250000000031e+00
1.344232499999999941e+00
1.353291250000000057e+00
6.889849999999999586e-01
7.005500000000000060e-01
