1.328082499999999982e+03
1.581262500000000045e+03
1.080083750000000009e+03
9.097744999999999891e+02
8.121825000000000045e+02
7.305667500000000700e+02
6.437690000000000055e+02
5.688503749999999854e+02
5.102266250000000696e+02
4.560414999999999850e+02
4.002593750000000341e+02
3.373340000000000032e+02
2.865911250000000337e+02
1.998421249999999816e+02
1.604993750000000148e+02
1.423737500000000296e+02
1.251469999999999914e+02
1.129475000000000051e+02
1.035335000000000178e+02
9.613907500000000539e+01
9.007813749999999686e+01
8.508455000000000723e+01
7.793427500000001373e+01
7.004579999999999984e+01
6.410193750000000534e+01
5.946282499999999516e+01
5.558358750000000725e+01
5.237481250000000443e+01
4.966386249999999336e+01
4.738386249999999222e+01
4.533135000000000048e+01
4.355037499999999540e+01
4.195478750000000190e+01
4.052521250000000208e+01
3.874748749999999831e+01
3.670104999999999507e+01
3.500368750000000517e+01
3.359817499999999768e+01
3.253685000000000116e+01
3.195459999999999923e+01
3.125932499999999692e+01
3.033424999999999727e+01
2.954224999999999568e+01
2.890153750000000343e+01
2.828712499999999608e+01
2.793378750000000110e+01
2.771652499999999719e+01
2.750126249999999928e+01
2.728597500000000053e+01
2.715651250000000516e+01
2.711371250000000188e+01
2.707167499999999549e+01
2.702901250000000033e+01
2.698638750000000286e+01
2.694402499999999989e+01
2.690142500000000325e+01
2.685882500000000306e+01
2.681658750000000069e+01
2.677396249999999611e+01
2.673171250000000043e+01
2.668921250000000001e+01
2.664672499999999999e+01
2.660411249999999939e+01
2.656171249999999873e+01
2.648713749999999933e+01
2.638113749999999769e+01
2.627505000000000024e+01
2.616861250000000183e+01
2.611134999999999806e+01
2.610368749999999949e+01
2.609595000000000198e+01
2.608812499999999801e+01
2.608039999999999736e+01
2.620817500000000067e+01
2.647679999999999723e+01
2.675427499999999981e+01
2.721198750000000288e+01
2.772381250000000108e+01
2.814982499999999987e+01
2.891411250000000521e+01
2.996111250000000226e+01
3.086687500000000028e+01
3.171003749999999854e+01
3.278413749999999993e+01
3.414693749999999994e+01
3.581457499999999783e+01
3.759587499999999238e+01
3.977506250000000421e+01
4.213832499999999470e+01
4.390199999999999392e+01
4.509972500000000650e+01
4.733189999999999742e+01
5.616964999999999719e+01
7.254777500000000146e+01
9.465681250000000091e+01
2.323400000000000034e+02
8.831227499999999964e+02
1.278646250000000146e+04
5.115913749999999709e+03
3.486022500000000264e+02
6.740649999999999409e+02
1.775471249999999827e+03
3.294753749999999854e+03
1.574886250000000018e+03
1.063899999999999864e+02
2.021598750000000067e+01
1.030111250000000034e+01
5.844806249999999537e+00
4.044579999999999842e+00
3.404958749999999590e+00
3.087683750000000060e+00
3.954366250000000083e+00
5.726661250000000081e+01
1.361595000000000084e+02
3.196555000000000035e+00
3.184818749999999810e+00
1.017252374999999986e+01
3.813580000000000041e+02
1.519842500000000207e+01
3.647726250000000281e+00
3.067672500000000024e+00
8.967723750000000660e-01
5.869942499999999086e+01
2.118484999999999729e+00
1.216888749999999852e+00
1.227173750000000396e+00
1.466730000000000089e+00
1.928542500000000048e+00
1.941356249999999761e+01
1.079276250000000026e+01
3.164083749999999213e+02
6.282870000000000346e+02
1.448447499999999764e+02
4.341416250000000332e+02
5.764731250000000529e+00
4.336882499999999752e+00
2.838598749999999882e+01
4.412113749999999754e+02
3.177255000000000109e+02
2.464608750000000157e+02
5.310301250000000195e+00
5.849469999999999281e+00
5.843998750000000086e+01
9.413811250000000186e+00
1.072025000000000006e+00
2.796266250000000042e+01
3.714848749999999882e+02
1.736816249999999950e+00
5.992984999999998452e-01
8.753898750000000950e-01
1.513446250000000148e+01
1.266306249999999949e+02
8.156522499999999809e+01
5.407958750000000236e+01
6.425931250000000716e+01
6.278796249999999901e+01
6.185159999999999769e+01
5.360701249999999618e+01
4.375743749999999466e+01
4.119262499999999960e+01
3.994635000000000247e+01
3.823822499999999991e+01
3.424722500000000025e+01
3.074038749999999354e+01
2.413666249999999991e+01
1.763809999999999789e+01
1.630686250000000115e+01
1.417651249999999941e+01
1.153858750000000022e+01
9.736203749999999602e+00
8.453115000000000379e+00
7.942515000000001102e+00
6.897208749999999888e+00
6.337041250000000403e+00
5.983775000000000510e+00
5.318138750000000137e+00
4.557308749999999797e+00
4.092407500000001086e+00
3.407072499999999948e+00
2.576416249999999852e+00
2.183052500000000062e+00
1.862843750000000131e+00
1.533884999999999943e+00
1.269397499999999734e+00
1.049351249999999958e+00
8.978166249999999238e-01
7.879198749999999363e-01
7.546628749999999553e-01
7.235046250000000123e-01
6.681015000000000148e-01
6.354624999999999302e-01
6.190027499999999350e-01
5.992469999999999741e-01
5.663164999999998894e-01
4.982416250000000213e-01
4.540779999999999816e-01
4.167972500000000080e-01
3.806027499999999897e-01
3.572219999999999840e-01
3.460196250000000529e-01
3.397073749999999781e-01
3.370607499999999646e-01
3.339909999999999823e-01
3.302368749999999853e-01
3.227203750000000038e-01
3.185970000000000191e-01
3.161956249999999802e-01
3.117428750000000304e-01
3.084195000000000131e-01
2.965452499999999825e-01
2.775273750000000206e-01
2.621002499999999791e-01
2.543911249999999402e-01
2.493402499999999855e-01
2.435008750000000055e-01
2.289777500000000077e-01
2.058670000000000222e-01
1.824215000000000142e-01
1.668493749999999942e-01
1.554977499999999901e-01
1.462363750000000018e-01
1.389896250000000055e-01
1.284642500000000020e-01
1.021142500000000175e-01
6.702366249999999748e-02
4.682657500000000222e-02
3.620036250000000649e-02
1.718736250000000437e-02
6.008310000000000213e-03
2.620449999999999863e-03
6.337198750000000089e-04
6.478288750000000054e-04
9.886905000000001387e-04
2.511149999999999971e-04
2.504125000000000491e-04
2.521237499999999694e-04
1.322399999999999943e-04
1.405374999999999940e-04
