5.831925000000000381e+01
6.943466250000000173e+01
4.742539999999999623e+01
3.994587500000000091e+01
3.565972500000000167e+01
3.207513749999999675e+01
2.826276249999999735e+01
2.497196249999999651e+01
2.239672499999999999e+01
2.001617500000000049e+01
1.756511250000000501e+01
1.479961249999999851e+01
1.256923749999999984e+01
8.752011249999998910e+00
7.018495000000001482e+00
6.217971249999999728e+00
5.456394999999999662e+00
4.915756249999999383e+00
4.497359999999999580e+00
4.167868750000000233e+00
3.897276250000000442e+00
3.673756249999999834e+00
3.352117500000000305e+00
2.995076249999999884e+00
2.723670000000000258e+00
2.509917499999999801e+00
2.329486249999999981e+00
2.178617500000000096e+00
2.049701250000000030e+00
1.939864999999999950e+00
1.840036250000000262e+00
1.752228749999999780e+00
1.672625000000000250e+00
1.600316250000000107e+00
1.508298750000000021e+00
1.399728749999999966e+00
1.306746249999999998e+00
1.226629999999999887e+00
1.166131250000000064e+00
1.131504999999999983e+00
1.087503749999999991e+00
1.028960000000000097e+00
9.761613749999999978e-01
9.301677499999999599e-01
8.853512499999999230e-01
8.562953749999999697e-01
8.377283749999999696e-01
8.193340000000000067e-01
8.009332500000000410e-01
7.889187500000000020e-01
7.833341249999999922e-01
7.778482499999999078e-01
7.722815000000000651e-01
7.667169999999998709e-01
7.611899999999999222e-01
7.556303749999999653e-01
7.500688749999999683e-01
7.445593750000000233e-01
7.389976249999998803e-01
7.334832500000000310e-01
7.279373749999999976e-01
7.223928750000001564e-01
7.168339999999999712e-01
7.113009999999999611e-01
7.015655000000000641e-01
6.877356249999999616e-01
6.738921249999999530e-01
6.600016250000000362e-01
6.430561249999999784e-01
6.232846250000000365e-01
6.033677499999998695e-01
5.832331250000000189e-01
5.632783749999999978e-01
5.398646250000000979e-01
5.126435000000000297e-01
4.853607500000000630e-01
4.623680000000000012e-01
4.423647500000000288e-01
4.257162500000000183e-01
4.082711250000000680e-01
3.894913750000000285e-01
3.732450000000000490e-01
3.581400000000000139e-01
3.450851249999999926e-01
3.323977499999999918e-01
3.190282500000000132e-01
3.061705000000000676e-01
2.948112499999999692e-01
2.845566250000000075e-01
2.779757500000000769e-01
2.738508749999999936e-01
2.663227499999999970e-01
2.479593750000000096e-01
2.263209999999999944e-01
2.107303749999999976e-01
1.859589999999999854e-01
1.655301250000000279e-01
1.551339999999999941e-01
1.418087500000000112e-01
1.326233749999999878e-01
1.276518749999999980e-01
1.239101250000000098e-01
1.197462499999999985e-01
1.170486250000000034e-01
1.119477499999999848e-01
2.270574999999999954e-01
9.728422500000000195e-02
9.519671249999998863e-02
9.556542500000000939e-02
1.006558749999999919e-01
2.117167499999999813e-01
1.119133750000000094e-01
1.210781250000000087e-01
1.372366250000000010e-01
1.662426250000000050e-01
2.411392499999999994e-01
3.580674999999999830e-01
5.535937499999999956e-01
1.325565000000000104e+00
2.447591250000000116e+02
2.303076250000000016e+02
5.549923749999999822e-01
1.510575000000000112e-01
8.805637500000000617e-02
7.398513750000000611e-02
6.328123750000000380e-02
5.516867500000000035e-02
5.138115000000000737e-02
4.725967500000000099e-02
6.163972500000000632e-02
1.030233749999999865e-01
9.731302499999999744e-02
3.825963749999999886e-02
6.644469999999999543e-02
7.369308750000000408e-02
3.791395000000000182e-02
3.917022500000000296e-02
7.825920000000000099e-02
1.274298749999999980e-01
4.860272499999999940e-02
5.327376249999999508e-02
6.139006250000000886e-02
7.349094999999999933e-02
6.829311249999998612e-01
1.142791250000000076e+02
4.262127500000000291e-01
1.408676250000000074e+00
1.914383749999999793e+02
5.349977500000000497e-01
1.376928749999999924e-01
7.711363749999999850e-02
5.119468749999999541e-02
8.260043749999998464e-02
7.678088750000000573e-02
4.183267499999999472e+01
4.336151250000000457e-01
1.340982500000000073e+02
7.681520000000000792e+00
7.814303749999999660e+00
2.062740000000000151e+01
3.593061250000000040e-02
8.524986250000001320e+00
8.909121250000000103e+00
1.024791875000000019e+01
5.937442499999999512e+00
3.014913750000000281e+00
9.991742499999999083e+00
3.003567500000000390e+00
2.279746249999999641e+00
2.022845000000000226e+00
3.085181250000000208e+00
2.027058750000000131e+00
1.921001249999999771e+00
1.938444999999999752e+00
1.560096249999999962e+00
1.499887500000000040e+00
1.237053749999999841e+00
7.985811250000000028e-01
1.104173750000000176e+00
9.452687499999999909e-01
8.646487500000000770e-01
7.928711250000001209e-01
7.046577499999999716e-01
6.116347499999998938e-01
5.374520000000000408e-01
4.697433749999999630e-01
4.200323749999999579e-01
3.963125000000000120e-01
3.615602499999999719e-01
3.138743749999999832e-01
2.881552500000000294e-01
2.761518750000000466e-01
2.637577500000000130e-01
2.466561249999999761e-01
2.135801249999999818e-01
1.922360000000000180e-01
1.751917500000000072e-01
1.594017500000000087e-01
1.502597499999999697e-01
1.475759999999999850e-01
1.479251249999999906e-01
1.487295000000000145e-01
1.499050000000000105e-01
1.519268750000000168e-01
1.553989999999999816e-01
1.591440000000000077e-01
1.620199999999999696e-01
1.686567499999999942e-01
1.744481250000000094e-01
1.784961250000000055e-01
1.731328750000000194e-01
1.587096250000000208e-01
1.519066249999999896e-01
1.479166249999999960e-01
1.438821249999999996e-01
1.367637499999999895e-01
1.300383750000000116e-01
1.213852500000000001e-01
1.126551249999999949e-01
1.076020000000000032e-01
1.040781249999999797e-01
1.025864999999999971e-01
1.025237499999999968e-01
9.562538749999999199e-02
6.783106249999999726e-02
4.757987499999999370e-02
3.497694999999999971e-02
1.453453750000000162e-02
4.555676250000000559e-03
1.999187500000000096e-03
7.517588750000001301e-04
8.947519999999999606e-04
1.144765000000000062e-03
2.903587500000000396e-04
2.873462499999999867e-04
2.253288750000000085e-04
5.002912500000000019e-05
3.211287500000000041e-05
