7.241249999999999432e+01
8.962094999999999345e+01
6.394982499999999703e+01
5.547583750000000435e+01
5.068648750000000547e+01
4.672237499999999955e+01
4.254963749999999578e+01
3.898169999999999646e+01
3.621412500000000279e+01
3.367487500000000011e+01
3.107767500000000283e+01
2.817125000000000412e+01
2.584308749999999932e+01
2.189502500000000040e+01
2.011273750000000149e+01
1.929243750000000190e+01
1.851258749999999864e+01
1.795888749999999945e+01
1.753008750000000049e+01
1.719197499999999934e+01
1.691378749999999798e+01
1.668348750000000180e+01
1.635113750000000010e+01
1.598041249999999813e+01
1.569655000000000022e+01
1.547112499999999891e+01
1.527952499999999958e+01
1.511790000000000056e+01
1.497851250000000078e+01
1.485855000000000103e+01
1.474872500000000031e+01
1.465117499999999851e+01
1.456199999999999939e+01
1.448021249999999860e+01
1.437462499999999999e+01
1.424800000000000111e+01
1.413751249999999970e+01
1.404022499999999951e+01
1.396675000000000111e+01
1.392382499999999723e+01
1.386776249999999955e+01
1.379317499999999974e+01
1.372456250000000111e+01
1.366317500000000074e+01
1.360312499999999858e+01
1.356290000000000084e+01
1.353696249999999957e+01
1.351125000000000043e+01
1.348556250000000034e+01
1.346850000000000236e+01
1.346017500000000133e+01
1.345196250000000049e+01
1.344366250000000207e+01
1.343533749999999927e+01
1.342709999999999937e+01
1.341878750000000053e+01
1.341046249999999951e+01
1.340225000000000044e+01
1.339395000000000024e+01
1.338569999999999993e+01
1.337742500000000057e+01
1.336912500000000037e+01
1.336083749999999881e+01
1.335260000000000069e+01
1.333805000000000085e+01
1.331739999999999924e+01
1.329671249999999993e+01
1.327596250000000033e+01
1.324928749999999944e+01
1.321706249999999905e+01
1.318456249999999841e+01
1.315173749999999941e+01
1.311919999999999931e+01
1.307913750000000164e+01
1.303088749999999862e+01
1.298246250000000046e+01
1.293946250000000120e+01
1.290094999999999992e+01
1.286890000000000001e+01
1.283320000000000149e+01
1.279332500000000117e+01
1.275881249999999945e+01
1.272671249999999787e+01
1.269725000000000037e+01
1.266703749999999751e+01
1.263518750000000068e+01
1.260451250000000023e+01
1.257548749999999949e+01
1.254814999999999969e+01
1.253059999999999974e+01
1.251960000000000051e+01
1.249946249999999992e+01
1.244572499999999948e+01
1.237887500000000074e+01
1.232666250000000119e+01
1.223225000000000051e+01
1.214562500000000078e+01
1.209521250000000059e+01
1.202260000000000062e+01
1.196516249999999992e+01
1.193228749999999927e+01
1.190421249999999986e+01
1.186933750000000032e+01
1.184671250000000065e+01
1.178496250000000067e+01
1.180152499999999982e+01
1.157756250000000087e+01
1.145472499999999982e+01
1.135495000000000054e+01
1.128421249999999887e+01
1.128740000000000165e+01
1.109118750000000020e+01
1.100703749999999914e+01
1.089618749999999991e+01
1.074875000000000114e+01
1.050218750000000156e+01
1.025265000000000093e+01
1.002888749999999973e+01
9.821451250000000854e+00
2.723001249999999800e+02
2.760076250000000186e+02
1.412304999999999922e+01
1.248797499999999872e+01
1.202471249999999969e+01
1.188044999999999973e+01
1.174554999999999794e+01
1.162429999999999986e+01
1.155096250000000069e+01
1.146259999999999835e+01
1.138401250000000076e+01
1.130773750000000000e+01
1.122002500000000147e+01
1.109558750000000060e+01
1.105071249999999949e+01
1.094559999999999889e+01
1.078913749999999894e+01
1.067293749999999974e+01
1.058069999999999844e+01
1.047762499999999974e+01
1.028300000000000125e+01
1.015207499999999996e+01
9.975500000000000256e+00
9.773376249999998322e+00
9.220461249999999609e+00
1.422320000000000277e+02
8.475682500000001340e+00
5.360219999999999985e+00
5.524238749999999527e+02
1.939376250000000113e+01
1.497635000000000005e+01
1.383132499999999787e+01
1.286686249999999987e+01
1.185506250000000072e+01
1.074673749999999828e+01
7.336417500000000302e+01
1.084423750000000020e+01
2.697191250000000196e+02
3.385269999999999868e+01
2.235861250000000311e+01
4.571075000000000443e+01
1.197489999999999988e+01
3.064427500000000038e+01
3.018481249999999960e+01
3.510594999999999999e+01
2.859216250000000059e+01
1.674006250000000051e+01
1.085967375000000175e+02
2.488543749999999832e+01
1.887433749999999932e+01
1.817937500000000028e+01
3.560072500000000417e+01
2.607938750000000283e+01
1.901363750000000152e+01
2.053668749999999932e+01
2.045863750000000181e+01
1.980207499999999854e+01
1.692667499999999947e+01
1.424498750000000058e+01
1.745826250000000002e+01
1.656455000000000055e+01
1.609280000000000044e+01
1.568196250000000092e+01
1.519836249999999822e+01
1.470703749999999843e+01
1.431571250000000006e+01
1.392552499999999860e+01
1.359525000000000183e+01
1.347797500000000248e+01
1.334992500000000071e+01
1.310241250000000157e+01
1.293156249999999829e+01
1.283792500000000203e+01
1.273738750000000053e+01
1.258425000000000082e+01
1.217512499999999953e+01
1.179368749999999899e+01
1.132194999999999929e+01
1.062621250000000117e+01
9.912223749999999001e+00
9.351716250000000841e+00
9.011723749999998034e+00
8.876075000000000159e+00
8.716101249999999467e+00
8.538767499999998734e+00
8.316195000000000448e+00
8.127783750000000751e+00
8.005328750000000326e+00
7.796607499999999469e+00
7.653882499999999922e+00
7.514426249999999641e+00
7.312697500000000517e+00
7.196434999999999249e+00
7.142461250000001094e+00
7.106302499999999966e+00
7.069467499999999127e+00
6.988181249999999345e+00
6.872267500000000418e+00
6.823190000000000310e+00
6.797695000000000043e+00
6.792072499999999735e+00
6.794547500000001072e+00
6.802242500000000192e+00
6.826806249999999743e+00
6.967751250000000063e+00
7.295705000000000773e+00
7.541777500000000245e+00
7.702991250000000178e+00
7.894429999999999836e+00
7.741981249999999370e+00
7.312642499999999934e+00
6.491027500000000394e+00
5.932209999999999539e+00
5.704159999999999897e+00
1.441648749999999923e+00
1.451827500000000049e+00
1.469236250000000021e+00
7.535387500000000349e-01
7.649200000000000443e-01
