1.409322500000000034e+01
2.018627500000000197e+01
1.652442500000000081e+01
1.552995000000000125e+01
1.502675000000000161e+01
1.464724999999999966e+01
1.428685000000000116e+01
1.400972499999999954e+01
1.381739999999999924e+01
1.365871249999999826e+01
1.351258749999999864e+01
1.337163750000000029e+01
1.327385000000000126e+01
1.314300000000000068e+01
1.309423750000000197e+01
1.307447499999999962e+01
1.305615000000000236e+01
1.304316249999999933e+01
1.303277499999999911e+01
1.302410000000000245e+01
1.301650000000000418e+01
1.300972499999999954e+01
1.299902499999999961e+01
1.298531249999999915e+01
1.297288749999999702e+01
1.296120000000000161e+01
1.295003750000000053e+01
1.293927500000000030e+01
1.292882499999999979e+01
1.291868749999999899e+01
1.290869999999999784e+01
1.289894999999999925e+01
1.288937499999999936e+01
1.287988749999999882e+01
1.286631249999999937e+01
1.284827499999999922e+01
1.283074999999999832e+01
1.281356249999999797e+01
1.280063750000000056e+01
1.279232499999999817e+01
1.278027499999999961e+01
1.276418749999999847e+01
1.274837500000000112e+01
1.273301250000000095e+01
1.271780000000000044e+01
1.270659999999999812e+01
1.269923750000000062e+01
1.269192500000000123e+01
1.268462500000000226e+01
1.267958750000000023e+01
1.267685000000000173e+01
1.267409999999999748e+01
1.267137500000000117e+01
1.266861249999999828e+01
1.266591249999999746e+01
1.266316250000000032e+01
1.266039999999999743e+01
1.265768750000000153e+01
1.265493749999999906e+01
1.265221249999999742e+01
1.264948750000000111e+01
1.264674999999999905e+01
1.264401250000000054e+01
1.264126249999999985e+01
1.263647499999999901e+01
1.262966249999999846e+01
1.262282499999999885e+01
1.261598749999999924e+01
1.260623749999999887e+01
1.259376250000000041e+01
1.258121250000000124e+01
1.256852500000000106e+01
1.255595000000000105e+01
1.253926250000000131e+01
1.251822499999999927e+01
1.249709999999999965e+01
1.247710000000000008e+01
1.245857499999999973e+01
1.244317500000000010e+01
1.242493749999999864e+01
1.240382500000000121e+01
1.238557499999999933e+01
1.236859999999999893e+01
1.235218749999999943e+01
1.233464999999999989e+01
1.231617499999999943e+01
1.229836249999999964e+01
1.228067499999999868e+01
1.226358749999999986e+01
1.225263749999999874e+01
1.224576249999999789e+01
1.223312499999999936e+01
1.219777500000000003e+01
1.215257499999999879e+01
1.211592499999999717e+01
1.204629999999999868e+01
1.198010000000000019e+01
1.194008749999999885e+01
1.188078750000000028e+01
1.183252499999999863e+01
1.180464999999999876e+01
1.178031250000000085e+01
1.174956249999999969e+01
1.172966249999999988e+01
1.167302500000000087e+01
1.157447500000000140e+01
1.148027500000000067e+01
1.135952499999999965e+01
1.125938750000000077e+01
1.118355000000000032e+01
1.107567500000000038e+01
1.097927499999999945e+01
1.088596249999999976e+01
1.075895000000000046e+01
1.058249999999999957e+01
1.026102500000000006e+01
9.894577499999998693e+00
9.475313750000001534e+00
8.495884999999999465e+00
2.754072500000000190e+01
4.570002499999999657e+01
1.356806249999999991e+01
1.233691249999999862e+01
1.193666250000000062e+01
1.180648749999999936e+01
1.168228750000000105e+01
1.156911250000000102e+01
1.149958750000000052e+01
1.141533750000000147e+01
1.132237500000000097e+01
1.120472499999999982e+01
1.112271250000000045e+01
1.105732500000000229e+01
1.098427499999999846e+01
1.087192499999999917e+01
1.075123750000000200e+01
1.063378750000000039e+01
1.050242499999999879e+01
1.035018749999999876e+01
1.023439999999999905e+01
1.009878750000000025e+01
9.914107500000000073e+00
9.699884999999998314e+00
8.537528749999999889e+00
2.795297499999999502e+01
8.049471249999999856e+00
3.951546249999999816e+00
3.609855000000000018e+02
1.885878749999999826e+01
1.483864999999999768e+01
1.375421249999999951e+01
1.281567499999999882e+01
1.177247500000000180e+01
1.066994999999999827e+01
3.153150000000000119e+01
1.041060000000000052e+01
1.356208750000000123e+02
2.617116250000000122e+01
1.454429999999999801e+01
2.508336249999999978e+01
1.193898749999999964e+01
2.211925000000000097e+01
2.127566250000000281e+01
2.485802500000000137e+01
2.265473749999999953e+01
1.372514999999999930e+01
9.860515000000000896e+01
2.188185000000000002e+01
1.659459999999999980e+01
1.615650000000000119e+01
3.251553750000000065e+01
2.405232500000000329e+01
1.709262499999999818e+01
1.859825000000000017e+01
1.889851249999999894e+01
1.830219999999999914e+01
1.568961249999999907e+01
1.344637499999999797e+01
1.635411249999999939e+01
1.561926250000000138e+01
1.522814999999999941e+01
1.488910000000000089e+01
1.449371249999999911e+01
1.409539999999999971e+01
1.377825000000000166e+01
1.345576249999999874e+01
1.317496249999999769e+01
1.305788749999999965e+01
1.290492500000000042e+01
1.261769999999999925e+01
1.242117499999999986e+01
1.231297500000000156e+01
1.218955000000000055e+01
1.199548749999999941e+01
1.148527500000000146e+01
1.100792499999999841e+01
1.042005000000000159e+01
9.564316249999999187e+00
8.698366249999999411e+00
8.027151249999999294e+00
7.617177499999999490e+00
7.452822499999999906e+00
7.258416250000000680e+00
7.041296250000000256e+00
6.766026249999999465e+00
6.531736250000000688e+00
6.379914999999999559e+00
6.109656249999999567e+00
5.918052499999999938e+00
5.724462499999999565e+00
5.340469999999999828e+00
5.022047500000000220e+00
4.876004999999999256e+00
4.782683750000000344e+00
4.683132500000000142e+00
4.475682499999999564e+00
4.216560000000001196e+00
3.979679999999999662e+00
3.827288749999999684e+00
3.741163749999999677e+00
3.681408749999999674e+00
3.645147500000000207e+00
3.601677500000000087e+00
3.556392500000000290e+00
3.668093750000000153e+00
3.869647500000000129e+00
4.043429999999999858e+00
4.312647499999999745e+00
4.275140000000000384e+00
3.943603749999999852e+00
3.222867500000000440e+00
2.680616249999999923e+00
2.515157500000000379e+00
6.638900000000000912e-01
6.779862500000000125e-01
7.005425000000000679e-01
3.740100000000000091e-01
3.885487499999999983e-01
