9.929487500000000466e+00
1.427471249999999969e+01
1.171567500000000095e+01
1.102313750000000070e+01
1.067312500000000064e+01
1.040936249999999852e+01
1.015898750000000028e+01
9.966551250000000195e+00
9.833031250000001222e+00
9.722899999999999210e+00
9.621571249999998798e+00
9.523962499999999665e+00
9.456412499999999000e+00
9.367081250000000026e+00
9.334617500000000234e+00
9.322038750000000817e+00
9.310859999999999914e+00
9.303316249999999954e+00
9.297596250000001561e+00
9.293066250000000750e+00
9.289258750000000120e+00
9.285999999999999588e+00
9.281058749999999691e+00
9.275026249999999806e+00
9.269767500000000382e+00
9.264966250000000514e+00
9.260421250000000271e+00
9.256073749999998768e+00
9.251871250000000657e+00
9.247737499999999500e+00
9.243669999999999831e+00
9.239668749999999875e+00
9.235703749999998990e+00
9.231749999999998124e+00
9.225971249999998847e+00
9.218143750000001191e+00
9.210337499999999622e+00
9.202477500000000532e+00
9.196538749999998430e+00
9.192619999999999791e+00
9.186716249999999917e+00
9.178862499999999258e+00
9.170864999999999156e+00
9.162834999999999397e+00
9.154799999999999827e+00
9.148630000000000706e+00
9.144507499999999567e+00
9.140421249999999276e+00
9.136335000000000761e+00
9.133436249999999035e+00
9.131729999999999237e+00
9.130056250000000873e+00
9.128354999999999109e+00
9.126654999999999518e+00
9.124968749999998963e+00
9.123272500000000562e+00
9.121571250000000575e+00
9.119892500000000624e+00
9.118191250000000636e+00
9.116506250000000477e+00
9.114813749999999715e+00
9.113121250000000728e+00
9.111423750000000155e+00
9.109733750000000185e+00
9.106761249999999919e+00
9.102537500000000392e+00
9.098310000000001452e+00
9.094068749999999923e+00
9.087493750000000148e+00
9.078679999999998529e+00
9.069798749999998577e+00
9.060824999999999463e+00
9.051927499999999682e+00
9.039143750000000921e+00
9.022221249999999415e+00
9.005138750000000414e+00
8.987482500000000485e+00
8.970462500000001782e+00
8.956295000000000783e+00
8.937367500000000575e+00
8.914109999999999090e+00
8.893990000000000506e+00
8.875275000000000247e+00
8.856188750000001164e+00
8.832928750000000662e+00
8.807556249999999309e+00
8.783043749999999150e+00
8.757492499999999680e+00
8.730998749999999475e+00
8.712082499999999285e+00
8.700118749999999679e+00
8.678088749999998797e+00
8.608678749999999269e+00
8.507191249999999982e+00
8.408722499999999656e+00
8.148683750000000003e+00
7.790797500000000042e+00
7.439611249999999565e+00
6.467418750000000216e+00
4.665756249999999383e+00
3.110738750000000330e+00
1.347258750000000020e+02
5.048650000000000659e+01
1.791101250000000178e+01
1.261862499999999976e+01
1.043768750000000090e+01
9.762362500000000054e+00
9.274577500000001251e+00
8.958901250000000260e+00
8.749691249999999698e+00
8.464434999999999931e+00
8.216608750000000683e+00
7.975213749999999990e+00
7.635373750000000292e+00
7.135978749999999593e+00
6.113593749999999716e+00
4.765712499999999352e+00
2.881412499999999710e+00
2.238197499999999991e+02
6.846091249999999206e+01
1.287323750000000189e+01
9.930666249999999806e+00
8.342513750000000172e+00
7.036183750000000181e+00
6.292362500000000303e+00
5.181706250000000402e+00
3.712714999999999321e+00
2.299980000000000135e+00
5.151196249999999699e-01
5.963669999999999618e+02
1.526560000000000059e+02
3.393220000000000169e+01
2.452674999999999983e+01
2.037758750000000418e+01
1.704455000000000098e+01
1.523077499999999951e+01
1.413768750000000196e+01
1.333445000000000213e+01
1.267802499999999988e+01
1.230657500000000049e+01
1.195481249999999918e+01
1.157151250000000076e+01
1.121823749999999897e+01
1.028319999999999901e+01
8.932657499999999473e+00
5.948181250000000198e+00
2.323981249999999932e+02
1.624758750000000163e+01
1.225270000000000081e+01
1.075618750000000290e+01
1.504992500000000177e+01
9.968311250000001067e+00
6.395216250000000713e+00
1.606211250000000064e+02
1.320437499999999886e+01
1.235672500000000014e+02
1.755333750000000137e+01
1.048117500000000035e+01
3.025320000000000391e+02
1.863472499999999954e+01
2.800628750000000196e+02
2.211623750000000044e+01
1.676291249999999877e+01
1.782504999999999740e+01
1.647643749999999940e+01
2.142759999999999820e+01
1.251168750000000074e+01
1.659859999999999758e+01
2.770214999999999961e+01
1.869263749999999646e+01
2.957008750000000319e+01
2.468226250000000022e+01
2.233918750000000131e+01
2.654806249999999679e+01
1.925721250000000140e+01
2.284768749999999571e+01
1.932538749999999794e+01
2.272212499999999835e+01
1.491217499999999951e+01
1.533121249999999947e+01
1.539974999999999916e+01
1.446069999999999922e+01
1.434825000000000017e+01
1.400455000000000005e+01
1.338593750000000071e+01
1.305996250000000281e+01
1.276498750000000015e+01
1.262255000000000216e+01
1.246296249999999972e+01
1.216282499999999978e+01
1.196759999999999913e+01
1.186451250000000002e+01
1.175196249999999942e+01
1.157650000000000112e+01
1.108416250000000147e+01
1.060523749999999943e+01
9.861196250000000774e+00
8.923072499999999962e+00
8.137422500000001335e+00
7.545941250000000267e+00
7.175416250000000495e+00
7.025902499999999051e+00
6.855392500000000666e+00
6.662542500000000700e+00
6.422092500000000648e+00
6.226478750000000062e+00
6.107832499999999776e+00
5.910067500000000251e+00
5.782777499999999904e+00
5.616141250000000085e+00
5.343449999999999811e+00
5.185764999999999070e+00
5.119881249999999717e+00
5.078084999999999738e+00
5.037799999999999834e+00
4.865501250000000333e+00
4.459618749999999743e+00
4.089722499999999705e+00
3.918667499999999748e+00
3.810212500000000002e+00
3.707731250000000145e+00
3.616946249999999807e+00
3.468811249999999902e+00
3.397286249999999619e+00
3.586026250000000193e+00
3.808922499999999989e+00
3.997809999999999864e+00
4.341033749999999358e+00
4.426121250000000451e+00
4.218627499999999308e+00
3.579069999999999752e+00
3.016608750000000505e+00
2.750757500000000189e+00
6.813012499999999694e-01
6.983037500000000009e-01
7.269487500000000324e-01
3.871625000000000205e-01
4.071237500000000065e-01
