2.100073749999999961e+01
2.500718750000000057e+01
1.708385000000000176e+01
1.439179999999999815e+01
1.284936249999999802e+01
1.155953750000000113e+01
1.018808749999999996e+01
9.004565000000001262e+00
8.078686249999998736e+00
7.223146249999999213e+00
6.342683750000000842e+00
5.350202499999999972e+00
4.550746249999999549e+00
3.187196250000000397e+00
2.570890000000000342e+00
2.288016250000000085e+00
2.020201249999999948e+00
1.831164999999999710e+00
1.685667499999999874e+00
1.571734999999999660e+00
1.478685000000000027e+00
1.402277499999999844e+00
1.293056250000000018e+00
1.173015000000000141e+00
1.082905000000000006e+00
1.012837500000000057e+00
9.543201250000000746e-01
9.065231250000000962e-01
8.664550000000000862e-01
8.308561249999999454e-01
7.996184999999998988e-01
7.726012499999999061e-01
7.483553749999998228e-01
7.265493750000000528e-01
6.992144999999999611e-01
6.674872499999999764e-01
6.408175000000000399e-01
6.183427500000000521e-01
6.013713750000000413e-01
5.918598750000000353e-01
5.801322500000001270e-01
5.645275000000000709e-01
5.507758750000000258e-01
5.391702499999999620e-01
5.279322500000001028e-01
5.209673750000000103e-01
5.165773750000000053e-01
5.122286249999999930e-01
5.078780000000000516e-01
5.051137500000000280e-01
5.039482499999999865e-01
5.028032499999999239e-01
5.016413749999999450e-01
5.004797500000000010e-01
4.993262499999999715e-01
4.981658749999999802e-01
4.970053750000000270e-01
4.958552499999999696e-01
4.946943750000000195e-01
4.935434999999999683e-01
4.923859999999999904e-01
4.912286249999999743e-01
4.900685000000000180e-01
4.889135000000000009e-01
4.868817500000000020e-01
4.839952499999999880e-01
4.811056249999999812e-01
4.782064999999999788e-01
4.751571250000000135e-01
4.719963750000000235e-01
4.688126249999999273e-01
4.655937499999999729e-01
4.624037500000000023e-01
4.595536249999999656e-01
4.570238749999999683e-01
4.545387499999999914e-01
4.538181249999999611e-01
4.538882499999999931e-01
4.539466249999999925e-01
4.561851249999999691e-01
4.601302500000000184e-01
4.635432500000000733e-01
4.667177500000000423e-01
4.700509999999999966e-01
4.766744999999999455e-01
4.848646249999999935e-01
4.927763750000000442e-01
5.010236249999999725e-01
5.106478749999999733e-01
5.192971249999999150e-01
5.248581250000000642e-01
5.350972499999999688e-01
5.707402499999999490e-01
6.309041250000000378e-01
7.001770000000000493e-01
1.074093749999999847e+00
1.356957500000000039e+00
1.921715000000000284e+00
4.422066250000000309e+00
1.309408750000000055e+01
7.617627499999998975e+01
2.172389999999999873e+03
3.918933749999999918e+02
2.363431250000000006e+01
5.063551250000000614e+00
1.012319999999999887e+00
5.113991249999999544e-01
8.941023750000000048e-01
2.911243749999999908e-01
2.708316250000000203e-01
2.776470000000000327e-01
2.991671250000000337e-01
3.317948750000000446e-01
3.953547500000000325e-01
5.252133750000000934e-01
9.528331249999999475e-01
1.856463750000000079e+00
5.017464999999999620e+00
5.443918750000000273e+02
9.561618749999999523e+01
1.190770000000000106e+00
4.275242499999999946e-01
3.781958750000000147e-01
5.053226250000000253e-01
6.351978749999999119e-01
9.343500000000000139e-01
1.505506250000000046e+00
2.467152500000000082e+00
6.063262499999999555e+00
4.324604999999999677e+02
6.643427499999999952e+01
4.534527500000000266e+00
1.955716250000000045e+00
1.106254999999999988e+00
5.630760000000000209e-01
3.780717499999999842e-01
3.186322500000000058e-01
2.367033750000000214e-01
1.456537499999999985e-01
1.246348750000000061e-01
1.775309999999999944e-01
1.021787499999999987e-01
9.830637500000000140e-02
1.228658749999999855e-01
2.052399999999999780e-01
1.359583750000000091e+00
2.130596250000000111e+02
6.921151250000000532e-01
1.552243749999999978e-01
2.020269999999999844e-01
5.204016249999999388e+01
7.181284999999999474e-01
4.140504999999999880e-01
5.073703749999999957e+01
4.004348749999999679e-01
9.689433750000000600e+01
3.963384999999999825e-01
1.520965000000000122e+00
4.167653750000000201e+01
7.979428750000000514e-01
1.205504999999999995e+02
6.629797499999999566e+00
4.036707500000000337e+00
7.287296249999998921e+00
2.886371249999999833e+00
3.844071249999999829e+00
3.711605000000000043e-01
2.826137500000000191e+00
2.568412499999999987e+00
1.928580000000000183e+00
2.155384999999999884e+00
2.000261249999999880e+00
1.311488750000000092e+00
2.201377499999999987e+00
1.396213750000000253e+00
1.211827500000000057e+00
1.219337499999999963e+00
9.509216250000001036e-01
8.682913750000000874e-01
7.990208749999999638e-01
6.805170000000000385e-01
6.623047500000001087e-01
6.051216249999999963e-01
5.149441249999999748e-01
4.623593750000000169e-01
4.005683749999999765e-01
3.446651250000000166e-01
3.195053750000000359e-01
2.946326250000000369e-01
2.534088749999999779e-01
2.293971250000000073e-01
2.179882499999999945e-01
2.071117499999999834e-01
1.927704999999999835e-01
1.652928749999999780e-01
1.478676250000000025e-01
1.339798750000000260e-01
1.213256249999999925e-01
1.143481249999999949e-01
1.088632500000000086e-01
1.069002500000000161e-01
1.069203750000000119e-01
1.075927500000000009e-01
1.088106249999999942e-01
1.103728749999999953e-01
1.118466249999999912e-01
1.140361250000000159e-01
1.185406249999999967e-01
1.218323750000000066e-01
1.221008749999999976e-01
1.193477500000000024e-01
1.205242500000000133e-01
1.227048749999999910e-01
1.247973750000000021e-01
1.258014999999999828e-01
1.265040000000000053e-01
1.202087499999999892e-01
1.062763750000000063e-01
9.548778750000000426e-02
8.913735000000000408e-02
8.503738750000000568e-02
8.171743749999998974e-02
7.604170000000000373e-02
6.302483749999999996e-02
4.419075000000000086e-02
3.087351250000000200e-02
2.327793749999999828e-02
1.048387500000000014e-02
3.406401250000000609e-03
1.797055000000000093e-03
1.142983750000000015e-03
1.065327499999999981e-03
1.203171249999999927e-03
2.383046249999999969e-04
2.190668749999999929e-04
1.847920000000000020e-04
6.288337500000000676e-05
4.824875000000000116e-05
