1.316658749999999941e-04
1.567825000000000121e-04
1.071051250000000006e-04
9.022630000000000721e-05
8.055521250000000847e-05
7.246814999999999496e-05
6.386886250000000178e-05
5.644773749999999751e-05
5.064200000000000065e-05
4.527712499999999554e-05
3.975573749999999538e-05
3.353130000000000200e-05
2.851685000000000125e-05
1.996130000000000148e-05
1.609246249999999958e-05
1.431558749999999976e-05
1.263242499999999959e-05
1.144357499999999995e-05
1.052797499999999977e-05
9.810476250000000378e-06
9.224061250000001013e-06
8.742145000000000306e-06
8.052609999999998784e-06
7.293605000000000280e-06
6.722640000000000911e-06
6.277644999999999592e-06
5.905232500000001233e-06
5.600213750000000300e-06
5.343796250000000142e-06
5.115471249999999240e-06
4.914563749999999504e-06
4.740199999999999102e-06
4.583264999999999900e-06
4.441647499999999896e-06
4.263117500000000269e-06
4.054521249999999683e-06
3.877648750000000810e-06
3.726992500000000383e-06
3.613228750000000299e-06
3.548709999999999859e-06
3.467778749999999853e-06
3.360101250000000324e-06
3.263767499999999834e-06
3.180751250000000085e-06
3.100002500000000140e-06
3.048296250000000266e-06
3.015381249999999921e-06
2.982769999999999650e-06
2.950148749999999949e-06
2.928973750000000105e-06
2.919330000000000135e-06
2.909855000000000112e-06
2.900242499999999786e-06
2.890631249999999972e-06
2.881088749999999885e-06
2.871488750000000435e-06
2.861882500000000123e-06
2.852370000000000441e-06
2.842763750000000129e-06
2.833241250000000171e-06
2.823663750000000177e-06
2.814088749999999934e-06
2.804487499999999972e-06
2.794932500000000281e-06
2.778121249999999926e-06
2.754236249999999815e-06
2.730328749999999824e-06
2.706339999999999655e-06
2.677771250000000540e-06
2.645000000000000087e-06
2.611991249999999960e-06
2.578619999999999885e-06
2.545546250000000294e-06
2.507901250000000250e-06
2.465157500000000123e-06
2.422381249999999839e-06
2.388033750000000080e-06
2.359020000000000328e-06
2.334868749999999802e-06
2.312833749999999936e-06
2.291420000000000331e-06
2.272896250000000033e-06
2.255663750000000279e-06
2.238463749999999834e-06
2.227537500000000355e-06
2.219398750000000212e-06
2.211533750000000161e-06
2.203337500000000231e-06
2.198004999999999888e-06
2.199456249999999767e-06
2.200639999999999567e-06
2.202821250000000115e-06
2.216878749999999684e-06
2.254136249999999725e-06
2.307145000000000083e-06
2.512272500000000264e-06
2.882159999999999863e-06
3.347318750000000163e-06
5.135933750000000063e-06
1.044013750000000114e-05
4.157399999999999871e-05
9.538869999999998340e-04
1.604332499999999771e-04
6.486852500000000587e-06
1.122723750000000035e-06
5.795371250000000134e-07
7.175032500000000493e-07
8.804181249999999664e-07
1.005862500000000104e-06
1.102139999999999836e-06
1.248558749999999864e-06
1.393978749999999905e-06
1.555008749999999912e-06
1.817613749999999873e-06
2.288256250000000086e-06
3.655269999999999564e-06
6.313712500000000242e-06
1.399955000000000050e-05
1.298776250000000052e-03
2.214240000000000132e-04
1.821165000000000122e-06
5.951444999999999860e-07
5.954938749999999686e-07
7.488809999999999413e-07
8.724294999999998647e-07
1.113177499999999897e-06
1.523411250000000042e-06
2.134262499999999964e-06
4.162002500000000306e-06
1.870804999999999853e-04
2.529861249999999952e-05
1.022113750000000036e-06
3.296331250000000276e-07
1.795355000000000131e-07
1.364754999999999703e-07
1.567391250000000149e-07
1.879723750000000209e-07
2.236656249999999756e-07
2.623091250000000265e-07
2.893992500000000164e-07
3.195726249999999886e-07
3.591221249999999815e-07
4.028356249999999316e-07
5.749210000000000432e-07
9.755307499999999688e-07
3.792546249999999959e-06
4.813217500000000339e-04
1.011791999999999985e-06
2.405957500000000122e-07
7.541528750000000660e-07
1.344202500000000078e-04
7.618182500000000064e-08
1.490968749999999982e-07
1.922867499999999996e-07
2.197633749999999911e-07
2.332465000000000101e-07
2.464131250000000011e-07
4.587696249999999876e-07
6.389307500000000490e-05
2.116952500000000295e-06
4.403328750000000120e-04
9.343523749999999532e-06
1.787408749999999955e-07
2.792573749999999810e-07
2.767323750000000052e-05
4.753791250000000189e-05
2.026358749999999854e-06
4.342217500000000382e-03
3.274936250000000268e-05
1.565601249999999884e-03
1.743170000000000051e-08
5.021966250000000230e-09
4.970402500000000507e-10
1.562543750000000020e-09
2.896942499999999687e-09
5.457564999999999444e-09
9.507921250000000380e-09
1.294974999999999987e-08
1.092082375000000051e-05
1.965153749999999904e-04
4.065556249999999823e-05
1.024277625000000029e-04
1.240316250000000019e-04
1.489648750000000126e-05
1.136960000000000173e-04
2.503871249999999884e-05
1.865654999999999809e-04
1.004971624999999980e-04
9.827788750000001239e-05
7.147476250000000294e-05
4.130000000000000099e-05
3.493280000000000544e-05
1.840000000000000001e-05
3.165528750000000418e-05
1.016194500000000084e-04
1.509058750000000064e-04
6.283966249999999476e-05
7.493721249999999552e-05
1.120334999999999972e-04
2.065041250000000021e-04
2.637590000000000203e-04
2.776726250000000171e-04
2.895640000000000757e-04
3.386837499999999809e-04
5.021803749999999853e-04
6.528523749999999006e-04
7.359501250000000149e-04
1.094558750000000072e-03
1.497607499999999928e-03
1.985964999999999692e-03
3.858727500000000334e-03
6.705283749999998988e-03
9.345916249999999120e-03
1.185941249999999773e-02
1.424516250000000192e-02
1.525870000000000004e-02
2.116159999999999916e-02
3.182429999999999981e-02
3.146348749999999805e-02
5.161702500000000388e-02
9.779088749999999275e-02
1.556875000000000342e-01
2.771808749999999932e-01
4.395062499999999872e-01
5.344286249999999905e-01
5.457125000000000448e-01
5.376722499999999627e-01
5.418137499999999829e-01
5.580988749999999943e-01
5.745706250000000015e-01
9.257051249999999065e-01
1.007548749999999993e+00
9.959783749999999714e-01
2.693875000000000020e-01
2.857925000000000049e-01
3.043087500000000167e-01
1.641537499999999872e-01
1.647599999999999898e-01
