3.093036249999999754e+01
3.928206250000000921e+01
2.879963749999999933e+01
2.541502499999999998e+01
2.352253750000000565e+01
2.196900000000000119e+01
2.034716249999999960e+01
1.897117499999999879e+01
1.791173750000000098e+01
1.694610000000000127e+01
1.596428749999999930e+01
1.487420000000000186e+01
1.400718749999999879e+01
1.255429999999999957e+01
1.190552500000000080e+01
1.161004999999999932e+01
1.133108750000000065e+01
1.113449999999999918e+01
1.098327499999999901e+01
1.086482499999999973e+01
1.076795000000000080e+01
1.068829999999999991e+01
1.057412500000000044e+01
1.044804999999999851e+01
1.035266249999999921e+01
1.027781250000000135e+01
1.021476249999999908e+01
1.016261249999999983e+01
1.011833749999999910e+01
1.007858749999999937e+01
1.004328749999999992e+01
1.001227499999999893e+01
9.984062500000000284e+00
9.958303749999998900e+00
9.925189999999998847e+00
9.885636249999999237e+00
9.851157499999999345e+00
9.820822499999998456e+00
9.797914999999999708e+00
9.784483749999999702e+00
9.766851250000000206e+00
9.743392500000000567e+00
9.721643750000000139e+00
9.702007500000000562e+00
9.682733750000000583e+00
9.669598750000000464e+00
9.661086250000000319e+00
9.652653749999998922e+00
9.644216249999999491e+00
9.638552500000001189e+00
9.635680000000000689e+00
9.632861250000001263e+00
9.629998750000000385e+00
9.627138750000000300e+00
9.624298749999999458e+00
9.621439999999999770e+00
9.618579999999999686e+00
9.615747499999999448e+00
9.612890000000000157e+00
9.610053750000000505e+00
9.607202500000001422e+00
9.604352500000000958e+00
9.601496250000000288e+00
9.598652500000000032e+00
9.593647499999999440e+00
9.586536250000001758e+00
9.579419999999998936e+00
9.572277499999998440e+00
9.562651250000001824e+00
9.550679999999999836e+00
9.538616250000000463e+00
9.526420000000001664e+00
9.514332500000000081e+00
9.498699999999999477e+00
9.479248750000001777e+00
9.459679999999998756e+00
9.441302499999999043e+00
9.424352500000001243e+00
9.410244999999999749e+00
9.393554999999999211e+00
9.374242499999999367e+00
9.357536250000000777e+00
9.341997499999999732e+00
9.326241249999998928e+00
9.309603750000000844e+00
9.292422500000000696e+00
9.275822500000000304e+00
9.258519999999998973e+00
9.241649999999999920e+00
9.231383749999999111e+00
9.224977499999999608e+00
9.213188749999998706e+00
9.179421250000000754e+00
9.138097500000000650e+00
9.108902500000001012e+00
9.222781250000000597e+00
9.147758749999999495e+00
9.361328750000001975e+00
1.088948750000000132e+01
1.775987500000000097e+01
7.928705000000000780e+01
2.307117499999999836e+03
4.423799999999999386e+02
4.154534999999999911e+01
1.768217500000000086e+01
1.144999999999999929e+01
1.027377499999999877e+01
1.016870000000000118e+01
9.250027499999999847e+00
9.020522500000000221e+00
8.742083749999999043e+00
8.515776250000000047e+00
8.307011250000000402e+00
8.030728749999999749e+00
7.661196250000000596e+00
7.066431249999999942e+00
6.622183749999999591e+00
7.898891250000000142e+00
7.682128749999999400e+02
1.640772499999999923e+02
1.406401250000000225e+01
1.035818750000000144e+01
8.720711250000000803e+00
7.541508750000000205e+00
6.927561249999999227e+00
6.116055000000000241e+00
5.218223749999999939e+00
4.767135000000000566e+00
6.578387500000000720e+00
1.028826500000000124e+03
2.190905000000000200e+02
3.846675000000000466e+01
2.648248749999999774e+01
2.148383749999999992e+01
1.760762499999999875e+01
1.560885000000000034e+01
1.445632499999999965e+01
1.357112500000000210e+01
1.282367500000000149e+01
1.243121249999999911e+01
1.213234999999999886e+01
1.167370000000000019e+01
1.131654999999999944e+01
1.040607499999999774e+01
9.137896250000000720e+00
7.307769999999999655e+00
4.454578750000000582e+02
1.693971250000000239e+01
1.240791249999999835e+01
1.095818750000000108e+01
6.709022500000000377e+01
1.068643750000000026e+01
6.809264999999999013e+00
2.113581250000000296e+02
1.360481249999999953e+01
2.204618749999999920e+02
1.794964999999999833e+01
1.200212500000000304e+01
3.442085000000000150e+02
1.943266249999999928e+01
4.006137499999999818e+02
2.874603749999999991e+01
2.079962500000000247e+01
2.511232499999999845e+01
1.936283750000000126e+01
2.527171249999999958e+01
1.288283750000000083e+01
1.942907499999999743e+01
3.027060000000000173e+01
2.062277500000000074e+01
3.172546250000000256e+01
2.668253749999999513e+01
2.365067499999999612e+01
2.874943749999999909e+01
2.065342499999999859e+01
2.405952500000000072e+01
2.054472499999999968e+01
2.367305000000000348e+01
1.578048749999999956e+01
1.613043749999999932e+01
1.608029999999999760e+01
1.512312499999999993e+01
1.495352500000000084e+01
1.451948749999999855e+01
1.384841250000000024e+01
1.346056249999999821e+01
1.314144999999999897e+01
1.303452500000000036e+01
1.291421249999999965e+01
1.268466249999999995e+01
1.252710000000000079e+01
1.244111250000000091e+01
1.234915000000000163e+01
1.220931249999999935e+01
1.183543750000000117e+01
1.148531249999999915e+01
1.092534999999999812e+01
1.030681249999999949e+01
9.716740000000001487e+00
9.237022500000001912e+00
8.940073749999999819e+00
8.818522500000000264e+00
8.678229999999999222e+00
8.519375000000000142e+00
8.322435000000000471e+00
8.160672500000000440e+00
8.061574999999999491e+00
7.885082500000000216e+00
7.759618750000000453e+00
7.646947499999999565e+00
7.464541250000000794e+00
7.337166250000000112e+00
7.280676249999999960e+00
7.244374999999998899e+00
7.205331250000000409e+00
7.118206250000000068e+00
7.006997499999998880e+00
6.937530000000000641e+00
6.909052499999999597e+00
6.900067500000000464e+00
6.900411250000000329e+00
6.906638750000000826e+00
6.930853749999998925e+00
7.060807500000000125e+00
7.342167499999998626e+00
7.573272499999999852e+00
7.731487500000000068e+00
7.934680000000000177e+00
7.835952499999999432e+00
7.444173750000000034e+00
6.666691249999999513e+00
6.087681250000000155e+00
5.829451250000000861e+00
1.454468749999999977e+00
1.464895000000000058e+00
1.480638750000000003e+00
7.566549999999999665e-01
7.692274999999999530e-01
