1.222219999999999906e+01
1.759752500000000097e+01
1.445633750000000006e+01
1.360577499999999951e+01
1.317515000000000036e+01
1.284968749999999993e+01
1.253918749999999882e+01
1.229858750000000001e+01
1.212942500000000123e+01
1.198712499999999892e+01
1.185224999999999973e+01
1.171301250000000138e+01
1.160524999999999984e+01
1.139831249999999940e+01
1.127452500000000057e+01
1.119308750000000074e+01
1.109353749999999827e+01
1.100232499999999902e+01
1.091462499999999913e+01
1.083014999999999972e+01
1.074714999999999776e+01
1.066547499999999893e+01
1.052662500000000101e+01
1.034302499999999903e+01
1.018706249999999969e+01
1.010992500000000049e+01
1.036543749999999875e+01
1.139318749999999980e+01
1.313407500000000105e+01
1.445242499999999808e+01
1.469387500000000202e+01
1.433984999999999843e+01
1.388477500000000120e+01
1.349019999999999797e+01
1.305867500000000092e+01
1.265170000000000172e+01
1.237677500000000030e+01
1.217583749999999831e+01
1.205431249999999999e+01
1.198592499999999994e+01
1.189638749999999945e+01
1.179413749999999972e+01
1.170719999999999850e+01
1.162976250000000178e+01
1.156078749999999999e+01
1.151319999999999943e+01
1.148256249999999845e+01
1.145449999999999946e+01
1.142681250000000048e+01
1.140782499999999722e+01
1.139761249999999926e+01
1.138757500000000178e+01
1.137739999999999796e+01
1.136723749999999988e+01
1.135712500000000169e+01
1.134699999999999953e+01
1.133748749999999994e+01
1.132820000000000071e+01
1.131883750000000077e+01
1.130953749999999935e+01
1.130021250000000066e+01
1.129087499999999977e+01
1.128173750000000020e+01
1.127321250000000141e+01
1.125828749999999978e+01
1.123708749999999945e+01
1.121582500000000060e+01
1.119454999999999956e+01
1.116367499999999957e+01
1.112570000000000014e+01
1.108762500000000095e+01
1.105139999999999922e+01
1.101737499999999947e+01
1.097134999999999927e+01
1.091418749999999704e+01
1.085065000000000168e+01
1.077311249999999809e+01
1.069303749999999908e+01
1.062905000000000122e+01
1.055408749999999962e+01
1.046654999999999980e+01
1.039108749999999937e+01
1.031876250000000006e+01
1.024408749999999912e+01
1.015781249999999858e+01
1.006393750000000153e+01
9.968455000000000510e+00
9.865546249999999517e+00
9.752493749999999295e+00
9.677788749999997719e+00
9.629300000000000637e+00
9.528921249999999787e+00
9.189920000000000755e+00
8.572136249999999791e+00
7.622598749999998979e+00
1.397507500000000036e+01
1.178488749999999996e+01
9.867447500000000815e+00
9.682428750000001472e+00
1.135403750000000045e+01
1.195302500000000023e+01
1.152015000000000100e+01
1.341177499999999867e+01
1.725107500000000016e+01
1.280756249999999952e+01
1.305152499999999982e+01
1.237696249999999765e+01
1.239359999999999928e+01
1.014527500000000160e+01
8.124299999999999855e+00
2.623760000000000048e+01
1.071397500000000136e+01
7.588981250000000500e+01
2.262171250000000100e+01
1.783522500000000122e+01
2.819173750000000211e+01
1.759657499999999786e+01
1.514802500000000052e+01
1.344513750000000130e+01
1.265426250000000152e+01
1.268111249999999934e+01
1.433693749999999945e+01
1.395366250000000008e+01
1.441247500000000059e+01
1.660020000000000095e+01
1.391391250000000035e+01
1.298578750000000070e+01
1.316331249999999997e+01
1.402874999999999872e+01
1.373769999999999847e+01
1.214142499999999991e+01
1.172206249999999805e+01
1.163318750000000001e+01
1.431662500000000193e+01
1.371948750000000139e+01
1.281642500000000062e+01
1.210232499999999867e+01
1.101203749999999992e+01
1.194854999999999912e+01
1.670526249999999635e+01
1.361517500000000069e+01
1.300652499999999989e+01
1.230012499999999953e+01
1.080547499999999772e+01
1.198263750000000094e+01
1.236161249999999967e+01
1.360611250000000183e+01
1.231586250000000149e+01
1.095334999999999859e+01
1.285801249999999918e+01
1.550842500000000079e+01
1.594637500000000330e+01
1.315291249999999934e+01
1.303384999999999749e+01
1.201788749999999872e+01
1.150656249999999936e+01
1.011961249999999879e+01
1.296031250000000057e+01
1.046641250000000056e+01
1.459794999999999909e+01
1.327743749999999956e+01
1.697656250000000000e+01
1.449364999999999881e+01
1.393796249999999937e+01
1.285287500000000094e+01
1.211047499999999921e+01
1.178482500000000144e+01
1.181833750000000016e+01
1.206346249999999998e+01
1.215028750000000102e+01
1.219467499999999838e+01
1.214994999999999870e+01
1.205468750000000000e+01
1.199025000000000141e+01
1.194653749999999803e+01
1.190647499999999859e+01
1.186248750000000030e+01
1.182507500000000000e+01
1.173713749999999933e+01
1.155436249999999987e+01
1.143526250000000033e+01
1.133295000000000030e+01
1.119807500000000111e+01
1.100252499999999856e+01
1.080647500000000072e+01
1.058926250000000024e+01
1.014867500000000078e+01
9.990006249999998644e+00
9.764849999999999142e+00
9.369323749999999507e+00
9.172933750000000330e+00
9.087098749999999114e+00
8.988857499999999945e+00
8.782758749999999281e+00
8.258634999999999948e+00
7.880441249999999620e+00
7.407849999999999824e+00
6.616597500000000132e+00
5.879772500000000512e+00
5.339481249999999513e+00
5.017560000000000464e+00
4.882428749999999873e+00
4.726973749999999086e+00
4.567251249999999985e+00
4.386398749999999680e+00
4.241928749999999582e+00
4.144569999999999865e+00
4.036518749999999933e+00
3.978698749999999951e+00
3.920589999999999797e+00
3.823388749999999447e+00
3.733498749999999866e+00
3.687210000000000321e+00
3.655761249999999851e+00
3.620967499999999450e+00
3.536404999999999355e+00
3.452388749999999895e+00
3.382388750000000055e+00
3.360257500000000341e+00
3.398849999999999483e+00
3.444992500000000124e+00
3.488359999999999683e+00
3.583418749999999875e+00
3.766972500000000057e+00
3.926723749999999846e+00
4.015067499999999789e+00
4.085365000000000357e+00
4.337743749999999565e+00
4.438592499999999497e+00
4.167675000000000018e+00
3.224686250000000420e+00
3.064488749999999317e+00
2.885822499999999735e+00
7.657337499999999908e-01
8.217412500000000897e-01
9.015487500000000098e-01
4.637600000000000056e-01
4.641387499999999888e-01
