8.248125000000000000e+03
9.814809999999999491e+03
6.698951250000000982e+03
5.639316249999999854e+03
5.031799999999999272e+03
4.523484999999999673e+03
3.982559999999999945e+03
3.515325000000000273e+03
3.149400000000000091e+03
2.810864999999999782e+03
2.462011250000000018e+03
2.068037499999999909e+03
1.750231250000000045e+03
1.209609999999999900e+03
9.697283749999999145e+02
8.639266249999999445e+02
7.683106250000000728e+02
7.074235000000001037e+02
6.667521250000000919e+02
6.404521250000000236e+02
6.248828750000000127e+02
6.184417499999999563e+02
6.271299999999999955e+02
6.735384999999999991e+02
7.684726249999999936e+02
9.439111250000000837e+02
1.225551249999999982e+03
1.525123750000000200e+03
1.557440000000000055e+03
1.200507499999999936e+03
7.540136249999999336e+02
4.477231249999999818e+02
2.768866250000000377e+02
1.834112499999999955e+02
1.153780000000000001e+02
7.247727499999999168e+01
5.358198749999999677e+01
4.393707499999999300e+01
3.946444999999999936e+01
3.739481250000000045e+01
3.511886250000000587e+01
3.300487499999999841e+01
3.160720000000000240e+01
3.056862500000000082e+01
2.981592500000000001e+01
2.938581249999999656e+01
2.913068750000000051e+01
2.893967499999999760e+01
2.875882500000000164e+01
2.864383750000000006e+01
2.859517499999999757e+01
2.854740000000000322e+01
2.849891249999999943e+01
2.845041250000000232e+01
2.840227499999999949e+01
2.835521250000000038e+01
2.832257499999999695e+01
2.829400000000000048e+01
2.826516250000000241e+01
2.823659999999999926e+01
2.820785000000000409e+01
2.817911250000000223e+01
2.815559999999999974e+01
2.814558750000000131e+01
2.812902499999999861e+01
2.810548750000000240e+01
2.808194999999999908e+01
2.805832500000000351e+01
2.803612500000000196e+01
2.804076249999999959e+01
2.804767499999999458e+01
2.795875000000000199e+01
2.778911249999999811e+01
2.728013749999999860e+01
2.545090000000000074e+01
2.211139999999999972e+01
1.926815000000000211e+01
1.895991250000000150e+01
1.987063750000000084e+01
2.133559999999999945e+01
2.302505000000000024e+01
2.432462500000000460e+01
2.545718749999999986e+01
2.657007499999999922e+01
2.784552499999999853e+01
2.922451249999999590e+01
3.063012500000000315e+01
3.215238749999999612e+01
3.390381250000000080e+01
3.507543749999999960e+01
3.584811250000000626e+01
3.752653750000000343e+01
4.344462500000000205e+01
5.507036249999999455e+01
7.470888750000000300e+01
3.793702499999999418e+02
6.299985000000000923e+01
1.286922500000000014e+02
3.137029999999999745e+02
4.187822500000000332e+02
3.679037500000000023e+02
3.215686249999999973e+02
5.626675000000000182e+02
4.076189999999999714e+02
1.347867500000000121e+02
2.321107500000000243e+02
1.747237499999999955e+02
8.231154999999999688e+01
1.847032500000000255e+01
6.857819999999999538e+01
2.228218750000000057e+02
5.024282499999999629e+01
8.062923749999999927e+02
1.441105000000000018e+02
1.780875000000000057e+02
9.477946249999999395e+01
5.237979999999999414e+00
3.222075000000000244e+00
1.892252500000000026e+01
1.092521250000000066e+01
7.801977500000000987e+01
1.102541249999999877e+02
1.198253750000000082e+02
9.899611250000000950e+01
6.670713750000000175e+01
2.745132500000000064e+01
4.463311250000000285e+01
4.867462499999999181e+01
6.018103749999999508e+01
1.537793749999999804e+01
1.409097500000000025e+01
2.859889999999999688e+01
9.738389999999999702e+01
7.528298750000000439e+01
2.507031250000000355e+01
1.348022500000000079e+01
2.835311249999999728e+00
2.957601249999999737e+01
1.096141250000000014e+02
7.896438750000001505e+01
2.324321250000000205e+01
8.760949999999999349e+00
3.751801250000000199e+00
1.397845000000000049e+01
8.180436249999999632e+01
4.754633749999999992e+01
8.310856250000000500e+01
1.657260000000000133e+01
2.701008750000000092e+01
3.133648750000000405e+01
1.046517499999999927e+02
6.031853749999999792e+01
2.722494999999999976e+01
1.371458750000000038e+01
1.040316624999999995e+01
1.824207499999999982e+01
1.790217499999999973e+01
2.694161249999999797e+01
2.433276250000000118e+01
4.564286249999999967e+01
1.664971249999999969e+01
2.851741249999999894e+01
2.704996249999999947e+01
2.090203749999999872e+01
1.994187499999999957e+01
1.310868749999999849e+01
1.073385000000000034e+01
1.010668749999999960e+01
1.012842500000000001e+01
9.446417499999999023e+00
8.901736250000000794e+00
8.592776250000000005e+00
7.938390000000000057e+00
7.507159999999999833e+00
7.212670000000000137e+00
6.812493749999999793e+00
6.256982499999999447e+00
5.907018749999999763e+00
5.285029999999999895e+00
4.328135000000000510e+00
3.853048749999999689e+00
3.580467500000000136e+00
3.319465000000000110e+00
3.017143750000000235e+00
2.739306249999999832e+00
2.503533749999999891e+00
2.379388749999999941e+00
2.341293749999999729e+00
2.311444999999999972e+00
2.258918750000000308e+00
2.223998749999999802e+00
2.206156249999999819e+00
2.186222499999999958e+00
2.159487500000000004e+00
2.079332500000000472e+00
2.013132499999999769e+00
1.947054999999999758e+00
1.838044999999999929e+00
1.710670000000000135e+00
1.609113749999999898e+00
1.556336249999999977e+00
1.549088750000000125e+00
1.539744999999999919e+00
1.526853749999999899e+00
1.511304999999999898e+00
1.498501249999999896e+00
1.489872500000000155e+00
1.485357500000000108e+00
1.485744999999999871e+00
1.496893750000000134e+00
1.525807499999999983e+00
1.538994999999999891e+00
1.538897500000000029e+00
1.538323749999999990e+00
1.539013749999999847e+00
1.550053750000000230e+00
1.569790000000000019e+00
1.590727500000000072e+00
1.615357500000000002e+00
1.647646250000000201e+00
1.675322499999999826e+00
1.697731249999999914e+00
1.714978750000000218e+00
1.722172500000000106e+00
1.668373749999999767e+00
1.600110000000000143e+00
1.551043750000000054e+00
1.440339999999999954e+00
1.342557500000000070e+00
1.357967499999999994e+00
1.791658749999999856e+00
1.963653749999999976e+00
1.992712500000000109e+00
5.450524999999999398e-01
5.486837499999999146e-01
5.265349999999999753e-01
2.511987500000000262e-01
2.489999999999999991e-01
