3.515699999999999818e+03
4.175155000000000655e+03
2.842233750000000327e+03
2.387723750000000109e+03
2.126653749999999945e+03
1.907816250000000082e+03
1.674383750000000191e+03
1.472176249999999982e+03
1.313251250000000027e+03
1.165623749999999973e+03
1.012786249999999995e+03
8.388273749999999609e+02
6.972739999999998872e+02
4.527062500000000114e+02
3.431349999999999909e+02
2.948434999999999491e+02
2.515834999999999866e+02
2.245203750000000014e+02
2.069112499999999955e+02
1.959998750000000314e+02
1.901211250000000064e+02
1.885886250000000075e+02
1.958990000000000009e+02
2.239989999999999668e+02
2.728218749999999773e+02
3.542683750000000487e+02
4.922401249999999777e+02
6.616013750000000755e+02
7.284811250000000200e+02
6.032891250000000127e+02
4.056573750000000018e+02
2.556856250000000159e+02
1.653876249999999857e+02
1.125306250000000006e+02
7.101085000000000491e+01
4.237257499999999766e+01
2.831344999999999956e+01
2.041252499999999870e+01
1.647648749999999751e+01
1.455832499999999996e+01
1.235413750000000022e+01
1.020405000000000051e+01
8.701359999999999317e+00
7.540515000000000079e+00
6.661312500000000192e+00
6.136248750000000030e+00
5.818172500000000191e+00
5.565492499999999509e+00
5.323075000000000223e+00
5.164702499999999752e+00
5.090937499999999893e+00
5.018483749999999688e+00
4.944961250000000419e+00
4.871463750000000203e+00
4.798468749999999616e+00
4.726296249999999866e+00
4.667773750000000277e+00
4.613364999999999050e+00
4.558436249999999745e+00
4.503980000000000317e+00
4.449211249999999396e+00
4.394454999999999778e+00
4.344488750000000010e+00
4.307251250000000198e+00
4.242717500000000364e+00
4.151041249999999572e+00
4.059273750000000014e+00
3.967195000000000249e+00
3.850939999999999586e+00
3.753381249999999891e+00
3.659256249999999877e+00
3.611425000000000107e+00
3.604221249999999710e+00
3.626843750000000366e+00
3.758882499999999904e+00
3.875657499999999978e+00
3.775244999999999962e+00
3.519678750000000189e+00
3.328633750000000280e+00
3.192829999999999835e+00
3.095292499999999780e+00
3.076580000000000314e+00
3.099922499999999914e+00
3.144183750000000277e+00
3.218704999999999927e+00
3.318456249999999663e+00
3.446524999999999839e+00
3.601463749999999742e+00
3.817253749999999890e+00
3.968079999999999607e+00
4.072846249999999557e+00
4.334003750000000821e+00
5.401621249999999819e+00
8.322913749999999666e+00
1.724713750000000090e+01
2.685961249999999723e+02
2.688411249999999697e+01
1.498708750000000123e+01
2.062603749999999536e+01
2.428174999999999883e+01
2.251574999999999704e+01
2.759618749999999920e+01
1.292433750000000146e+02
8.823909999999999343e+01
1.222383749999999836e+01
7.731735000000000468e+01
2.097278749999999903e+01
7.788262500000000088e+00
4.105522499999999297e+00
1.753092499999999987e+01
2.831819999999999595e+02
2.735604999999999620e+01
3.016872499999999491e+02
2.576835000000000164e+01
2.899466250000000400e+01
1.807637500000000159e+02
6.169668750000000479e+00
2.243213749999999784e+00
1.290162500000000101e+01
7.685672499999999907e+00
2.273923749999999799e+01
2.055243749999999636e+01
1.371720000000000006e+01
1.456968750000000057e+01
7.955959999999999255e+00
1.997497500000000148e+00
1.005060999999999893e+01
6.518225000000000158e+00
1.927238749999999712e+01
3.135408750000000300e+00
2.412512500000000060e+00
8.677593749999999773e+00
2.599442499999999967e+01
2.493607500000000243e+01
1.653533750000000024e+00
5.841893750000000551e+00
6.108000000000000096e-01
5.281648750000000447e+00
1.183357499999999973e+01
6.697851250000001144e+00
2.224422500000000191e+00
8.822936250000000813e-01
9.972282499999999272e-01
1.957381250000000072e+00
1.930443749999999881e+01
4.452185000000000059e+00
1.805993750000000020e+01
9.371637500000000287e+00
1.112041250000000048e+01
2.475150000000000006e+01
3.245790000000000219e+01
2.144983750000000100e+01
5.817288749999999453e+00
4.754561249999999184e+00
2.215580000000000105e+00
2.112963750000000029e+00
1.843002499999999877e+00
7.820602500000000568e+00
3.097529999999999450e+00
7.851841250000001438e+00
5.153376249999999104e+00
1.015754875000000013e+01
4.722982499999999639e+00
5.024242499999999723e+00
5.719908750000000097e+00
3.679291249999999902e+00
3.005465000000000053e+00
2.819288750000000121e+00
2.822616250000000271e+00
2.670723750000000507e+00
2.540146250000000272e+00
2.402687499999999865e+00
2.114028749999999679e+00
1.932656250000000187e+00
1.812890000000000112e+00
1.687867500000000076e+00
1.539882499999999821e+00
1.448557500000000164e+00
1.290427500000000061e+00
1.055277499999999868e+00
9.363353750000000808e-01
8.506359999999999477e-01
7.532223749999998885e-01
6.577856249999999294e-01
5.751973750000000107e-01
5.064576250000000224e-01
4.551497499999999641e-01
4.360797499999999882e-01
4.183323750000000341e-01
3.893891250000000026e-01
3.698111250000000183e-01
3.601336249999999573e-01
3.501365000000000172e-01
3.349981249999999799e-01
3.018849999999999589e-01
2.707952499999999874e-01
2.407511250000000103e-01
2.043787499999999702e-01
1.778301250000000056e-01
1.572398750000000012e-01
1.479742499999999739e-01
1.452933750000000024e-01
1.420295000000000030e-01
1.380911250000000090e-01
1.338934999999999986e-01
1.307619999999999894e-01
1.286513749999999845e-01
1.247451249999999984e-01
1.217881249999999971e-01
1.186507500000000132e-01
1.133753749999999866e-01
1.113413749999999924e-01
1.112900000000000000e-01
1.112900000000000000e-01
1.112900000000000000e-01
1.112928749999999856e-01
1.115445000000000048e-01
1.119965000000000127e-01
1.117675000000000057e-01
1.105811250000000023e-01
1.089701250000000010e-01
1.073931249999999921e-01
1.046375000000000083e-01
9.397737500000000188e-02
6.973097499999998672e-02
5.395090000000000302e-02
4.472775000000000362e-02
2.843542500000000028e-02
1.704177499999999859e-02
1.195944999999999994e-02
6.816012500000000369e-03
3.943752499999999758e-03
2.323168750000000060e-03
3.348774999999999799e-04
3.023437499999999866e-04
2.617424999999999830e-04
9.923174999999999737e-05
8.189837500000000004e-05
