1.177604999999999927e+04
1.400754999999999927e+04
9.555642499999999927e+03
8.040646249999998872e+03
7.171628749999999854e+03
6.444150000000000546e+03
5.669483750000000327e+03
4.999800000000000182e+03
4.474780000000000655e+03
3.988476249999999709e+03
3.486649999999999181e+03
2.918576250000000073e+03
2.459108749999999873e+03
1.673713749999999891e+03
1.324137500000000045e+03
1.169964999999999918e+03
1.030987499999999955e+03
9.429464999999999009e+02
8.845781250000000000e+02
8.472817500000001019e+02
8.257511250000001155e+02
8.176956249999999500e+02
8.335553750000000264e+02
9.078806250000000091e+02
1.051482500000000073e+03
1.308288749999999936e+03
1.728157499999999800e+03
2.198117499999999836e+03
2.299057499999999891e+03
1.818248749999999973e+03
1.174365000000000009e+03
7.177486249999999472e+02
4.561589999999999918e+02
3.094320000000000164e+02
1.994476249999999879e+02
1.275013750000000101e+02
9.427218750000000114e+01
7.652543749999999534e+01
6.799526249999999550e+01
6.393906249999999147e+01
5.936938750000000198e+01
5.500308749999999947e+01
5.201576250000000101e+01
4.973890000000000100e+01
4.803804999999999836e+01
4.703523750000000092e+01
4.643142500000000439e+01
4.595964999999999634e+01
4.550869999999999749e+01
4.521634999999999849e+01
4.508372499999999405e+01
4.495345000000000368e+01
4.482126249999999601e+01
4.468912500000000421e+01
4.455788749999999965e+01
4.442849999999999966e+01
4.432783750000000111e+01
4.423557499999999720e+01
4.414243749999999977e+01
4.405013749999999817e+01
4.395726249999999879e+01
4.386443749999999397e+01
4.378181250000000091e+01
4.372603750000000389e+01
4.363001249999999942e+01
4.349363750000000550e+01
4.335705000000000098e+01
4.322006249999999739e+01
4.305072499999999991e+01
4.291983750000000697e+01
4.279457500000000891e+01
4.262158749999999685e+01
4.241072499999999934e+01
4.187831249999999983e+01
4.012397500000000861e+01
3.683767499999999728e+01
3.381652499999999861e+01
3.317264999999999731e+01
3.382832499999999953e+01
3.508249999999999602e+01
3.658688749999999601e+01
3.779229999999999734e+01
3.887587500000000773e+01
3.995837500000000375e+01
4.122206249999999983e+01
4.260692500000000393e+01
4.404510000000000502e+01
4.561937499999999801e+01
4.747356249999999989e+01
4.872128749999999542e+01
4.955026250000000232e+01
5.138947499999999735e+01
5.803617500000000007e+01
7.196541250000001355e+01
9.957867500000000405e+01
6.619415000000000191e+02
1.016689999999999969e+02
1.535466249999999775e+02
3.440115000000000123e+02
4.544182500000000005e+02
4.023726250000000846e+02
3.606849999999999454e+02
7.053226250000000164e+02
5.131091250000000628e+02
1.598183749999999748e+02
3.224793750000000045e+02
2.080734999999999957e+02
1.024932499999999891e+02
3.272111250000000382e+01
9.423341250000001423e+01
5.322418749999999363e+02
8.831286249999999427e+01
1.183871250000000146e+03
1.925006250000000136e+02
2.249173749999999927e+02
3.037351249999999823e+02
2.900422499999999815e+01
2.061331249999999926e+01
4.526926249999999641e+01
3.126515000000000200e+01
1.134401249999999948e+02
1.451437500000000114e+02
1.474961250000000064e+02
1.279780000000000086e+02
9.126331250000001205e+01
4.336273749999999438e+01
6.766949999999999932e+01
6.835617499999999325e+01
9.348218749999999488e+01
3.225101250000000164e+01
2.864492500000000064e+01
4.899856249999999847e+01
1.350115000000000123e+02
1.145354999999999848e+02
4.044331249999999756e+01
3.213855000000000217e+01
1.554842499999999994e+01
4.586968750000001194e+01
1.333962499999999807e+02
1.023674249999999972e+02
3.908282500000000681e+01
2.264975000000000094e+01
1.704915000000000092e+01
2.674127499999999813e+01
1.130916249999999934e+02
6.436014999999999020e+01
1.147747500000000116e+02
3.826008749999999736e+01
4.908380000000000365e+01
6.894597500000000423e+01
1.526181250000000205e+02
9.771477499999998884e+01
4.619516250000000213e+01
3.150301249999999698e+01
2.463660000000000139e+01
3.186157500000000198e+01
2.986477500000000163e+01
4.772254999999999825e+01
3.789668749999999875e+01
6.809266250000000298e+01
3.508051249999999754e+01
5.565153750000001054e+01
4.626659999999999684e+01
3.986424999999999841e+01
3.851466250000000713e+01
2.889846250000000083e+01
2.552415000000000234e+01
2.474433750000000032e+01
2.501451250000000215e+01
2.426742499999999936e+01
2.363656250000000014e+01
2.314538749999999823e+01
2.210711249999999950e+01
2.143005000000000138e+01
2.097208750000000066e+01
2.040683750000000174e+01
1.965933750000000302e+01
1.918064999999999998e+01
1.831258750000000290e+01
1.693777500000000202e+01
1.622465000000000046e+01
1.576408750000000047e+01
1.527077499999999866e+01
1.467745000000000211e+01
1.412097500000000139e+01
1.361314999999999920e+01
1.309618750000000098e+01
1.290736250000000318e+01
1.268590000000000018e+01
1.230956250000000018e+01
1.211609999999999943e+01
1.202914999999999957e+01
1.192951249999999952e+01
1.172512500000000024e+01
1.122186250000000030e+01
1.087223749999999889e+01
1.046043749999999939e+01
9.905861250000000950e+00
9.398742500000000888e+00
8.995694999999999553e+00
8.757442499999999797e+00
8.652276249999999891e+00
8.529826249999999277e+00
8.399229999999999308e+00
8.221449999999999037e+00
8.059656249999999744e+00
7.950619999999999798e+00
7.792095000000000660e+00
7.686474999999999724e+00
7.585116250000000448e+00
7.430213750000000061e+00
7.307966249999999775e+00
7.245566250000000430e+00
7.203026250000000630e+00
7.155666249999999451e+00
7.059602500000000447e+00
6.962357499999999533e+00
6.877583750000000329e+00
6.843068749999999589e+00
6.870553750000000903e+00
6.901868749999999331e+00
6.930794999999999817e+00
6.978951250000000606e+00
7.075569999999999027e+00
7.356331250000000210e+00
7.583399999999999253e+00
7.739076250000000101e+00
7.941712499999999508e+00
7.842315000000001035e+00
7.469513750000000840e+00
6.620122499999999910e+00
6.149487499999999329e+00
5.822996250000000096e+00
1.478550000000000031e+00
1.498434999999999961e+00
1.523363750000000127e+00
7.625250000000000083e-01
7.626137499999999791e-01
