1.343938750000000049e+01
1.926097500000000196e+01
1.577328750000000035e+01
1.482644999999999769e+01
1.434732499999999789e+01
1.398592499999999816e+01
1.364250000000000007e+01
1.337823750000000089e+01
1.319456249999999997e+01
1.304267499999999913e+01
1.290239999999999831e+01
1.276597500000000096e+01
1.266995000000000005e+01
1.253388750000000051e+01
1.247753750000000039e+01
1.245091249999999938e+01
1.242338750000000047e+01
1.240157500000000113e+01
1.238252499999999934e+01
1.236554999999999893e+01
1.234982500000000094e+01
1.233507499999999801e+01
1.231111249999999835e+01
1.227898749999999950e+01
1.224869999999999948e+01
1.221942499999999932e+01
1.219074999999999953e+01
1.216231250000000230e+01
1.213395000000000046e+01
1.210542500000000032e+01
1.207646249999999810e+01
1.204711250000000078e+01
1.201722500000000160e+01
1.198661250000000145e+01
1.193942499999999995e+01
1.187173750000000183e+01
1.179977500000000035e+01
1.172088749999999990e+01
1.165591249999999945e+01
1.161121250000000060e+01
1.153591249999999846e+01
1.141716250000000166e+01
1.132842499999999930e+01
1.128030000000000044e+01
1.112124999999999986e+01
1.098271250000000165e+01
1.088463750000000019e+01
1.078031250000000085e+01
1.066672499999999957e+01
1.058143749999999983e+01
1.052811250000000065e+01
1.047564999999999991e+01
1.041787499999999866e+01
1.035727500000000134e+01
1.029680000000000106e+01
1.022944999999999993e+01
1.015946250000000006e+01
1.008917500000000089e+01
1.000864999999999938e+01
9.926379999999999981e+00
9.841933750000000813e+00
9.747980000000000089e+00
9.646229999999999194e+00
9.537918749999999335e+00
9.321743749999999551e+00
8.954717499999999220e+00
8.490077500000001720e+00
7.902503750000000160e+00
7.480768749999999301e+00
1.180586249999999993e+01
1.676212500000000105e+01
1.436108749999999823e+01
1.182237499999999919e+01
1.322563749999999771e+01
5.055308750000000373e+01
3.659163749999999737e+01
2.010041249999999735e+01
1.699592499999999973e+01
1.581178749999999944e+01
1.492751250000000063e+01
1.417153750000000123e+01
1.360826249999999860e+01
1.333247500000000052e+01
1.320652499999999918e+01
1.259802499999999981e+01
1.176504999999999868e+01
1.086066249999999833e+01
1.641244999999999976e+01
1.779793749999999619e+01
1.509260000000000090e+01
1.418676250000000039e+01
1.302446249999999850e+01
1.731419999999999959e+01
1.733629999999999782e+01
1.463914999999999900e+01
1.391499999999999915e+01
1.187813749999999935e+01
1.873955000000000126e+01
1.514400000000000013e+01
1.413764999999999894e+01
1.381682500000000147e+01
1.352708750000000038e+01
1.293233749999999915e+01
1.264937500000000092e+01
1.378739999999999988e+01
1.182778749999999945e+01
1.855392499999999956e+01
1.455618750000000006e+01
1.387068749999999895e+01
1.470107499999999945e+01
1.409280000000000221e+01
1.265831250000000097e+01
1.486487500000000139e+01
1.337041249999999870e+01
1.572412500000000080e+01
1.455017499999999941e+01
1.328849999999999909e+01
1.294687499999999858e+01
1.373160000000000025e+01
1.842773749999999922e+01
1.694194999999999851e+01
1.443003749999999918e+01
1.436898750000000113e+01
1.391983749999999809e+01
1.607812500000000000e+01
1.531856250000000053e+01
1.466960000000000086e+01
1.423647499999999866e+01
1.408408750000000076e+01
1.557382500000000114e+01
1.477136250000000040e+01
1.369743749999999949e+01
1.374121249999999961e+01
1.626251249999999615e+01
1.409609999999999808e+01
1.346482499999999938e+01
1.272941250000000046e+01
1.798217499999999802e+01
1.444238749999999882e+01
1.411466249999999789e+01
2.803816249999999854e+01
1.632506250000000136e+01
1.514665000000000106e+01
1.757746249999999932e+01
1.615057499999999990e+01
1.456004999999999860e+01
1.803889999999999816e+01
1.613586250000000177e+01
1.812852500000000333e+01
1.565605000000000047e+01
3.227012500000000017e+01
1.659483750000000057e+01
1.937670000000000314e+01
1.846602499999999836e+01
1.272642499999999899e+01
1.272419999999999796e+01
1.272279999999999944e+01
1.271118750000000119e+01
1.269927499999999831e+01
1.269609999999999950e+01
1.269361250000000041e+01
1.268933750000000060e+01
1.267927499999999874e+01
1.267041250000000119e+01
1.264545000000000030e+01
1.261017499999999991e+01
1.259887499999999960e+01
1.258005000000000173e+01
1.254935000000000223e+01
1.252101249999999943e+01
1.249938749999999921e+01
1.248414999999999964e+01
1.245188750000000155e+01
1.243062499999999915e+01
1.241583750000000208e+01
1.238792500000000274e+01
1.234713749999999877e+01
1.231602499999999978e+01
1.225406249999999986e+01
1.214656249999999993e+01
1.206631250000000044e+01
1.197326250000000059e+01
1.185064999999999991e+01
1.167517499999999941e+01
1.152963749999999976e+01
1.133178750000000079e+01
1.112562499999999943e+01
1.104777499999999968e+01
1.096726249999999858e+01
1.079671250000000171e+01
1.066944999999999943e+01
1.059596250000000062e+01
1.051384999999999970e+01
1.038274999999999970e+01
1.001446250000000049e+01
9.643258749999999324e+00
9.199236250000000226e+00
8.504793750000001040e+00
7.670765000000001166e+00
6.953428750000000491e+00
6.587436250000000548e+00
6.437318750000000200e+00
6.254497500000000265e+00
6.033644999999999925e+00
5.787302500000000016e+00
5.595564999999999678e+00
5.466349999999999376e+00
5.206431250000001398e+00
5.002781249999999957e+00
4.819578749999999800e+00
4.542993749999999942e+00
4.353489999999999860e+00
4.264686250000000456e+00
4.203721250000000076e+00
4.139421249999999830e+00
3.998984999999999790e+00
3.803726249999999975e+00
3.634284999999999766e+00
3.526130000000000209e+00
3.458358750000000370e+00
3.411212499999999981e+00
3.378051250000000394e+00
3.335893750000000324e+00
3.307021250000000023e+00
3.482042500000000373e+00
3.720726249999999791e+00
3.932592499999999713e+00
4.318605000000000693e+00
4.322698749999999812e+00
4.030932499999999585e+00
3.308697500000000069e+00
2.756411249999999757e+00
2.576378749999999940e+00
6.758387500000000436e-01
6.891112500000000640e-01
7.109462500000000018e-01
3.785124999999999740e-01
3.930087500000000178e-01
