3.888880000000000337e+02
4.657298749999999359e+02
3.202387500000000387e+02
2.709548750000000155e+02
2.427440000000000282e+02
2.191634999999999991e+02
1.940888750000000016e+02
1.724377499999999941e+02
1.554793749999999761e+02
1.397801249999999982e+02
1.235810000000000031e+02
1.052284999999999968e+02
9.034836250000000746e+01
6.459276249999999209e+01
5.279616250000000832e+01
4.734083749999999924e+01
4.216031249999999631e+01
3.858065000000000566e+01
3.584624999999999773e+01
3.373684999999999690e+01
3.204041249999999508e+01
3.066141250000000085e+01
2.882338749999999905e+01
2.687094999999999700e+01
2.550299999999999656e+01
2.450567499999999654e+01
2.376727499999999793e+01
2.320161249999999953e+01
2.276822500000000105e+01
2.243928749999999894e+01
2.219859999999999900e+01
2.202853749999999877e+01
2.190511250000000132e+01
2.182916249999999891e+01
2.182199999999999918e+01
2.194911249999999825e+01
2.221436250000000001e+01
2.268394999999999939e+01
2.321598750000000067e+01
2.365769999999999840e+01
2.484136249999999890e+01
3.055192500000000067e+01
5.038197499999999707e+01
4.282088750000000488e+01
3.153714999999999691e+01
3.148690000000000211e+01
3.259246250000000344e+01
3.412877499999999742e+01
3.609434999999999860e+01
3.771645000000000891e+01
3.883530000000000371e+01
3.993699999999999761e+01
4.126062499999999744e+01
4.271258749999999793e+01
4.417056250000000261e+01
4.596612499999999812e+01
4.789203750000000070e+01
4.985845000000000482e+01
5.239975000000001160e+01
5.505990000000000606e+01
5.785030000000000427e+01
6.127634999999999366e+01
6.527218750000000114e+01
6.981080000000000041e+01
8.011642499999999245e+01
1.015337499999999977e+02
1.385690000000000168e+02
2.169936249999999802e+02
5.995650000000000546e+02
1.522016249999999900e+03
1.223999999999999773e+03
4.157157500000000141e+02
2.425553749999999980e+02
6.915705000000000382e+02
3.165891250000000127e+03
1.071993750000000091e+03
1.580143750000000011e+02
7.299501250000000141e+01
5.077216250000000031e+01
3.889093749999999972e+01
3.269901250000000203e+01
3.993201250000000613e+01
7.805598750000000052e+01
5.262129999999999797e+01
3.511932499999999635e+01
5.071379999999999910e+01
2.096438750000000084e+02
7.855075000000000500e+02
3.229851249999999254e+02
8.830657499999999516e+01
6.281582500000000380e+01
5.348039999999999594e+01
6.184880000000000564e+02
7.980870000000000175e+01
2.761502499999999927e+01
8.887615000000000975e+01
5.033942500000000564e+01
4.729130000000000109e+02
2.416115000000000279e+01
1.720244999999999891e+01
1.656126249999999800e+01
1.661326249999999760e+01
2.183721249999999614e+01
1.171187500000000057e+02
5.169580000000000553e+01
7.459959999999999525e+01
3.285983749999999759e+02
6.462148750000000064e+01
4.971885000000000332e+01
8.856364999999999554e+01
2.632863749999999925e+01
6.042039999999999367e+01
8.667313749999999573e+01
1.065493749999999977e+02
9.493083749999999554e+01
3.289331250000000040e+01
2.964170000000000371e+01
2.210327500000000001e+01
1.133128750000000053e+02
1.052573749999999961e+02
8.809524999999999295e+01
3.079723750000000138e+01
3.820581250000000750e+01
7.376772499999999866e+01
6.508387500000000614e+01
7.264152500000000146e+01
1.946942500000000109e+01
5.792132500000000306e+01
3.393560000000000088e+01
9.844947500000002094e+01
2.090180000000000149e+01
2.046507500000000235e+01
5.120391249999999417e+01
6.302256250000000648e+01
2.490659999999999741e+01
1.460407500000000169e+01
4.012497499999999917e+01
1.321441250000000025e+02
2.214880000000000138e+01
6.673550000000000182e+01
1.470244999999999891e+02
4.419812499999999744e+01
5.756165000000000020e+01
5.817370000000000374e+01
4.760861250000000666e+01
2.737146249999999981e+01
9.459476249999998743e+01
3.974253749999999741e+01
6.221466250000000286e+01
4.910465000000000657e+01
1.220121249999999833e+02
3.638886249999999478e+01
4.549735000000000440e+01
5.211681249999999466e+01
4.179417500000000274e+01
4.115067499999999967e+01
4.074116250000000150e+01
3.754797500000000099e+01
3.465137499999999449e+01
3.396062500000000028e+01
3.355313750000000539e+01
3.291608750000000327e+01
3.142762499999999903e+01
3.012085000000000434e+01
2.758658750000000381e+01
2.466521250000000265e+01
2.392307499999999720e+01
2.297221249999999770e+01
2.163810000000000144e+01
2.083796249999999972e+01
2.024158750000000140e+01
1.982071249999999907e+01
1.897281250000000341e+01
1.856889999999999930e+01
1.833239999999999981e+01
1.788674999999999571e+01
1.734929999999999950e+01
1.700145000000000195e+01
1.645713749999999820e+01
1.573227500000000134e+01
1.534148749999999950e+01
1.498583750000000236e+01
1.463202499999999873e+01
1.416380000000000017e+01
1.388884999999999792e+01
1.354732500000000250e+01
1.319155000000000122e+01
1.306145000000000067e+01
1.294318750000000051e+01
1.270682500000000203e+01
1.254220000000000113e+01
1.245566249999999897e+01
1.235899999999999999e+01
1.221922499999999978e+01
1.185672500000000085e+01
1.149352499999999999e+01
1.109023750000000064e+01
1.049017500000000069e+01
9.769501249999999359e+00
9.144831250000001077e+00
8.812193749999998715e+00
8.673969999999998848e+00
8.505631250000000421e+00
8.302276250000000246e+00
8.078438750000000113e+00
7.906293750000000564e+00
7.790283750000000396e+00
7.556923749999999274e+00
7.374081249999999699e+00
7.214672499999999822e+00
6.986628749999999499e+00
6.837989999999999569e+00
6.770392499999998925e+00
6.723984999999999879e+00
6.677482499999999987e+00
6.584352499999999608e+00
6.468899999999999650e+00
6.392522500000000107e+00
6.362153750000000052e+00
6.357525000000000759e+00
6.365333750000000457e+00
6.377067499999999001e+00
6.413107499999998851e+00
6.604739999999999611e+00
7.097850000000000215e+00
7.492886249999999748e+00
7.728066250000000359e+00
8.047238749999999996e+00
7.860709999999999198e+00
7.416847499999999371e+00
6.564049999999999940e+00
6.001686250000000555e+00
5.771441250000000522e+00
1.455651250000000063e+00
1.465225000000000000e+00
1.482008749999999875e+00
7.591862499999999514e-01
7.702537499999999593e-01
