0.000000000000000000e+00
0.000000000000000000e+00
0.000000000000000000e+00
0.000000000000000000e+00
0.000000000000000000e+00
0.000000000000000000e+00
0.000000000000000000e+00
0.000000000000000000e+00
0.000000000000000000e+00
0.000000000000000000e+00
0.000000000000000000e+00
0.000000000000000000e+00
0.000000000000000000e+00
0.000000000000000000e+00
0.000000000000000000e+00
0.000000000000000000e+00
0.000000000000000000e+00
0.000000000000000000e+00
0.000000000000000000e+00
0.000000000000000000e+00
0.000000000000000000e+00
0.000000000000000000e+00
0.000000000000000000e+00
0.000000000000000000e+00
0.000000000000000000e+00
0.000000000000000000e+00
0.000000000000000000e+00
0.000000000000000000e+00
0.000000000000000000e+00
0.000000000000000000e+00
0.000000000000000000e+00
0.000000000000000000e+00
0.000000000000000000e+00
0.000000000000000000e+00
0.000000000000000000e+00
0.000000000000000000e+00
0.000000000000000000e+00
0.000000000000000000e+00
0.000000000000000000e+00
0.000000000000000000e+00
0.000000000000000000e+00
0.000000000000000000e+00
0.000000000000000000e+00
0.000000000000000000e+00
0.000000000000000000e+00
0.000000000000000000e+00
0.000000000000000000e+00
0.000000000000000000e+00
0.000000000000000000e+00
0.000000000000000000e+00
0.000000000000000000e+00
0.000000000000000000e+00
0.000000000000000000e+00
0.000000000000000000e+00
0.000000000000000000e+00
0.000000000000000000e+00
0.000000000000000000e+00
0.000000000000000000e+00
0.000000000000000000e+00
0.000000000000000000e+00
0.000000000000000000e+00
0.000000000000000000e+00
0.000000000000000000e+00
0.000000000000000000e+00
0.000000000000000000e+00
0.000000000000000000e+00
0.000000000000000000e+00
0.000000000000000000e+00
0.000000000000000000e+00
0.000000000000000000e+00
0.000000000000000000e+00
0.000000000000000000e+00
0.000000000000000000e+00
0.000000000000000000e+00
0.000000000000000000e+00
0.000000000000000000e+00
0.000000000000000000e+00
0.000000000000000000e+00
0.000000000000000000e+00
0.000000000000000000e+00
0.000000000000000000e+00
0.000000000000000000e+00
0.000000000000000000e+00
0.000000000000000000e+00
0.000000000000000000e+00
0.000000000000000000e+00
0.000000000000000000e+00
0.000000000000000000e+00
0.000000000000000000e+00
0.000000000000000000e+00
0.000000000000000000e+00
0.000000000000000000e+00
0.000000000000000000e+00
0.000000000000000000e+00
0.000000000000000000e+00
0.000000000000000000e+00
0.000000000000000000e+00
0.000000000000000000e+00
0.000000000000000000e+00
0.000000000000000000e+00
0.000000000000000000e+00
0.000000000000000000e+00
0.000000000000000000e+00
0.000000000000000000e+00
0.000000000000000000e+00
0.000000000000000000e+00
0.000000000000000000e+00
0.000000000000000000e+00
0.000000000000000000e+00
0.000000000000000000e+00
0.000000000000000000e+00
0.000000000000000000e+00
0.000000000000000000e+00
0.000000000000000000e+00
0.000000000000000000e+00
0.000000000000000000e+00
0.000000000000000000e+00
0.000000000000000000e+00
0.000000000000000000e+00
0.000000000000000000e+00
0.000000000000000000e+00
0.000000000000000000e+00
0.000000000000000000e+00
0.000000000000000000e+00
0.000000000000000000e+00
0.000000000000000000e+00
0.000000000000000000e+00
0.000000000000000000e+00
0.000000000000000000e+00
0.000000000000000000e+00
0.000000000000000000e+00
0.000000000000000000e+00
0.000000000000000000e+00
0.000000000000000000e+00
0.000000000000000000e+00
0.000000000000000000e+00
0.000000000000000000e+00
0.000000000000000000e+00
0.000000000000000000e+00
0.000000000000000000e+00
0.000000000000000000e+00
0.000000000000000000e+00
0.000000000000000000e+00
0.000000000000000000e+00
0.000000000000000000e+00
0.000000000000000000e+00
0.000000000000000000e+00
0.000000000000000000e+00
0.000000000000000000e+00
0.000000000000000000e+00
0.000000000000000000e+00
0.000000000000000000e+00
0.000000000000000000e+00
2.699649999999999957e-07
1.384422500000000127e-06
1.353869999999999880e-06
1.334428749999999772e-06
1.182879999999999803e-06
1.045534999999999892e-06
1.012815000000000060e-06
9.935648749999998543e-07
9.635170000000000111e-07
8.933111250000000012e-07
8.316774999999999244e-07
7.124546249999999990e-07
5.753881249999999409e-07
5.407112500000000105e-07
4.965426249999999646e-07
4.348268750000000295e-07
3.983778750000000186e-07
3.712388749999999765e-07
3.520863750000000041e-07
3.136012499999999839e-07
2.956442499999999773e-07
2.852821250000000033e-07
2.657571250000000187e-07
2.426486250000000073e-07
2.279795000000000199e-07
2.059384999999999882e-07
1.803457500000000120e-07
1.801761249999999884e-07
1.831384999999999958e-07
1.842241250000000257e-07
1.855953750000000255e-07
1.864727499999999980e-07
1.875916250000000193e-07
1.887571250000000042e-07
1.897790000000000214e-07
1.929550000000000228e-07
1.996827499999999952e-07
2.047003750000000103e-07
2.075996249999999957e-07
2.108384999999999857e-07
2.160087500000000052e-07
2.413891250000000218e-07
2.738138750000000157e-07
7.828376250000000543e-07
2.042018750000000141e-06
3.554305000000000353e-06
8.591906250000000287e-06
2.193673749999999878e-05
2.879421250000000041e-05
3.714563749999999135e-05
4.723440000000000299e-05
1.082863749999999920e-04
1.903681249999999926e-04
2.456879999999999828e-04
3.569654999999999486e-04
4.441533749999999935e-04
6.311456249999999445e-04
1.220063750000000219e-03
2.278851250000000009e-03
2.969558749999999785e-03
3.443726249999999687e-03
4.531765000000000099e-03
9.222533750000001113e-03
4.432832500000000175e-02
1.109539999999999971e-01
1.613657500000000022e-01
1.864800000000000069e-01
2.151650000000000229e-01
2.416831249999999986e-01
2.730332500000000051e-01
3.305543750000000114e-01
3.833159999999999901e-01
4.046722500000000111e-01
4.060287499999999938e-01
3.936275000000000190e-01
3.626953749999999865e-01
3.480189999999999673e-01
7.741676250000000259e-01
7.400583750000000460e-01
5.443737499999999896e-01
1.123403749999999923e-01
1.180576249999999994e-01
1.410452500000000109e-01
9.359525000000000483e-02
9.328262499999999402e-02
