3.754486249999999927e+02
4.464688749999999686e+02
3.044655000000000200e+02
2.561285000000000309e+02
2.283965000000000032e+02
2.051774999999999807e+02
1.804461249999999950e+02
1.590593749999999886e+02
1.422846250000000055e+02
1.267371250000000202e+02
1.106787500000000080e+02
9.246251249999998834e+01
7.767841249999999320e+01
5.205888750000000442e+01
4.031862499999999727e+01
3.488993750000000205e+01
2.973695000000000022e+01
2.617905000000000015e+01
2.346369999999999933e+01
2.137131250000000193e+01
1.969057499999999905e+01
1.832635000000000147e+01
1.651228749999999934e+01
1.459196249999999750e+01
1.325430000000000064e+01
1.228623750000000214e+01
1.157651250000000154e+01
1.103931249999999764e+01
1.063423750000000112e+01
1.033386250000000040e+01
1.012215000000000131e+01
9.981439999999999202e+00
9.887872499999998510e+00
9.842522500000001173e+00
9.882550000000000168e+00
1.007741249999999944e+01
1.041457500000000103e+01
1.096304999999999907e+01
1.156010000000000026e+01
1.204647499999999916e+01
1.330550000000000210e+01
1.913474999999999682e+01
3.905353750000000446e+01
3.154059999999999775e+01
2.041592500000000143e+01
2.050419999999999732e+01
2.170778750000000556e+01
2.334847500000000409e+01
2.542761249999999862e+01
2.713500000000000156e+01
2.830719999999999459e+01
2.946134999999999948e+01
3.084273750000000192e+01
3.235529999999999973e+01
3.387378749999999883e+01
3.573668750000000216e+01
3.773256250000000023e+01
3.976928749999999724e+01
4.239111249999999842e+01
4.513348750000000109e+01
4.800836249999999694e+01
5.152837499999999693e+01
5.562596249999999998e+01
6.027288749999999595e+01
7.079468750000000909e+01
9.257896250000000293e+01
1.300788750000000107e+02
2.090909999999999798e+02
5.920838750000000346e+02
1.510211250000000064e+03
1.207236249999999927e+03
4.013547499999999673e+02
2.307331249999999727e+02
6.783448750000001155e+02
3.115337500000000091e+03
1.035401749999999993e+03
1.379138749999999902e+02
5.599908750000000168e+01
3.496036250000000223e+01
2.396343750000000128e+01
1.852748749999999944e+01
2.632375000000000043e+01
6.472351249999999823e+01
3.941478749999999565e+01
2.252128749999999968e+01
3.894873750000000001e+01
1.987832500000000095e+02
7.690951250000000528e+02
3.051873750000000314e+02
7.321394999999999698e+01
4.862905000000000655e+01
4.045593750000000455e+01
6.011738750000000664e+02
6.247240000000000038e+01
1.297588750000000068e+01
7.496116250000000036e+01
3.846127500000000055e+01
4.541733749999999645e+02
9.017166250000000716e+00
3.064803750000000271e+00
2.744459999999999678e+00
3.086188749999999814e+00
8.904893749999999386e+00
1.044693749999999852e+02
3.790840000000000032e+01
6.277179999999999893e+01
3.100442500000000337e+02
5.006531250000000455e+01
3.584818750000000165e+01
7.386257500000000675e+01
1.223585000000000100e+01
4.776212500000000460e+01
7.180822499999999309e+01
9.317900000000000205e+01
7.920669999999999789e+01
1.834314999999999785e+01
1.635321250000000148e+01
9.156388749999999632e+00
9.958109999999999218e+01
8.682968750000000568e+01
7.115330000000000155e+01
1.636717499999999959e+01
2.383682500000000104e+01
5.984788749999999169e+01
4.900578749999999673e+01
5.732295000000000584e+01
4.799826249999999739e+00
4.368486250000000837e+01
1.985150000000000148e+01
8.287562499999999943e+01
6.130437499999999318e+00
6.767654999999999532e+00
3.746271250000000208e+01
4.676001250000000198e+01
1.081048750000000069e+01
1.139258749999999987e+00
2.739557499999999735e+01
1.141620000000000061e+02
7.706424999999999415e+00
5.262088750000000203e+01
1.189863749999999953e+02
2.787306249999999963e+01
4.241499999999999204e+01
4.059624999999999773e+01
3.145806250000000404e+01
1.281142499999999984e+01
7.655585000000000662e+01
2.360666249999999877e+01
4.408613749999999953e+01
3.344856250000000131e+01
8.974205000000002030e+01
1.979402499999999776e+01
2.612063750000000084e+01
3.365081250000000068e+01
2.906773749999999978e+01
2.842647500000000349e+01
2.801836250000000206e+01
2.483678749999999980e+01
2.195210000000000150e+01
2.126454999999999629e+01
2.085952499999999787e+01
2.022673749999999870e+01
1.874833750000000165e+01
1.745043749999999960e+01
1.494113749999999996e+01
1.205501250000000013e+01
1.132421249999999979e+01
1.039215000000000089e+01
9.088723749999999768e+00
8.316933750000000458e+00
7.742180000000000284e+00
7.336563749999999828e+00
6.520952499999999930e+00
6.138268749999999940e+00
5.916557499999999692e+00
5.498800000000000132e+00
5.002152500000000224e+00
4.685418750000000188e+00
4.203077500000000022e+00
3.582853750000000392e+00
3.261670000000000069e+00
2.986557499999999976e+00
2.740444999999999798e+00
2.426613749999999570e+00
2.280664999999999942e+00
2.114802500000000141e+00
1.942022500000000207e+00
1.881551250000000008e+00
1.836411250000000051e+00
1.740798750000000172e+00
1.669487500000000013e+00
1.628281250000000124e+00
1.582251250000000109e+00
1.508772500000000072e+00
1.335282499999999706e+00
1.181217500000000031e+00
1.049811250000000085e+00
8.963708750000000114e-01
7.120908749999999010e-01
5.608230000000000715e-01
5.044868750000000013e-01
4.840569999999999595e-01
4.591761249999999350e-01
4.291197499999999665e-01
4.039933750000000434e-01
3.902665000000000162e-01
3.810162500000000008e-01
3.624096249999999575e-01
3.478306250000000044e-01
3.332275000000000098e-01
3.078866250000000249e-01
2.937467500000000009e-01
2.881846250000000276e-01
2.843663750000000601e-01
2.802080000000000126e-01
2.706442499999999751e-01
2.539206249999999554e-01
2.348303750000000079e-01
2.212459999999999982e-01
2.130361249999999929e-01
2.058049999999999879e-01
1.998604999999999965e-01
1.913792499999999730e-01
1.728784999999999905e-01
1.401303750000000015e-01
1.146592499999999903e-01
9.549939999999999818e-02
5.197964999999999530e-02
2.351286250000000216e-02
1.141266250000000024e-02
3.371701249999999820e-03
1.939555000000000142e-03
2.094373750000000107e-03
4.504100000000000464e-04
4.131475000000000013e-04
3.430274999999999882e-04
1.034893750000000039e-04
7.113425000000000423e-05
