1.450394999999999968e+01
1.936183750000000359e+01
1.498178749999999937e+01
1.369968749999999957e+01
1.302978750000000119e+01
1.251384999999999970e+01
1.201553749999999887e+01
1.162793749999999982e+01
1.135706250000000139e+01
1.113296250000000143e+01
1.092642500000000005e+01
1.072720000000000162e+01
1.058906250000000071e+01
1.040488749999999918e+01
1.033673750000000169e+01
1.030947499999999906e+01
1.028447499999999870e+01
1.026693750000000094e+01
1.025308750000000124e+01
1.024169999999999980e+01
1.023178749999999937e+01
1.022300000000000075e+01
1.020922499999999822e+01
1.019171249999999951e+01
1.017588749999999997e+01
1.016104999999999947e+01
1.014683750000000018e+01
1.013309999999999889e+01
1.011973749999999939e+01
1.010668750000000138e+01
1.009379999999999988e+01
1.008115000000000094e+01
1.006867499999999893e+01
1.005627499999999941e+01
1.003834999999999944e+01
1.001431250000000084e+01
9.990768750000000864e+00
9.967430000000000234e+00
9.949806249999999963e+00
9.938408750000000680e+00
9.921614999999999185e+00
9.899264999999999759e+00
9.876992500000000064e+00
9.855129999999999058e+00
9.833372499999999405e+00
9.817207500000000309e+00
9.806488749999999754e+00
9.795869999999998967e+00
9.785246250000001922e+00
9.777870000000000061e+00
9.773746250000000302e+00
9.769698749999999876e+00
9.765592499999998566e+00
9.761485000000000412e+00
9.757411250000000535e+00
9.753306249999999622e+00
9.749204999999999899e+00
9.745139999999999247e+00
9.741036250000000507e+00
9.736967500000000442e+00
9.732876250000002116e+00
9.728783750000001618e+00
9.724683750000000515e+00
9.720602500000001811e+00
9.713417500000000260e+00
9.703215000000000146e+00
9.693000000000001393e+00
9.682753749999998050e+00
9.667879999999998475e+00
9.648591250000000841e+00
9.629163750000000022e+00
9.609524999999999650e+00
9.590058749999998966e+00
9.563838749999998612e+00
9.530388750000000186e+00
9.496713750000001397e+00
9.464342499999998992e+00
9.434150000000000702e+00
9.409022500000000733e+00
9.378796250000000612e+00
9.343511249999998824e+00
9.312986250000001576e+00
9.284598749999998901e+00
9.256807500000000744e+00
9.226807499999999607e+00
9.195199999999999818e+00
9.164697499999999053e+00
9.134162499999998630e+00
9.104451250000000329e+00
9.085387500000001282e+00
9.073434999999999917e+00
9.051485000000001335e+00
8.989512500000000017e+00
8.910857500000000542e+00
8.847628750000000153e+00
8.722879999999999967e+00
8.606231250000000443e+00
8.536419999999999675e+00
8.434797500000000170e+00
8.353431249999999864e+00
8.308768750000000480e+00
8.271042500000000075e+00
8.222466250000000088e+00
8.190994999999999138e+00
8.103744999999999976e+00
7.961805000000000021e+00
7.838073750000000395e+00
7.698693749999999447e+00
7.596313749999999310e+00
7.528747500000000592e+00
7.445278750000000834e+00
7.382113749999999364e+00
7.330017500000000297e+00
7.270691249999999606e+00
7.205394999999999328e+00
7.126085000000000669e+00
7.068119999999999514e+00
7.027107499999999618e+00
6.977266250000000447e+00
6.911001249999999985e+00
6.824983750000000349e+00
6.727224999999999788e+00
6.642564999999999387e+00
6.581983750000000022e+00
6.555427500000000407e+00
6.528511250000001098e+00
6.501129999999999853e+00
6.482079999999999842e+00
6.458631249999998936e+00
6.433181250000000517e+00
6.399246250000000025e+00
6.374621249999999684e+00
6.355707500000000287e+00
6.335062499999999375e+00
6.303422500000000817e+00
6.271348749999999583e+00
6.241880000000000983e+00
6.210754999999998915e+00
6.177866250000000115e+00
6.155356249999999640e+00
6.131176249999999328e+00
6.101264999999999716e+00
6.071012500000000145e+00
5.986859999999999182e+00
5.877633750000000212e+00
5.751372500000000443e+00
5.523886250000000331e+00
8.846095000000000041e+00
2.320583750000000123e+01
6.651901250000000765e+00
6.364353750000001142e+00
6.157216250000000279e+00
6.013875000000000526e+00
5.871746250000000167e+00
5.714266249999999658e+00
5.576576250000000456e+00
5.452552500000000357e+00
1.314118749999999913e+01
6.189062500000000355e+00
6.258993749999999245e+00
6.130737499999999507e+00
5.996257500000000462e+00
5.873166250000000588e+00
7.201690000000000147e+00
1.057230000000000025e+01
6.205137500000000195e+00
5.089702499999999574e+00
1.074588750000000203e+01
8.704281249999999304e+00
7.611343750000000519e+00
7.519011250000000146e+00
1.020652624999999958e+01
8.382396250000001103e+00
7.718693750000000797e+00
8.123746249999999947e+00
8.201856249999998738e+00
7.842167499999999514e+00
6.422844999999998805e+00
5.949545000000000528e+00
5.719836250000000177e+00
5.683398750000000277e+00
5.484904999999999475e+00
5.277831249999999308e+00
5.203659999999999286e+00
5.255303750000000385e+00
5.303388749999999874e+00
5.169838749999999372e+00
5.099257500000000221e+00
4.994144999999999612e+00
4.786927500000000002e+00
4.796843749999999851e+00
4.914325000000000720e+00
5.045537500000000009e+00
5.165688750000000162e+00
5.169537499999999675e+00
5.137728749999999955e+00
5.128778750000000386e+00
5.164032500000000248e+00
5.245350000000000179e+00
5.341422500000000184e+00
5.403928750000000392e+00
5.429612500000000175e+00
5.459514999999999674e+00
5.492773749999999566e+00
5.525651249999999237e+00
5.557623749999999418e+00
5.580276249999999827e+00
5.623766250000000966e+00
5.656067499999999804e+00
5.666703750000000817e+00
5.617806250000000112e+00
5.580078749999999310e+00
5.562967500000000065e+00
5.549118750000000766e+00
5.536986249999999998e+00
5.518270000000000231e+00
5.487982500000000208e+00
5.435202500000000825e+00
5.389387500000000664e+00
5.349467499999999376e+00
5.309644999999999726e+00
5.277606249999999832e+00
5.215216250000000109e+00
4.983923749999999764e+00
4.441840000000000011e+00
3.992463749999999756e+00
3.676608750000000203e+00
2.944216249999999313e+00
2.398744999999999905e+00
2.205553749999999980e+00
2.273295000000000510e+00
2.669687499999999325e+00
2.954996249999999769e+00
8.095200000000000173e-01
8.222487499999999727e-01
8.275900000000000478e-01
4.115362499999999923e-01
4.094562500000000216e-01
