2.544337500000000034e+02
3.050411250000000223e+02
2.101248749999999745e+02
1.780790000000000077e+02
1.597810000000000059e+02
1.445229999999999961e+02
1.283481249999999818e+02
1.144297499999999843e+02
1.035721249999999998e+02
9.356374999999999886e+01
8.328573749999999620e+01
7.172742500000001087e+01
6.243156249999999829e+01
4.660242500000001087e+01
3.944441249999999854e+01
3.615364999999999895e+01
3.302743749999999778e+01
3.081427500000000208e+01
2.910643749999999841e+01
2.776397500000000207e+01
2.666211249999999922e+01
2.575282499999999786e+01
2.444812500000000099e+01
2.300244999999999962e+01
2.190540000000000020e+01
2.104112499999999741e+01
2.031256249999999852e+01
1.970301249999999982e+01
1.918169999999999931e+01
1.873631250000000392e+01
1.833104999999999762e+01
1.797372500000000173e+01
1.764901249999999777e+01
1.735322499999999835e+01
1.697499999999999787e+01
1.652526250000000019e+01
1.613645000000000351e+01
1.579775000000000063e+01
1.554197500000000076e+01
1.539379999999999882e+01
1.520239999999999903e+01
1.494770000000000110e+01
1.471477499999999949e+01
1.450800000000000090e+01
1.430586249999999993e+01
1.417161249999999839e+01
1.408522499999999944e+01
1.399964999999999904e+01
1.391406250000000000e+01
1.385747499999999910e+01
1.383007499999999901e+01
1.380315000000000225e+01
1.377585000000000015e+01
1.374854999999999983e+01
1.372142499999999998e+01
1.369415000000000049e+01
1.366688750000000141e+01
1.363985000000000092e+01
1.361257499999999787e+01
1.358549999999999791e+01
1.355829999999999913e+01
1.353112500000000296e+01
1.350384999999999991e+01
1.347671250000000143e+01
1.342894999999999861e+01
1.336110000000000042e+01
1.329318749999999838e+01
1.322506249999999817e+01
1.313807499999999884e+01
1.303340000000000032e+01
1.292798749999999863e+01
1.282140000000000057e+01
1.271573749999999947e+01
1.258621250000000025e+01
1.243062500000000092e+01
1.227448750000000111e+01
1.213642500000000091e+01
1.201302499999999895e+01
1.191034999999999933e+01
1.179647499999999916e+01
1.166947500000000026e+01
1.155959999999999965e+01
1.145744999999999969e+01
1.136399999999999899e+01
1.126847500000000046e+01
1.116779999999999973e+01
1.107081250000000061e+01
1.097966249999999988e+01
1.089403749999999960e+01
1.083911249999999882e+01
1.080468750000000178e+01
1.074164999999999992e+01
1.057551250000000209e+01
1.037427500000000080e+01
1.022232499999999966e+01
9.931181250000001626e+00
9.675728749999999323e+00
9.530941249999997922e+00
9.329274999999999096e+00
9.174016249999999317e+00
9.091926250000000209e+00
9.025038750000000221e+00
8.938915000000001498e+00
8.883116250000000491e+00
8.731717500000000243e+00
8.496865000000001444e+00
8.301216249999999519e+00
8.089904999999999902e+00
7.940018750000000125e+00
7.843623750000000783e+00
7.727148749999999566e+00
7.640597500000000153e+00
7.570393750000000033e+00
7.491652499999999826e+00
7.406208750000001118e+00
7.304618749999999494e+00
7.231722500000000942e+00
7.180276249999999472e+00
7.118421249999999922e+00
7.037637499999999768e+00
6.934612500000000068e+00
6.819727499999999942e+00
6.722476249999999709e+00
6.653690000000000104e+00
6.623726250000000704e+00
6.593893749999999443e+00
6.563547500000000312e+00
6.542432499999999429e+00
6.516532500000000283e+00
6.488898749999999715e+00
6.452128749999999968e+00
6.425475000000000492e+00
6.405276250000000893e+00
6.383404999999999774e+00
6.349888749999999860e+00
6.316295000000000215e+00
6.285846250000000524e+00
6.253782500000000688e+00
6.220607499999999845e+00
6.198044999999999582e+00
6.173900000000000610e+00
6.144717499999999610e+00
6.115758750000001243e+00
6.038562500000000277e+00
5.945433750000000295e+00
5.855121249999999833e+00
5.740531249999999197e+00
3.396050000000000324e+01
9.402337500000000148e+01
6.875840000000000174e+00
6.460367500000000263e+00
6.210561250000000477e+00
8.834413750000001286e+00
5.906458749999999647e+00
5.745755000000000834e+00
5.619138750000000293e+00
5.515817499999998930e+00
2.712270000000000181e+01
6.208657500000000162e+00
8.965778750000000130e+00
6.143878749999999833e+00
6.003526250000000175e+00
7.771227500000000177e+00
1.433865000000000123e+01
1.513766249999999935e+01
6.559686250000000385e+00
5.123355000000000103e+00
1.371161249999999754e+01
1.044416250000000090e+01
9.180738750000001502e+00
9.903825000000001211e+00
1.186591250000000031e+01
9.517487500000001432e+00
8.924253750000000096e+00
9.605292500000000899e+00
9.409511249999999549e+00
9.045132499999999354e+00
7.799262500000001097e+00
7.103641249999999907e+00
6.673102500000000603e+00
6.551953750000000021e+00
6.253448750000000445e+00
5.939803750000000271e+00
5.775879999999999903e+00
5.786258750000000006e+00
5.887705000000000410e+00
5.737472500000000863e+00
5.657997500000000457e+00
5.541258750000000788e+00
5.308578750000000568e+00
5.310127500000000111e+00
5.430483749999999610e+00
5.563416250000000396e+00
5.682202500000000711e+00
5.671686250000000484e+00
5.632128750000000572e+00
5.616476249999999837e+00
5.645856249999999577e+00
5.732093750000000654e+00
5.846659999999999968e+00
5.920801250000000238e+00
5.951253749999999343e+00
5.986704999999999721e+00
6.027636250000000473e+00
6.091016250000000909e+00
6.148027499999999534e+00
6.185392499999999849e+00
6.255749999999999922e+00
6.307898749999999666e+00
6.357898749999999488e+00
6.437596250000000353e+00
6.492750000000000909e+00
6.517419999999999547e+00
6.533396250000000016e+00
6.549960000000000448e+00
6.585612499999999869e+00
6.631008750000000340e+00
6.657612499999999045e+00
6.667524999999999480e+00
6.665707499999999008e+00
6.656759999999999344e+00
6.647741249999999269e+00
6.626192500000000152e+00
6.508621250000000913e+00
6.166402499999999343e+00
5.841513749999999838e+00
5.619254999999999889e+00
4.977999999999999758e+00
4.384648750000000206e+00
4.110916249999998939e+00
4.104266250000000227e+00
4.428957500000000103e+00
4.716592499999999966e+00
1.234410000000000007e+00
1.244361249999999863e+00
1.260306249999999961e+00
6.360050000000000425e-01
6.278049999999999464e-01
