2.399298749999999814e+02
2.856794999999999618e+02
1.951431249999999977e+02
1.643792499999999848e+02
1.467511250000000018e+02
1.320095000000000027e+02
1.163323750000000132e+02
1.028018749999999955e+02
9.221505000000000507e+01
8.243080000000000496e+01
7.235930000000000462e+01
6.100022499999999326e+01
5.184250000000000114e+01
3.619755000000000678e+01
2.910765000000000313e+01
2.584418749999999676e+01
2.274297500000000127e+01
2.054735000000000156e+01
1.885333750000000208e+01
1.752227500000000049e+01
1.643036250000000109e+01
1.552981250000000024e+01
1.423889999999999745e+01
1.281075000000000053e+01
1.172952500000000065e+01
1.088008750000000013e+01
1.016573749999999876e+01
9.569911249999998759e+00
9.061941250000000281e+00
8.629610000000001335e+00
8.237260000000000915e+00
7.892574999999999896e+00
7.580332499999999918e+00
7.296946249999999523e+00
6.936642499999999600e+00
6.510936249999999426e+00
6.145686249999999795e+00
5.830315000000000580e+00
5.592167499999999514e+00
5.455393750000000708e+00
5.280781249999999538e+00
5.048451250000001167e+00
4.837763749999999696e+00
4.652876249999999381e+00
4.472475000000000200e+00
4.354401249999999557e+00
4.278743750000000290e+00
4.203787499999999788e+00
4.128802499999999931e+00
4.079591250000000002e+00
4.056313750000000162e+00
4.033451249999999710e+00
4.010252500000000886e+00
3.987061250000000001e+00
3.964026250000000307e+00
3.940853750000000044e+00
3.917678749999999877e+00
3.894716249999999658e+00
3.871536250000000123e+00
3.848555000000000170e+00
3.825442499999999857e+00
3.802335000000000242e+00
3.779166249999999838e+00
3.756108750000000107e+00
3.715535000000000032e+00
3.657896249999999405e+00
3.600201250000000464e+00
3.542310000000000070e+00
3.470187499999999758e+00
3.384812500000000224e+00
3.298808750000000067e+00
3.211867500000000319e+00
3.125705000000000400e+00
3.022359999999999935e+00
2.900241250000000104e+00
2.777758750000000276e+00
2.672074999999999978e+00
2.578882499999999744e+00
2.501318750000000257e+00
2.417675000000000018e+00
2.325959999999999805e+00
2.246620000000000061e+00
2.172848749999999995e+00
2.107204999999999995e+00
2.041668749999999921e+00
1.972608750000000022e+00
1.906141250000000120e+00
1.845493750000000155e+00
1.789598750000000127e+00
1.753726250000000153e+00
1.731243750000000192e+00
1.690144999999999786e+00
1.585996249999999996e+00
1.463408749999999925e+00
1.374681249999999855e+00
1.208298750000000199e+00
1.069495000000000084e+00
9.945208749999998599e-01
8.944769999999999666e-01
8.205866250000001250e-01
7.831568749999999746e-01
7.539955000000000407e-01
7.164477499999999388e-01
6.921212500000000212e-01
6.279747500000000260e-01
5.350593750000000037e-01
4.631421250000000156e-01
3.912132499999999569e-01
3.437073749999999261e-01
3.148751249999999779e-01
2.818697500000000300e-01
2.584833750000000152e-01
2.403752499999999848e-01
2.209600000000000175e-01
2.008163750000000192e-01
1.785341249999999880e-01
1.636023750000000221e-01
1.531673749999999945e-01
1.411557499999999965e-01
1.266329999999999956e-01
1.096291250000000078e-01
9.250331250000001782e-02
7.991258749999999300e-02
7.170641249999999689e-02
6.829797499999999688e-02
6.538283749999999894e-02
6.241734999999999645e-02
6.035401249999999829e-02
5.790081250000000263e-02
5.571974999999999845e-02
5.288341250000001131e-02
5.085196250000000029e-02
4.956843749999999271e-02
4.834354999999999902e-02
4.646649999999999392e-02
4.494648749999999998e-02
4.396558750000000015e-02
4.302969999999999712e-02
4.274261249999999901e-02
4.268867499999999537e-02
4.272080000000000322e-02
4.345363750000000302e-02
4.474571249999999972e-02
5.169985000000000552e-02
6.780257500000000381e-02
1.037496249999999842e-01
2.166446249999999796e-01
2.511440000000000339e+01
7.081754999999999711e+01
2.239375000000000115e-01
9.601218750000001245e-02
5.334621250000000370e-02
2.820541249999999778e+00
3.471066249999999603e-02
3.148766249999999933e-02
4.256358749999999969e-02
6.326158750000000774e-02
1.398150000000000048e+01
1.959342500000000112e-02
2.706784999999999997e+00
1.313983749999999943e-02
7.269095000000000591e-03
1.898059999999999636e+00
7.136967499999999909e+00
4.565358750000000576e+00
3.545478750000000123e-01
3.365070000000000561e-02
2.965725000000000389e+00
1.739859999999999962e+00
1.569396250000000048e+00
2.384803750000000111e+00
1.659360000000000168e+00
1.135092500000000060e+00
1.205560000000000187e+00
1.481543749999999937e+00
1.207653749999999970e+00
1.202962500000000157e+00
1.376419999999999977e+00
1.154097499999999998e+00
9.532644999999999591e-01
8.685547500000000420e-01
7.685433750000000286e-01
6.619702499999999823e-01
5.722206250000000383e-01
5.066753750000000389e-01
4.292786249999999693e-01
3.565641250000000095e-01
3.309978749999999970e-01
3.096774999999999944e-01
2.656735000000000069e-01
2.451829999999999843e-01
2.417193749999999863e-01
2.378506250000000100e-01
2.293274999999999897e-01
1.995045000000000290e-01
1.801350000000000173e-01
1.622129999999999961e-01
1.437554999999999805e-01
1.302756249999999782e-01
1.233983750000000185e-01
1.197384999999999838e-01
1.182831250000000028e-01
1.166169999999999984e-01
1.146776250000000053e-01
1.118787500000000129e-01
1.100585000000000035e-01
1.094382499999999869e-01
1.085247500000000032e-01
1.078542499999999987e-01
1.024789999999999868e-01
8.593615000000000281e-02
7.826907500000000739e-02
7.558275000000000410e-02
7.379422500000000495e-02
7.223578749999999549e-02
6.980642500000000528e-02
6.701678750000000795e-02
6.474932499999999647e-02
6.362942500000000334e-02
6.323956249999999890e-02
6.314066249999999991e-02
6.317581249999999760e-02
6.303285000000000138e-02
6.033451249999999960e-02
4.575677499999999953e-02
3.420306249999999909e-02
2.763616249999999858e-02
1.486962500000000090e-02
6.443024999999999794e-03
3.319812500000000281e-03
9.983956249999998995e-04
7.725793750000000369e-04
1.032151249999999900e-03
2.527137500000000434e-04
2.504612499999999764e-04
2.500812500000000106e-04
1.291362499999999954e-04
1.358737499999999898e-04
