7.367987499999999272e+02
1.041784249999999929e+03
8.380513750000001210e+02
7.759067499999999882e+02
7.413493750000000091e+02
7.108148750000000291e+02
6.760022500000000036e+02
6.430097500000000537e+02
6.107215000000001055e+02
5.741192499999999654e+02
5.254829999999999472e+02
4.432122500000000400e+02
3.417763749999999732e+02
7.203036249999999541e+01
1.391872499999999846e+01
1.270226249999999979e+01
1.147643750000000118e+01
1.028465000000000096e+01
9.100422500000000525e+00
8.077811250000001664e+00
7.456442500000000528e+00
7.109016249999999815e+00
6.597908750000000211e+00
5.883090000000001041e+00
5.177093750000000050e+00
4.559815000000000396e+00
4.217126249999999743e+00
3.964008750000000081e+00
3.715482499999999799e+00
3.466798750000000151e+00
3.218858749999999880e+00
2.992875000000000174e+00
2.830552499999999583e+00
2.713232499999999714e+00
2.548008750000000155e+00
2.324885000000000090e+00
2.109290000000000109e+00
1.923000000000000043e+00
1.827339999999999964e+00
1.769948750000000182e+00
1.689416250000000286e+00
1.582258750000000047e+00
1.475992499999999819e+00
1.372197499999999737e+00
1.274181249999999821e+00
1.224858750000000107e+00
1.196036249999999912e+00
1.167482499999999979e+00
1.138916250000000074e+00
1.119296250000000104e+00
1.108671249999999997e+00
1.098236250000000025e+00
1.087641249999999893e+00
1.077053749999999921e+00
1.066536249999999963e+00
1.055957500000000104e+00
1.045378750000000023e+00
1.034894999999999898e+00
1.024311250000000006e+00
1.013820000000000165e+00
1.003267499999999979e+00
9.927181250000000068e-01
9.821409999999999307e-01
9.716133750000000013e-01
9.530896249999999403e-01
9.267754999999999743e-01
9.004349999999999854e-01
8.740051250000000493e-01
8.366688749999999786e-01
7.935485000000001010e-01
7.624236250000000492e-01
7.354952499999999338e-01
7.094933749999999817e-01
6.734729999999999883e-01
6.267576249999999849e-01
5.797377500000000516e-01
5.346943750000000550e-01
4.980823749999999661e-01
4.772773750000000592e-01
4.536042500000000421e-01
4.265858750000000033e-01
4.032122499999999388e-01
3.814704999999999901e-01
3.593846250000000131e-01
3.352494999999999781e-01
3.117331250000000553e-01
2.958616250000000170e-01
2.835392499999999649e-01
2.728236250000000140e-01
2.659467500000000650e-01
2.617197499999999732e-01
2.540755000000000097e-01
2.313456250000000269e-01
2.012906250000000008e-01
1.757947499999999996e-01
1.453751249999999939e-01
1.246194999999999942e-01
1.118613749999999851e-01
9.439820000000000155e-02
8.702369999999999550e-02
8.543412499999999965e-02
8.563969999999999916e-02
8.974941249999998649e-02
9.670814999999999273e-02
5.637774999999999537e+00
1.162166250000000067e+00
5.266362499999999863e-02
1.452172500000000088e+00
7.682488750000000088e+00
7.079747499999999860e-02
3.461282499999999984e-02
4.859058750000000426e-02
4.791312500000000973e+00
1.237942499999999946e+00
2.873408750000000164e-02
1.178850000000000176e+00
4.632322499999999899e+00
4.191338750000000307e-02
2.246232499999999827e-02
2.557083749999999878e+00
3.122422499999999781e-02
1.462650000000000006e+00
1.275367499999999765e+00
1.631315000000000195e-02
2.272521249999999784e-02
1.905405000000000015e+00
2.325182500000000027e-02
1.400246249999999998e-02
2.870966250000000358e-02
2.828251249999999661e+00
1.416854999999999851e-02
3.923350000000000448e-02
3.704305000000000625e+00
6.757678750000000178e-01
1.757331250000000039e-02
1.576236250000000227e+00
1.255288750000000189e-02
1.282395000000000174e+00
2.725033749999999921e-02
1.389388750000000033e-02
1.672164999999999901e+00
1.752992500000000176e-02
4.339471249999999891e-01
6.939261249999999492e-01
1.018694875000000000e+00
5.157063750000000502e-01
3.750279999999999725e-01
6.801001249999999443e-01
4.609443749999999618e-01
4.687616249999999596e-01
7.505521250000000144e-01
4.306972499999999204e-01
4.838782500000000097e-01
2.310989999999999989e-01
3.328791249999999979e-01
3.261801250000000429e-01
3.219172499999999881e-01
2.843808749999999774e-01
2.395375000000000143e-01
2.282887499999999847e-01
2.242031249999999754e-01
2.201136249999999794e-01
2.105595000000000105e-01
2.020928750000000051e-01
1.719857499999999928e-01
1.459713749999999866e-01
1.437655000000000183e-01
1.456003750000000041e-01
1.533141249999999955e-01
1.705085000000000073e-01
1.839400000000000202e-01
1.934186250000000107e-01
2.152071249999999991e-01
2.356611249999999991e-01
2.517273749999999755e-01
2.820002500000000634e-01
3.309136249999999890e-01
3.707152500000000517e-01
4.620339999999999447e-01
6.492881249999999937e-01
8.116065000000000085e-01
9.565752499999998770e-01
9.068890000000000562e-01
8.271928749999999386e-01
7.730331249999999876e-01
7.415118750000000425e-01
7.197431249999999281e-01
7.129725000000001200e-01
7.053051249999999772e-01
6.901018749999999757e-01
6.791761249999999084e-01
6.729749999999999899e-01
6.661046250000000057e-01
6.552191250000000133e-01
6.222353750000000350e-01
5.844297500000000811e-01
5.271652500000000297e-01
4.509772499999999962e-01
3.898554999999999660e-01
3.625713750000000291e-01
3.558410000000000184e-01
3.554617500000000208e-01
3.557342499999999741e-01
3.583232499999999821e-01
3.638167500000000221e-01
3.699747499999999634e-01
3.744530000000000358e-01
3.824346250000000280e-01
3.883746250000000289e-01
3.936420000000000474e-01
4.014182499999999765e-01
4.068092500000000111e-01
4.093588750000000109e-01
4.111091249999999642e-01
4.128698749999999973e-01
4.164111249999999931e-01
4.199127500000000013e-01
4.221776250000000008e-01
4.231342499999999895e-01
4.224991249999999199e-01
4.219549999999999690e-01
4.215141250000000173e-01
4.200257499999999755e-01
4.134210000000000385e-01
3.992485000000000062e-01
3.872185000000000210e-01
3.699785000000000434e-01
3.043951249999999886e-01
2.395303749999999898e-01
2.456540000000000112e-01
6.390783749999999763e-01
8.793994999999998896e-01
1.028059750000000161e+00
3.251175000000000037e-01
3.305875000000000341e-01
3.354150000000000187e-01
1.709762499999999963e-01
1.728024999999999978e-01
