2.522757500000000073e+04
3.566925000000000000e+04
2.869316249999999854e+04
2.656527500000000146e+04
2.538206250000000364e+04
2.433659999999999854e+04
2.314472499999999854e+04
2.201529999999999927e+04
2.091001250000000073e+04
1.965720000000000073e+04
1.799256250000000000e+04
1.517691250000000036e+04
1.170555000000000109e+04
2.474437500000000000e+03
4.856242499999999609e+02
4.438693749999999909e+02
4.017872500000000286e+02
3.608890000000000100e+02
3.202620000000000005e+02
2.851813750000000596e+02
2.638523749999999950e+02
2.519122500000000002e+02
2.343463750000000232e+02
2.097821250000000077e+02
1.855263749999999732e+02
1.643208750000000009e+02
1.525396250000000009e+02
1.438333749999999895e+02
1.352871250000000032e+02
1.267370000000000090e+02
1.182123749999999944e+02
1.104435000000000002e+02
1.048630000000000138e+02
1.008291250000000048e+02
9.514851250000000960e+01
8.747887500000001637e+01
8.006932499999999209e+01
7.366952500000000725e+01
7.038647500000000434e+01
6.841758749999999623e+01
6.565579999999999927e+01
6.198108750000000100e+01
5.833749999999999147e+01
5.477938749999999857e+01
5.142028750000000059e+01
4.973423750000000609e+01
4.874988749999999271e+01
4.777466250000000514e+01
4.679911249999999967e+01
4.612937499999999602e+01
4.576684999999999803e+01
4.541072499999999934e+01
4.504936250000000086e+01
4.468812500000000654e+01
4.432936250000000200e+01
4.396845000000001136e+01
4.360743750000000318e+01
4.324978750000000360e+01
4.288873750000000484e+01
4.253076249999999447e+01
4.217076249999999504e+01
4.181085000000000207e+01
4.144997500000000201e+01
4.109078750000000468e+01
4.045885000000000531e+01
3.956107500000000243e+01
3.866239999999999810e+01
3.776069999999999993e+01
3.648743749999999864e+01
3.501823749999999791e+01
3.396056250000000176e+01
3.304698750000000018e+01
3.216512499999999619e+01
3.094353749999999792e+01
2.935929999999999751e+01
2.776473750000000251e+01
2.623734999999999928e+01
2.499616250000000051e+01
2.429134999999999778e+01
2.348942500000000067e+01
2.257418750000000074e+01
2.178241249999999951e+01
2.104593749999999730e+01
2.029777500000000146e+01
1.947881250000000364e+01
1.867417499999999819e+01
1.810981250000000031e+01
1.768465000000000131e+01
1.732763749999999803e+01
1.709849999999999781e+01
1.695818750000000108e+01
1.670531249999999801e+01
1.595333749999999995e+01
1.495900000000000141e+01
1.411552499999999988e+01
1.307743750000000027e+01
1.233888749999999845e+01
1.187546249999999937e+01
1.120521250000000002e+01
1.082662500000000172e+01
1.070898749999999922e+01
1.067647499999999994e+01
1.080640000000000001e+01
1.109947499999999998e+01
4.102794999999999845e+02
9.564851249999999538e+01
1.159617500000000234e+01
1.112505000000000024e+02
5.813794999999998936e+02
1.529328749999999992e+01
1.085241250000000157e+01
1.061837500000000034e+01
3.603365000000000009e+02
1.055766750000000087e+02
1.144456250000000175e+01
9.450180000000000291e+01
3.641176249999999754e+02
1.384244999999999770e+01
1.066931250000000198e+01
2.027977500000000077e+02
1.190499999999999936e+01
1.222734999999999985e+02
1.080627874999999989e+02
1.124988749999999982e+01
1.027020000000000088e+01
1.580732499999999732e+02
1.308112500000000011e+01
1.110981250000000031e+01
1.059447499999999920e+01
2.324732500000000357e+02
1.152738750000000145e+01
1.151551249999999804e+01
2.983262500000000728e+02
6.644225000000000136e+01
1.068753749999999947e+01
1.358706249999999898e+02
1.147326250000000059e+01
1.120460000000000065e+02
1.369599999999999973e+01
1.061475000000000080e+01
1.447298749999999927e+02
1.266009999999999991e+01
4.300469999999999970e+01
6.750946249999999793e+01
9.311591250000000741e+01
5.342880000000000251e+01
4.036015000000000441e+01
6.797368749999999693e+01
4.955358749999999901e+01
5.032582500000000181e+01
7.309575000000000955e+01
4.804100000000000392e+01
5.323206249999999073e+01
3.721943749999999795e+01
4.801616250000000719e+01
4.739000000000000057e+01
4.699150000000000205e+01
4.348287499999999994e+01
3.929119999999999635e+01
3.822167500000000473e+01
3.777281250000000057e+01
3.723503749999999712e+01
3.597862500000000097e+01
3.486531250000000171e+01
3.086903749999999746e+01
2.649133750000000020e+01
2.556896250000000137e+01
2.438968750000000085e+01
2.273876250000000354e+01
2.175936249999999461e+01
2.102989999999999782e+01
2.051510000000000034e+01
1.950585000000000235e+01
1.912933749999999833e+01
1.895122499999999732e+01
1.861557499999999976e+01
1.807327499999999887e+01
1.763201250000000186e+01
1.676216249999999874e+01
1.595974999999999966e+01
1.568907499999999899e+01
1.492211249999999900e+01
1.469960000000000022e+01
1.444909999999999961e+01
1.408675000000000033e+01
1.348899999999999721e+01
1.289407499999999906e+01
1.269781249999999950e+01
1.252064999999999984e+01
1.229407500000000120e+01
1.215368750000000020e+01
1.207152500000000117e+01
1.198311250000000072e+01
1.185214999999999996e+01
1.153932499999999983e+01
1.123359999999999914e+01
1.082587499999999991e+01
1.023621250000000060e+01
9.629486249999999359e+00
9.149178750000000804e+00
8.849294999999999689e+00
8.725911250000001118e+00
8.582727499999998955e+00
8.417341249999999775e+00
8.205472499999999059e+00
8.027122499999999050e+00
7.917033749999999870e+00
7.714126250000000518e+00
7.567863749999999889e+00
7.437920000000000087e+00
7.234013749999999909e+00
7.104706250000000445e+00
7.044177499999999981e+00
7.002627500000000005e+00
6.959689999999999266e+00
6.875707500000000749e+00
6.770362500000000061e+00
6.705078749999999310e+00
6.672943750000000840e+00
6.668807499999999777e+00
6.674360000000000070e+00
6.678909999999999236e+00
6.704523749999999893e+00
6.864291249999999955e+00
7.199971250000000822e+00
7.475747500000000656e+00
7.655808749999999385e+00
7.908802500000000180e+00
7.813848750000000010e+00
7.428868749999999466e+00
6.635969999999999480e+00
6.006521249999999590e+00
5.720007500000000356e+00
1.439758749999999976e+00
1.452085000000000070e+00
1.474153749999999929e+00
7.636749999999999927e-01
7.839049999999999629e-01
