2.347302500000000146e+04
3.319068750000000000e+04
2.670077499999999782e+04
2.472131250000000000e+04
2.362063750000000073e+04
2.264811249999999563e+04
2.153932500000000073e+04
2.048854999999999927e+04
1.946016249999999854e+04
1.829442500000000291e+04
1.674536249999999927e+04
1.412500000000000000e+04
1.089416250000000036e+04
2.302383749999999964e+03
4.514555000000000291e+02
4.127158750000000396e+02
3.736640000000000441e+02
3.356828750000000809e+02
2.979337500000000318e+02
2.653316250000000309e+02
2.455190000000000339e+02
2.344382499999999538e+02
2.181289999999999623e+02
1.953148750000000007e+02
1.727781249999999886e+02
1.530689999999999884e+02
1.421264999999999930e+02
1.340419999999999732e+02
1.261026250000000033e+02
1.181571250000000077e+02
1.102349999999999994e+02
1.030138749999999987e+02
9.782887499999999648e+01
9.408247500000000230e+01
8.880632499999998686e+01
8.167988750000000664e+01
7.479376249999999970e+01
6.884595000000000198e+01
6.579654999999999632e+01
6.396766249999999587e+01
6.140191249999999457e+01
5.798803749999999724e+01
5.460238749999999897e+01
5.129545000000000954e+01
4.817365000000000208e+01
4.660758749999999395e+01
4.569346250000000254e+01
4.478787499999999966e+01
4.388196250000000731e+01
4.325991250000000576e+01
4.292306249999999324e+01
4.259217499999999745e+01
4.225639999999999930e+01
4.192077499999999901e+01
4.158743749999999295e+01
4.125211249999999552e+01
4.091665000000000418e+01
4.058435000000000059e+01
4.024888750000000215e+01
3.991626250000000198e+01
3.958180000000000831e+01
3.924737499999999812e+01
3.891208749999999839e+01
3.857836250000001144e+01
3.799117499999999836e+01
3.715699999999999648e+01
3.632202499999999645e+01
3.548421249999999816e+01
3.430097500000000110e+01
3.293561250000000484e+01
3.195307499999999834e+01
3.110457500000000053e+01
3.028553750000000022e+01
2.915061249999999760e+01
2.767843749999999758e+01
2.619667500000000260e+01
2.477699999999999747e+01
2.362318750000000023e+01
2.296801250000000039e+01
2.222198750000000445e+01
2.137012500000000159e+01
2.063321249999999907e+01
1.994772500000000193e+01
1.925140000000000029e+01
1.848893749999999869e+01
1.773901250000000118e+01
1.721161250000000109e+01
1.681374999999999886e+01
1.647947500000000076e+01
1.626494999999999891e+01
1.613309999999999889e+01
1.589470000000000027e+01
1.518589999999999840e+01
1.424866249999999823e+01
1.345360000000000156e+01
1.245014999999999894e+01
1.170628750000000196e+01
1.122151249999999933e+01
1.046529999999999916e+01
9.927666249999999692e+00
9.636781250000000298e+00
9.360737499999999045e+00
8.929667500000000757e+00
8.571106249999999704e+00
3.545272500000000093e+01
2.023695000000000022e+01
1.016287500000000144e+01
1.554621250000000110e+01
6.736822499999999536e+01
1.181517499999999998e+01
9.670114999999999128e+00
8.393114999999999881e+00
3.982032499999999686e+01
2.335114999999999696e+01
1.025816249999999741e+01
1.608018750000000097e+01
5.394123749999999973e+01
1.160652500000000131e+01
9.687973750000001161e+00
3.169131249999999866e+01
1.019176250000000117e+01
2.444635000000000247e+01
2.275323750000000089e+01
1.038680000000000092e+01
8.965502499999999486e+00
3.044289999999999807e+01
1.171513749999999909e+01
1.035535000000000139e+01
8.845217500000000399e+00
4.289057499999999123e+01
1.073773750000000149e+01
9.037522499999999681e+00
4.994610000000000127e+01
2.124638750000000087e+01
9.641900000000001469e+00
3.024162499999999909e+01
1.074564999999999948e+01
2.611582500000000451e+01
1.197141250000000134e+01
9.783571249999999608e+00
3.263937500000000114e+01
1.157863749999999925e+01
1.398155000000000214e+01
2.103512500000000074e+01
2.484272499999999795e+01
1.889462499999999778e+01
1.525626250000000006e+01
2.239508750000000248e+01
1.867408750000000239e+01
1.891776249999999848e+01
2.277885000000000204e+01
1.918021249999999966e+01
2.079791249999999891e+01
2.165987499999999955e+01
2.563272499999999710e+01
2.549230000000000018e+01
2.540297499999999786e+01
2.461629999999999896e+01
2.367646249999999952e+01
2.343149999999999977e+01
2.331159999999999854e+01
2.314646249999999839e+01
2.276052500000000123e+01
2.241856249999999662e+01
2.118678750000000122e+01
1.973154999999999859e+01
1.937515000000000143e+01
1.887911249999999797e+01
1.815082499999999754e+01
1.765571249999999992e+01
1.728383750000000063e+01
1.702141249999999673e+01
1.649905000000000044e+01
1.627403749999999860e+01
1.615193749999999895e+01
1.592188749999999686e+01
1.555018749999999983e+01
1.524772500000000086e+01
1.463078750000000028e+01
1.389862499999999912e+01
1.350940000000000119e+01
1.272595000000000098e+01
1.268507499999999766e+01
1.263623750000000001e+01
1.241638750000000258e+01
1.193137500000000095e+01
1.133717500000000022e+01
1.114138750000000044e+01
1.097834999999999894e+01
1.076767500000000055e+01
1.063258749999999964e+01
1.055202500000000043e+01
1.046618749999999842e+01
1.033959999999999901e+01
1.001789999999999914e+01
9.693357500000001181e+00
9.195176250000001161e+00
8.409655000000000769e+00
7.601881249999999923e+00
6.979121250000000387e+00
6.602393750000000061e+00
6.444282499999999914e+00
6.268211250000000234e+00
6.066536250000000408e+00
5.784747499999999931e+00
5.545630000000000948e+00
5.417679999999999829e+00
5.182692499999999924e+00
5.011566250000000444e+00
4.852139999999999453e+00
4.585007499999999681e+00
4.391650000000000276e+00
4.296847500000000153e+00
4.231768750000000523e+00
4.161947500000000133e+00
4.013475000000000570e+00
3.816411249999999811e+00
3.656054999999999833e+00
3.545885000000000176e+00
3.477388750000000250e+00
3.425222499999999837e+00
3.383019999999999694e+00
3.332547499999999996e+00
3.310912500000000147e+00
3.464803750000000182e+00
3.691383750000000408e+00
3.891003750000000316e+00
4.247971249999999088e+00
4.290714999999999613e+00
4.005363750000000778e+00
3.336428749999999610e+00
2.793246249999999709e+00
2.631440000000000445e+00
7.145675000000000221e-01
7.301374999999999948e-01
7.575237500000000512e-01
4.120462500000000028e-01
4.370937500000000031e-01
