1.017745000000000005e+03
1.436779999999999973e+03
1.154346250000000055e+03
1.068062500000000000e+03
1.020072499999999877e+03
9.776852499999999964e+02
9.294093750000000682e+02
8.837460000000000946e+02
8.391243749999999864e+02
7.886533749999999827e+02
7.217091250000000855e+02
6.087160000000000082e+02
4.695998749999999973e+02
1.000245499999999907e+02
2.025009999999999977e+01
1.845107499999999945e+01
1.664683749999999662e+01
1.492157500000000070e+01
1.322765000000000057e+01
1.177205000000000013e+01
1.087697499999999806e+01
1.036490000000000045e+01
9.619496250000000970e+00
8.584175000000000111e+00
7.570835000000000647e+00
6.691898750000000895e+00
6.195940000000000225e+00
5.827492499999999964e+00
5.468908749999999763e+00
5.112897499999999873e+00
4.758412500000000378e+00
4.436563750000000361e+00
4.203375000000000306e+00
4.033261249999999798e+00
3.794191249999999904e+00
3.474126249999999860e+00
3.166302500000000020e+00
2.900604999999999656e+00
2.762586250000000465e+00
2.679957499999999992e+00
2.564456250000000104e+00
2.410772500000000207e+00
2.259101250000000061e+00
2.111737500000000267e+00
1.972456249999999800e+00
1.901801250000000110e+00
1.860366249999999777e+00
1.819318749999999874e+00
1.778256249999999872e+00
1.750162500000000065e+00
1.735098749999999912e+00
1.720306249999999926e+00
1.705293750000000275e+00
1.690287500000000165e+00
1.675381250000000044e+00
1.660387500000000127e+00
1.645391250000000083e+00
1.630530000000000257e+00
1.615531250000000085e+00
1.600659999999999972e+00
1.585703749999999967e+00
1.570750000000000313e+00
1.555758750000000079e+00
1.540836249999999907e+00
1.514583750000000117e+00
1.477286250000000134e+00
1.439948749999999889e+00
1.402490000000000014e+00
1.349809999999999954e+00
1.289071250000000113e+00
1.245074999999999932e+00
1.206933749999999916e+00
1.170088749999999900e+00
1.119458749999999947e+00
1.054102499999999942e+00
9.883321249999998948e-01
9.256601249999999448e-01
8.748687499999999728e-01
8.460475000000000634e-01
8.138454999999998885e-01
7.774722500000000869e-01
7.460053750000001926e-01
7.167360000000000397e-01
6.870024999999999604e-01
6.546327499999999855e-01
6.234327499999999800e-01
6.023505000000000109e-01
5.873927500000000190e-01
5.753632499999999927e-01
5.676428749999999912e-01
5.633825000000000083e-01
5.565065000000000150e-01
5.360728749999998932e-01
5.090539999999998955e-01
4.861340000000000106e-01
4.819228749999999728e-01
5.079592499999998623e-01
5.421081250000000518e-01
6.455072500000000879e-01
8.119352499999999973e-01
9.867633750000001092e-01
1.230094999999999938e+00
1.786980000000000013e+00
2.431671249999999951e+00
3.691889999999999645e+02
7.424943749999999909e+01
1.380626249999999944e+00
9.425212500000000659e+01
5.063291249999999764e+02
3.407324999999999715e+00
1.147688750000000146e+00
2.176681249999999679e+00
3.157246249999999463e+02
8.098746250000000657e+01
1.157666249999999897e+00
7.724274999999998670e+01
3.055442500000000337e+02
2.194012499999999921e+00
9.588777500000000842e-01
1.685493749999999977e+02
1.682001250000000114e+00
9.636438749999999231e+01
8.403403749999999661e+01
8.467882499999999091e-01
1.281988750000000010e+00
1.257247500000000002e+02
1.342754999999999921e+00
7.404644999999998589e-01
1.720540000000000180e+00
1.867545000000000073e+02
7.754896250000000713e-01
2.438760000000000261e+00
2.446758749999999623e+02
4.452008750000000958e+01
1.028059999999999752e+00
1.040526749999999936e+02
7.150467500000000642e-01
8.464756249999999227e+01
1.697336249999999769e+00
8.172821249999999704e-01
1.104184999999999945e+02
1.063957500000000111e+00
2.858919999999999817e+01
4.578041249999999707e+01
6.725451249999998993e+01
3.401845000000000141e+01
2.472886249999999819e+01
4.489849999999999142e+01
3.041853749999999934e+01
3.093928749999999894e+01
4.956632499999999197e+01
2.843007499999999865e+01
3.195027500000000131e+01
1.532848749999999960e+01
2.205056249999999807e+01
2.157151249999999720e+01
2.126662500000000122e+01
1.858222499999999755e+01
1.537521249999999995e+01
1.456191250000000004e+01
1.423698749999999968e+01
1.386852500000000177e+01
1.300757499999999922e+01
1.224465000000000003e+01
9.510262499999999619e+00
6.613806249999999665e+00
6.050041250000000481e+00
5.364956249999999649e+00
4.434612500000000068e+00
3.933120000000000172e+00
3.562100000000000044e+00
3.300263749999999607e+00
2.791566249999999805e+00
2.619639999999999969e+00
2.547540000000000138e+00
2.411686249999999809e+00
2.192180000000000017e+00
2.013567499999999733e+00
1.669336250000000188e+00
1.411817499999999947e+00
1.368066249999999817e+00
1.239570000000000283e+00
1.107626249999999812e+00
9.856652499999999373e-01
8.973448750000000418e-01
8.105855000000000699e-01
7.295264999999999667e-01
6.994588750000001465e-01
6.658700000000000729e-01
6.070002500000000190e-01
5.706149999999999833e-01
5.523461250000000211e-01
5.338056250000000613e-01
5.073054999999999648e-01
4.439806250000000176e-01
3.899589999999999446e-01
3.322481250000000053e-01
2.580516250000000067e-01
1.974538750000000009e-01
1.655135000000000078e-01
1.499189999999999967e-01
1.446824999999999917e-01
1.388563750000000041e-01
1.335141250000000113e-01
1.280671250000000039e-01
1.244807500000000011e-01
1.226711250000000059e-01
1.193093750000000092e-01
1.167607499999999965e-01
1.141321250000000009e-01
1.093469999999999859e-01
1.058066250000000014e-01
1.040849999999999970e-01
1.029032500000000017e-01
1.016026249999999881e-01
9.857092500000000368e-02
9.373378750000001258e-02
8.846902500000000669e-02
8.432359999999999856e-02
8.115450000000000441e-02
7.843851250000000164e-02
7.623923750000000110e-02
7.268793749999999387e-02
6.238873749999999940e-02
4.450975000000000070e-02
3.241249999999999687e-02
2.450717499999999910e-02
1.094599999999999913e-02
3.969708750000000216e-03
2.286946250000000073e-03
1.510786249999999942e-03
1.612786249999999819e-03
1.591621249999999963e-03
3.052800000000000045e-04
2.806875000000000125e-04
2.431698750000000026e-04
8.783712499999999463e-05
7.175987500000000215e-05
