8.722487499999999727e+01
1.038561249999999916e+02
7.094203749999999786e+01
5.975777500000000231e+01
5.334907499999999914e+01
4.798966250000000144e+01
4.229021250000000265e+01
3.737102500000000305e+01
3.352208750000000492e+01
2.996487499999999926e+01
2.630314999999999870e+01
2.217309999999999803e+01
1.884318749999999909e+01
1.315392499999999920e+01
1.057525000000000048e+01
9.388192500000000607e+00
8.259652499999999620e+00
7.460557499999999287e+00
6.844066249999999130e+00
6.359551249999999989e+00
5.961869999999999337e+00
5.633796249999998729e+00
5.163573750000000295e+00
4.643216250000000045e+00
4.249103749999999735e+00
3.939261250000000381e+00
3.678729999999999833e+00
3.461375000000000313e+00
3.275991249999999688e+00
3.118121250000000622e+00
2.974861250000000013e+00
2.848999999999999755e+00
2.734983750000000047e+00
2.631495000000000140e+00
2.499888750000000215e+00
2.344352499999999839e+00
2.210912499999999614e+00
2.095706250000000104e+00
2.008708750000000265e+00
1.958753750000000071e+00
1.894988750000000000e+00
1.810151250000000100e+00
1.733223750000000063e+00
1.665725000000000122e+00
1.599871250000000078e+00
1.556803750000000042e+00
1.529213750000000038e+00
1.501876249999999802e+00
1.474531250000000071e+00
1.456595000000000084e+00
1.448126250000000059e+00
1.439808750000000082e+00
1.431367500000000126e+00
1.422930000000000028e+00
1.414548750000000021e+00
1.406118749999999862e+00
1.397686250000000241e+00
1.389331250000000129e+00
1.380900000000000016e+00
1.372534999999999838e+00
1.364127499999999937e+00
1.355721249999999989e+00
1.347288749999999924e+00
1.338901249999999932e+00
1.324137500000000189e+00
1.303168750000000209e+00
1.282173749999999890e+00
1.261113750000000033e+00
1.234923750000000098e+00
1.203962500000000047e+00
1.172776250000000076e+00
1.141245000000000065e+00
1.109997499999999970e+00
1.072591250000000107e+00
1.028456250000000072e+00
9.841872500000000690e-01
9.460993749999999647e-01
9.125663749999999297e-01
8.846577499999999095e-01
8.546609999999998930e-01
8.218387499999999513e-01
7.934442499999999621e-01
7.670427499999999954e-01
7.436311249999999484e-01
7.203314999999999024e-01
6.957797499999999191e-01
6.721508750000000365e-01
6.506843749999999815e-01
6.309519999999999573e-01
6.182884999999999076e-01
6.103512500000000118e-01
5.958465000000001677e-01
5.593160000000000354e-01
5.165060000000000207e-01
4.857246250000000209e-01
4.281901250000000325e-01
3.805759999999999699e-01
3.550592499999999374e-01
3.212587500000000373e-01
2.964757500000000379e-01
2.840096249999999878e-01
2.743710000000000315e-01
2.619604999999999850e-01
2.539198750000000171e-01
2.328138750000000035e-01
2.025927499999999881e-01
1.794952500000000228e-01
1.567075000000000273e-01
1.418579999999999841e-01
1.329498749999999951e-01
1.228704999999999936e-01
1.158182499999999976e-01
1.104386249999999986e-01
1.050704999999999972e-01
9.948301250000000928e-02
9.264522499999999772e-02
8.850695000000000090e-02
8.566621249999999133e-02
8.264406250000000398e-02
7.943131250000000365e-02
7.516904999999998727e-02
7.187782500000000629e-02
6.996942500000000176e-02
6.930229999999999724e-02
6.915879999999999250e-02
6.943903749999999486e-02
6.972413749999999133e-02
6.992251249999999196e-02
7.025293750000000115e-02
7.109372499999999651e-02
7.228661250000001370e-02
7.318462500000000315e-02
7.421178750000000102e-02
7.554773750000000343e-02
7.759496250000000317e-02
8.019104999999998595e-02
8.314196249999999955e-02
8.639325000000000476e-02
9.077118750000000291e-02
9.395881250000000240e-02
9.750418749999999191e-02
1.028170000000000056e-01
1.083496249999999911e-01
1.273832500000000034e-01
1.549556250000000135e-01
1.864129999999999954e-01
2.350982500000000364e-01
3.173874999999999336e-01
4.979520000000000057e-01
8.961780000000000301e-01
1.558675000000000033e+00
2.800686249999999973e+02
4.656877500000000225e+01
5.153648750000000556e-01
2.067916249999999789e-01
1.264646249999999972e-01
9.789844999999999797e-02
3.130063749999999895e-02
1.018356250000000164e-02
9.715809999999998336e-03
1.046989999999999900e-02
4.412316249999999940e+00
8.962125000000001340e-03
7.501573749999999700e-03
3.156212499999999643e+00
1.818688749999999854e-01
3.102232499999999643e-03
2.276263750000000030e+00
4.984190000000000009e-01
7.773062499999999764e-01
1.606623749999999988e-03
1.245153749999999837e-01
1.186338749999999997e+00
4.825305000000000219e-03
1.043136875000000074e+00
1.772351250000000211e-01
8.064810000000000034e-01
6.121202500000000324e-01
5.738090000000000135e-01
5.463871249999999735e-01
4.711891249999999864e-01
4.217456250000000129e-01
3.656187500000000479e-01
3.063527500000000070e-01
2.590591250000000012e-01
2.163613750000000224e-01
1.835226250000000225e-01
1.761759999999999993e-01
1.671642500000000142e-01
1.491372499999999990e-01
1.402003749999999882e-01
1.363397500000000095e-01
1.320268750000000157e-01
1.251423749999999724e-01
1.147606249999999911e-01
1.094531249999999983e-01
1.060879999999999879e-01
1.059267500000000001e-01
1.084043750000000111e-01
1.131988750000000044e-01
1.171196250000000189e-01
1.193336249999999987e-01
1.220298750000000099e-01
1.252872500000000167e-01
1.297328749999999975e-01
1.337567500000000353e-01
1.364688749999999895e-01
1.411457500000000143e-01
1.198439999999999922e-01
8.910947499999999355e-02
7.120324999999999571e-02
6.860137499999999222e-02
6.831863750000000124e-02
6.812457499999999277e-02
6.790042500000000036e-02
6.737778750000000816e-02
6.957207499999999711e-02
7.414035000000000764e-02
7.778723749999999493e-02
8.065760000000000984e-02
8.311757499999999910e-02
8.510953749999998486e-02
8.859053750000001060e-02
8.631728750000000616e-02
7.534423749999999420e-02
6.783387500000000181e-02
5.802922500000000372e-02
3.536972499999999769e-02
1.722706250000000106e-02
8.633882499999998711e-03
5.665510000000000337e-03
2.733975000000000034e-03
8.979743749999999705e-04
1.629171249999999873e-04
1.495992499999999924e-04
1.293276249999999864e-04
4.198612500000000283e-05
2.386937500000000048e-05
