9.367187500000000000e+01
1.123362499999999926e+02
7.741572500000000900e+01
6.563373749999999518e+01
5.890983750000000185e+01
5.330602499999999822e+01
4.736897499999999184e+01
4.226398749999999893e+01
3.828464999999999208e+01
3.461934999999999718e+01
3.085795000000000243e+01
2.663180000000000192e+01
2.323541249999999891e+01
1.745827500000000043e+01
1.484779999999999944e+01
1.364843749999999822e+01
1.250905000000000200e+01
1.170269999999999833e+01
1.108074999999999832e+01
1.059194999999999887e+01
1.019071250000000184e+01
9.859608750000001365e+00
9.384861250000000155e+00
8.859071249999999509e+00
8.460318750000000776e+00
8.146314999999999529e+00
7.881903750000001097e+00
7.660888750000000691e+00
7.472012500000000834e+00
7.310777499999999485e+00
7.164223750000000557e+00
7.035165000000001001e+00
6.918012499999999676e+00
6.811433750000000842e+00
6.675386250000000743e+00
6.513937499999999936e+00
6.374732500000000357e+00
6.253842499999999305e+00
6.162556249999999736e+00
6.109838749999998875e+00
6.042017500000000041e+00
5.951778749999999896e+00
5.869481249999999761e+00
5.796723750000000841e+00
5.725641250000000682e+00
5.678697500000000176e+00
5.648537499999999767e+00
5.618652499999999606e+00
5.588765000000000427e+00
5.569060000000000343e+00
5.559606250000000749e+00
5.550321249999999651e+00
5.540897500000000697e+00
5.531478750000000666e+00
5.522122500000000045e+00
5.512712500000000126e+00
5.503298749999999906e+00
5.493972499999999926e+00
5.484557500000000196e+00
5.475223750000000500e+00
5.465836249999999730e+00
5.456453750000000547e+00
5.447042500000000231e+00
5.437678749999999894e+00
5.421197499999999891e+00
5.397786250000000230e+00
5.374353750000000041e+00
5.350842499999999724e+00
5.321103750000000687e+00
5.285546250000000335e+00
5.249726250000000149e+00
5.213513749999999725e+00
5.177628749999999336e+00
5.133977499999999417e+00
5.081873749999999745e+00
5.029587499999999878e+00
4.983796249999999262e+00
4.943078750000000632e+00
4.909188750000000212e+00
4.872002499999999792e+00
4.830786250000000059e+00
4.795130000000000337e+00
4.761973750000000116e+00
4.731948749999999926e+00
4.701508750000000347e+00
4.669431250000000588e+00
4.638539999999999885e+00
4.609798749999999501e+00
4.582982500000000847e+00
4.565776249999998981e+00
4.554988749999999698e+00
4.535251249999999956e+00
4.483922500000000255e+00
4.422296249999999596e+00
4.376353750000000709e+00
4.288833750000000222e+00
4.213065000000000282e+00
4.170603749999999721e+00
4.112013750000000023e+00
4.067266250000001193e+00
4.043754999999999988e+00
4.024716249999999995e+00
4.000198750000000025e+00
3.984317499999999956e+00
3.941314999999999902e+00
3.874923750000000222e+00
3.819661250000000230e+00
3.759747500000000464e+00
3.716928750000000115e+00
3.689145000000000341e+00
3.655176249999999794e+00
3.629633749999999548e+00
3.608672499999999506e+00
3.585391249999999363e+00
3.559453749999999861e+00
3.525917499999999816e+00
3.501691250000000366e+00
3.484587499999999949e+00
3.463761249999999681e+00
3.435699999999999754e+00
3.395936249999999657e+00
3.349022500000000235e+00
3.304048749999999757e+00
3.270486249999999817e+00
3.255220000000000002e+00
3.238171250000000168e+00
3.220828750000000351e+00
3.208759999999999835e+00
3.193576250000000005e+00
3.175227500000000092e+00
3.150482499999999852e+00
3.132406249999999837e+00
3.117287500000000211e+00
3.099992499999999929e+00
3.073488749999999659e+00
3.044937500000000075e+00
3.016878749999999609e+00
2.986895000000000522e+00
2.952793749999999662e+00
2.928964999999999819e+00
2.903143750000000356e+00
2.869508749999999608e+00
2.835771250000000077e+00
2.739296250000000210e+00
2.621158749999999760e+00
2.512982500000000119e+00
2.378177500000000055e+00
2.209756249999999866e+00
1.982826250000000012e+00
1.821582499999999882e+00
1.958804999999999907e+00
5.991531250000000455e+02
1.198427500000000094e+02
7.962911250000000329e+00
6.184268750000000203e+00
5.580273749999999922e+00
5.328469999999999374e+00
4.496752499999999486e+00
4.054473749999999654e+00
3.980090000000000572e+00
3.916926250000000387e+00
8.798676249999999754e+00
3.859494999999999454e+00
3.669228750000000705e+00
1.059951250000000122e+01
3.809227499999999988e+00
3.434879999999999711e+00
1.346110000000000007e+01
4.459115000000000606e+00
1.212501250000000041e+01
4.038961249999999836e+00
3.630775000000000752e+00
1.734478749999999891e+01
3.948973749999999505e+00
1.885643750000000196e+01
4.469777499999999293e+00
8.920588750000000289e+00
7.915963749999999521e+00
6.711387499999999839e+00
7.751481250000000323e+00
8.053452500000000569e+00
7.864741249999999795e+00
7.691212500000001562e+00
7.554587500000000233e+00
7.473367499999999275e+00
7.425841249999999505e+00
7.402650000000000396e+00
7.402639999999998999e+00
7.402639999999998999e+00
7.403270000000000906e+00
7.406482500000000080e+00
7.409134999999999138e+00
7.412094999999999878e+00
7.416821249999999921e+00
7.623557500000000431e+00
7.662158749999999685e+00
7.685014999999999930e+00
7.666283749999999841e+00
7.610458750000000272e+00
7.559011249999999293e+00
7.520006249999999781e+00
7.498271249999999277e+00
7.471800000000000885e+00
7.439816249999999798e+00
7.396169999999999689e+00
7.356658750000000246e+00
7.330033749999999237e+00
7.264981249999999946e+00
7.210179999999999367e+00
7.155403749999999619e+00
7.057193749999999710e+00
6.977994999999999060e+00
6.937566249999999712e+00
6.909811250000000626e+00
6.877762500000000223e+00
6.798281250000000497e+00
6.681214999999999016e+00
6.560821250000000937e+00
6.463971250000000168e+00
6.386528749999999199e+00
6.320163749999998970e+00
6.266420000000000101e+00
6.172308750000000899e+00
5.891918749999999427e+00
5.382812500000000888e+00
5.005066249999999606e+00
4.728583750000000308e+00
4.218379999999999797e+00
3.991551250000000106e+00
4.029671249999999816e+00
4.215441249999999584e+00
4.408877500000000005e+00
4.514277499999999499e+00
1.112982499999999986e+00
1.104645000000000099e+00
1.090818749999999948e+00
5.298237500000000377e-01
5.172612500000000058e-01
