6.446937499999999766e+00
8.480233750000000015e+00
6.473687499999998707e+00
5.875965000000000771e+00
5.560784999999999201e+00
5.316368749999999643e+00
5.078771249999999959e+00
4.892945000000000100e+00
4.762577499999999908e+00
4.654480000000000395e+00
4.554796249999999880e+00
4.458700000000000330e+00
4.392198750000000373e+00
4.304361250000000361e+00
4.272524999999999906e+00
4.260253750000000394e+00
4.249412500000000037e+00
4.242148750000000135e+00
4.236690000000000289e+00
4.232406250000000369e+00
4.228836249999999630e+00
4.225811249999999575e+00
4.221288749999999368e+00
4.215856249999999861e+00
4.211213750000000644e+00
4.207054999999999545e+00
4.203171250000000470e+00
4.199516250000000284e+00
4.196021250000000258e+00
4.192656249999999751e+00
4.189362500000000544e+00
4.186163750000000405e+00
4.183031249999999979e+00
4.179939999999999323e+00
4.175494999999999735e+00
4.169584999999999653e+00
4.163821249999999807e+00
4.158140000000000391e+00
4.153848749999999868e+00
4.151084999999999248e+00
4.147027500000000089e+00
4.141630000000000145e+00
4.136258749999999651e+00
4.131002499999999245e+00
4.125768749999999763e+00
4.121892499999999515e+00
4.119323750000000395e+00
4.116776250000000026e+00
4.114231249999999562e+00
4.112462499999999466e+00
4.111478749999999849e+00
4.110512499999999569e+00
4.109528749999999953e+00
4.108547500000000241e+00
4.107574999999999754e+00
4.106592500000000534e+00
4.105612499999999443e+00
4.104639999999999844e+00
4.103661250000000038e+00
4.102688749999999551e+00
4.101711250000000142e+00
4.100731250000000827e+00
4.099752500000000133e+00
4.098777499999999741e+00
4.097058749999999527e+00
4.094621250000000323e+00
4.092178749999999532e+00
4.089731249999999818e+00
4.086181250000000098e+00
4.081582499999999669e+00
4.076950000000000074e+00
4.072268750000000104e+00
4.067627500000000396e+00
4.061381250000000165e+00
4.053417500000000118e+00
4.045399999999999885e+00
4.037694999999999368e+00
4.030512500000000387e+00
4.024532500000000290e+00
4.017341249999999420e+00
4.008946250000000155e+00
4.001686249999999667e+00
3.994931250000000045e+00
3.988318750000000357e+00
3.981177500000000258e+00
3.973652500000000476e+00
3.966391250000000035e+00
3.959113749999999765e+00
3.952032500000000503e+00
3.947486249999999863e+00
3.944637499999999797e+00
3.939404999999999824e+00
3.924606249999999630e+00
3.905791250000000492e+00
3.890627499999999905e+00
3.860643750000000374e+00
3.832488750000000444e+00
3.815545000000000186e+00
3.790754999999999875e+00
3.770787499999999515e+00
3.759745000000000115e+00
3.750346249999999770e+00
3.738238749999999389e+00
3.730397500000000033e+00
3.708501250000000304e+00
3.672333749999999952e+00
3.640164999999999651e+00
3.603038750000000068e+00
3.575069999999999748e+00
3.556195000000000217e+00
3.532306249999999981e+00
3.513816249999999641e+00
3.498232499999999856e+00
3.480323749999999716e+00
3.459972500000000117e+00
3.433272499999999727e+00
3.413184999999999913e+00
3.398921249999999894e+00
3.381115000000000315e+00
3.356267499999999515e+00
3.320766250000000142e+00
3.277143750000000022e+00
3.234077500000000605e+00
3.201183750000000217e+00
3.186063750000000194e+00
3.168732499999999952e+00
3.151102499999999917e+00
3.138837499999999725e+00
3.123321249999999605e+00
3.104132499999999961e+00
3.078195000000000014e+00
3.059223750000000130e+00
3.043074999999999974e+00
3.024443749999999653e+00
2.995891249999999673e+00
2.964744999999999742e+00
2.933737499999999887e+00
2.900501250000000031e+00
2.862025000000000485e+00
2.835006250000000172e+00
2.805639999999999912e+00
2.766692499999999999e+00
2.727419999999999956e+00
2.611912499999999859e+00
2.466202499999999631e+00
2.326566249999999947e+00
2.143078749999999921e+00
1.892367499999999980e+00
1.484875000000000167e+00
9.254018750000000404e-01
4.001289999999999569e-01
3.190844999999999914e+02
7.327382499999998799e+01
7.447548749999999274e+00
5.977475000000000094e+00
5.453808750000000316e+00
5.230568749999999767e+00
4.465452499999999603e+00
4.044290000000000163e+00
3.970374999999999321e+00
3.906456249999999741e+00
4.386361250000000211e+00
3.850533749999999866e+00
3.661727500000000468e+00
7.443302500000000599e+00
3.627356249999999616e+00
3.431777499999999925e+00
1.118484999999999907e+01
3.960697499999999760e+00
1.134771250000000009e+01
4.037356250000000202e+00
3.506257499999999805e+00
1.615846250000000239e+01
3.944147500000000139e+00
1.781329999999999814e+01
4.292543750000000102e+00
8.114108749999999759e+00
7.303844999999999921e+00
6.137575000000000003e+00
7.205095000000000027e+00
7.582261250000000175e+00
7.442996250000000202e+00
7.325594999999999857e+00
7.248233750000000697e+00
7.214308750000000714e+00
7.209482499999999128e+00
7.219123749999999617e+00
7.226466250000000535e+00
7.235469999999998514e+00
7.254131249999999476e+00
7.266282499999999978e+00
7.272796249999998963e+00
7.280067500000000358e+00
7.291679999999999495e+00
7.508797499999999125e+00
7.552704999999999558e+00
7.578926250000000309e+00
7.560357500000000286e+00
7.502056249999999871e+00
7.445812499999999723e+00
7.402887499999998511e+00
7.378934999999999356e+00
7.349765000000000548e+00
7.314529999999999532e+00
7.266437500000001215e+00
7.222902500000000892e+00
7.193563749999999146e+00
7.122143750000001106e+00
7.025321250000001072e+00
6.757278750000000223e+00
6.252693749999999717e+00
5.995036250000000067e+00
5.904988750000000231e+00
5.843168750000000244e+00
5.771788750000000690e+00
5.595225000000000115e+00
5.376597500000000807e+00
5.184063749999999970e+00
5.035309999999999953e+00
4.926296250000000043e+00
4.832868750000000269e+00
4.757213750000000019e+00
4.689507499999999496e+00
4.167527500000000273e+00
3.472601250000000306e+00
2.998536249999999903e+00
2.629632500000000039e+00
2.105532499999999807e+00
1.836263750000000083e+00
1.901602500000000084e+00
2.240816250000000398e+00
2.583446250000000166e+00
2.717954999999999899e+00
6.547137499999999832e-01
6.432537499999999575e-01
6.200137500000000301e-01
2.829125000000000112e-01
2.601324999999999887e-01
