1.253165000000000084e+01
1.803899999999999793e+01
1.481510000000000105e+01
1.394056249999999864e+01
1.349695000000000000e+01
1.316083749999999952e+01
1.283883750000000212e+01
1.258770000000000167e+01
1.240931249999999864e+01
1.225695000000000157e+01
1.210933749999999876e+01
1.194956249999999720e+01
1.181726250000000178e+01
1.151672500000000099e+01
1.131067500000000159e+01
1.116287499999999966e+01
1.097566250000000032e+01
1.079958750000000123e+01
1.062768750000000040e+01
1.046085000000000065e+01
1.029608750000000050e+01
1.013263749999999952e+01
9.845968750000000824e+00
9.424634999999998541e+00
8.971253749999998917e+00
8.456715000000000870e+00
7.846743749999999906e+00
7.127836250000000540e+00
6.716865000000001196e+00
9.209124999999998451e+00
1.529100000000000037e+01
1.671453749999999872e+01
1.441382500000000100e+01
1.249880000000000102e+01
1.078512500000000074e+01
9.031818749999999341e+00
8.332607499999999945e+00
1.603298750000000084e+01
1.891071250000000248e+01
1.644462500000000205e+01
1.387653749999999953e+01
1.217164999999999964e+01
1.122653749999999917e+01
1.056011249999999890e+01
1.000892499999999963e+01
9.621567499999999384e+00
9.365885000000000460e+00
9.107108750000000086e+00
8.837083749999999682e+00
8.638960000000000861e+00
8.519988749999999555e+00
8.399436250000000825e+00
8.272253750000000849e+00
8.140896250000000833e+00
8.003646250000000961e+00
7.861088750000000402e+00
7.709550000000000125e+00
7.556070000000000064e+00
7.391230000000000189e+00
7.220111250000000425e+00
7.040922500000000639e+00
6.856158750000000524e+00
6.668754999999999100e+00
6.487461249999999957e+00
6.248847500000000110e+00
6.538378749999999684e+00
9.432231249999999179e+00
1.811151249999999990e+01
3.552927499999999839e+01
3.402740000000000009e+01
2.170976250000000007e+01
1.658897500000000136e+01
1.445617500000000000e+01
1.292145000000000010e+01
1.169464999999999932e+01
1.070676249999999996e+01
9.531647500000000051e+00
1.094942500000000152e+01
1.434290000000000020e+01
1.229555000000000042e+01
1.072231249999999925e+01
9.685413749999998601e+00
9.804058750000001154e+00
1.120811250000000037e+01
1.018418749999999839e+01
1.431288750000000043e+01
1.343370000000000175e+01
1.186251249999999935e+01
1.124848749999999953e+01
1.099276249999999955e+01
1.086096249999999941e+01
1.065324999999999989e+01
1.014367500000000000e+01
9.387911249999998375e+00
9.303026250000000275e+00
1.041217500000000129e+01
8.403981249999999292e+00
1.173432500000000012e+01
1.819117500000000121e+01
1.193072500000000069e+01
1.157106250000000003e+01
1.083197499999999991e+01
1.082888750000000044e+01
1.049435000000000073e+01
9.916548749999998691e+00
9.544693750000002197e+00
1.132680000000000042e+01
1.083068749999999980e+01
1.025196250000000120e+01
9.440953750000002032e+00
9.060412499999998204e+00
7.093506249999999014e+00
3.574862499999998988e+01
1.123151250000000090e+01
1.566477500000000056e+01
1.228717499999999951e+01
1.084297499999999914e+01
1.064321249999999885e+01
1.022551249999999889e+01
9.631120000000001014e+00
1.119774999999999920e+01
1.176558749999999876e+01
1.134955000000000069e+01
1.035356250000000067e+01
1.458263750000000236e+01
1.084658750000000182e+01
9.463762499999999633e+00
1.029876250000000049e+01
1.038659999999999961e+01
1.077996249999999989e+01
1.693873750000000200e+01
1.667512499999999775e+01
1.148247499999999910e+01
1.393041249999999920e+01
1.135441249999999869e+01
1.138171250000000256e+01
1.090285000000000082e+01
1.045203749999999943e+01
1.118900000000000006e+01
1.053528749999999903e+01
1.321903749999999889e+01
1.163889999999999958e+01
1.169881249999999895e+01
1.319862500000000161e+01
1.041016250000000198e+01
1.373107500000000059e+01
2.110175000000000267e+01
1.313828750000000056e+01
1.172953749999999928e+01
1.217677500000000101e+01
1.121963750000000104e+01
1.202792499999999976e+01
1.333116249999999781e+01
1.677261250000000103e+01
1.400182500000000019e+01
1.274475000000000335e+01
1.233807499999999990e+01
1.446535000000000082e+01
1.273704999999999998e+01
1.276818749999999980e+01
1.279349999999999810e+01
1.283937500000000220e+01
1.298218750000000021e+01
1.316388750000000130e+01
1.313111249999999863e+01
1.264899999999999913e+01
1.274716249999999818e+01
1.257562500000000050e+01
1.274800000000000111e+01
1.302178749999999852e+01
1.288596249999999976e+01
1.271706249999999905e+01
1.259854999999999769e+01
1.263992500000000163e+01
1.262971250000000012e+01
1.260107500000000158e+01
1.247881250000000009e+01
1.234755000000000003e+01
1.217781250000000171e+01
1.210276250000000076e+01
1.203072500000000034e+01
1.196656249999999844e+01
1.194684999999999775e+01
1.195135000000000147e+01
1.197393750000000168e+01
1.142972499999999947e+01
1.121987499999999827e+01
1.112914999999999921e+01
1.101640000000000086e+01
1.081712500000000077e+01
1.069133749999999949e+01
1.062176249999999911e+01
1.055186250000000037e+01
1.045095000000000063e+01
1.016921250000000043e+01
9.878942499999999072e+00
9.516120000000000800e+00
8.878870000000000928e+00
8.110548749999999529e+00
7.542253749999999535e+00
7.178718749999999815e+00
7.024547499999999722e+00
6.837847499999999634e+00
6.606647500000000228e+00
6.289847500000000480e+00
6.019397500000000178e+00
5.846872499999999917e+00
5.540027499999999883e+00
5.300886249999999578e+00
5.068398750000000064e+00
4.701996249999999655e+00
4.419659999999999478e+00
4.296940000000000204e+00
4.221725000000000172e+00
4.130608750000000384e+00
3.898056249999999778e+00
3.634877500000000872e+00
3.454942500000000027e+00
3.364910000000000068e+00
3.334298749999999423e+00
3.309590000000000476e+00
3.290283750000000396e+00
3.263529999999999820e+00
3.253124999999999822e+00
3.481758750000000013e+00
3.728687499999999932e+00
3.924570000000000114e+00
4.311639999999999695e+00
4.447589999999999932e+00
4.250307499999999905e+00
3.593841250000000098e+00
3.125760000000000094e+00
2.754446250000000429e+00
5.841287499999999744e-01
5.755137500000000461e-01
5.948537499999999589e-01
3.421425000000000161e-01
3.656924999999999759e-01
