2.661271250000000066e+01
3.165902499999999975e+01
2.160060000000000002e+01
1.817852500000000049e+01
1.621603749999999877e+01
1.457344999999999935e+01
1.282479999999999976e+01
1.131351249999999986e+01
1.012908749999999891e+01
9.032304999999999140e+00
7.900750000000000384e+00
6.619769999999999044e+00
5.582870000000000665e+00
3.799072500000000296e+00
2.990391250000000056e+00
2.622928749999999809e+00
2.280866249999999873e+00
2.052908749999999838e+00
1.887132500000000102e+00
1.768643750000000070e+00
1.683487500000000026e+00
1.625693749999999937e+00
1.582487500000000047e+00
1.618236250000000043e+00
1.792885000000000062e+00
2.178113750000000071e+00
2.974469999999999725e+00
4.812358749999999574e+00
9.869225000000000136e+00
2.113573750000000118e+01
2.604171249999999915e+01
1.518837500000000063e+01
6.489702499999999930e+00
3.257169999999999899e+00
1.855101249999999924e+00
1.612658750000000252e+00
3.859886249999999741e+00
8.541460000000000719e+00
5.035309999999999953e+00
2.405107500000000176e+00
1.082657500000000050e+00
5.946287500000000392e-01
4.543749999999999734e-01
4.131622500000000642e-01
4.210968749999999816e-01
4.528447500000000181e-01
4.890674999999999883e-01
5.389642500000000336e-01
6.068783749999999699e-01
6.666892500000000110e-01
7.081746249999999465e-01
7.542915000000000036e-01
8.081266249999998763e-01
8.688244999999999996e-01
9.401802500000000506e-01
1.020809999999999995e+00
1.119140000000000024e+00
1.224788750000000093e+00
1.357604999999999951e+00
1.515832500000000138e+00
1.708918749999999820e+00
1.946735000000000326e+00
2.245993749999999789e+00
2.628780000000000339e+00
3.671507499999999702e+00
6.580887500000000223e+00
1.312577500000000086e+01
2.448441250000000124e+01
3.514668749999999875e+01
1.915676249999999925e+01
5.156785000000000174e+00
1.870887499999999815e+00
9.842847499999999306e-01
5.415656250000000504e-01
3.130991249999999781e-01
2.291334999999999900e-01
3.175702499999999984e-01
1.082027500000000142e+00
8.995208750000001086e-01
2.272696250000000029e-01
1.424502500000000005e-01
3.279246249999999696e-01
1.332039999999999891e+00
1.101953750000000065e+00
1.272042499999999965e+00
2.199886250000000043e+00
4.694622499999999699e-01
1.099232500000000001e-01
6.246628750000000896e-02
5.048812499999999481e-02
4.583480000000000193e-02
4.039674999999999516e-02
3.609303750000000116e-02
5.151085000000001080e-02
8.379195000000000393e-01
2.371237499999999665e-01
1.750462499999999810e+00
4.431092499999999212e+00
3.652978749999999941e+00
1.200984999999999969e+00
1.257607500000000045e-01
1.328436249999999930e-01
1.187502500000000016e-01
2.418147500000000089e-02
5.868561249999999785e-02
2.215126249999999630e-01
1.902538750000000167e+00
3.475373749999999817e-01
4.474511249999999635e-02
6.385544999999999416e-02
6.581818749999999996e-02
2.045388750000000089e-01
4.395954999999999835e+00
1.780722500000000430e-01
1.247705000000000064e+00
4.030737500000000084e-01
1.271150000000000058e-02
2.254922500000000052e-01
6.346263750000000203e-02
7.497477500000000739e-02
3.544681249999999673e-01
5.608771249999999764e-01
4.326688750000000083e-01
3.771150000000000335e-01
4.661327499999999846e-01
9.397237499999998300e-02
3.598359999999999753e-02
1.341984999999999706e-01
2.173617500000000202e-01
4.886512499999999815e-01
9.388290000000000246e-01
9.181082499999999591e-01
6.569991250000000171e-01
8.950145000000001572e-01
9.855101249999999313e-02
9.479159999999998976e-02
3.941427499999999862e-02
5.225013750000000873e-02
2.583422499999999955e-01
1.479932499999999929e-01
6.886442499999999578e-01
2.118096250000000014e-01
1.519151249999999842e-01
3.147383750000000147e-01
9.161581249999999066e-02
5.775388749999998961e-01
1.003060000000000063e+00
2.738146250000000337e-01
6.581672500000000647e-02
2.036040000000000072e-01
1.263881249999999901e-01
3.187482500000000107e-01
1.546279999999999877e-01
4.293819999999999859e-01
2.512710000000000221e-01
1.497078750000000180e-01
1.111012499999999986e-01
1.899323750000000144e-01
1.592918749999999994e-01
1.528081250000000169e-01
1.475349999999999995e-01
1.379852500000000037e-01
1.273120000000000085e-01
1.358484999999999832e-01
1.215571249999999881e-01
7.839773749999999486e-02
7.903018750000000148e-02
7.268328749999999894e-02
7.538248749999999776e-02
6.066114999999999702e-02
4.859927499999999734e-02
4.518656250000000624e-02
3.960887500000000172e-02
3.924822499999999770e-02
3.907178750000000339e-02
3.860277499999999890e-02
3.644649999999999973e-02
3.474392499999999495e-02
3.009313749999999871e-02
2.261647500000000047e-02
2.095162500000000150e-02
1.957673749999999657e-02
1.734202500000000050e-02
1.708484999999999865e-02
1.642393749999999930e-02
1.445851250000000122e-02
1.406751250000000224e-02
1.399236249999999751e-02
1.398322499999999843e-02
1.419010000000000063e-02
1.444105000000000041e-02
1.461239999999999935e-02
1.481378749999999987e-02
1.514441249999999919e-02
1.621698750000000189e-02
1.746897500000000117e-02
1.950416249999999824e-02
2.482140000000000041e-02
3.490374999999999728e-02
4.830464999999999759e-02
6.029385000000000300e-02
6.680672499999999736e-02
7.573367500000000030e-02
8.958135000000000403e-02
1.158572499999999950e-01
1.475316249999999996e-01
1.746754999999999836e-01
2.453082500000000055e-01
3.165228749999999813e-01
4.253203749999999728e-01
6.554219999999999491e-01
8.183571250000001296e-01
8.975847499999999313e-01
9.512555000000000316e-01
1.010273749999999859e+00
1.144821249999999901e+00
1.347789999999999822e+00
1.550101250000000208e+00
1.676882500000000054e+00
1.737178750000000216e+00
1.777078750000000262e+00
1.803976250000000059e+00
1.835311249999999950e+00
1.873168750000000049e+00
1.891737499999999850e+00
1.885844999999999771e+00
1.860627499999999879e+00
1.814319999999999933e+00
1.749182499999999862e+00
1.765655000000000197e+00
2.282456250000000075e+00
2.374710000000000321e+00
2.388021249999999984e+00
6.556612500000000843e-01
6.699662499999999854e-01
6.724287500000000195e-01
3.180124999999999758e-01
3.119549999999999823e-01
