5.344762499999999818e+03
6.357154999999998836e+03
4.336438750000000255e+03
3.648796250000000327e+03
3.254367500000000291e+03
2.924191249999999854e+03
2.572606249999999818e+03
2.268671249999999873e+03
2.030377499999999827e+03
1.809626250000000027e+03
1.581752500000000055e+03
1.323534999999999854e+03
1.114251250000000027e+03
7.529010000000000673e+02
5.882351249999999254e+02
5.128432500000000118e+02
4.421455000000000268e+02
3.944547499999999900e+02
3.592240000000000464e+02
3.334273749999999836e+02
3.141895000000000095e+02
3.002568749999999795e+02
2.867642500000000041e+02
2.848971250000000168e+02
3.062750000000000341e+02
3.608252499999999827e+02
4.781721249999999941e+02
7.524800000000000182e+02
1.509648750000000064e+03
3.197418750000000273e+03
3.934176249999999982e+03
2.313206249999999727e+03
1.016831250000000068e+03
5.418541250000000673e+02
3.567818750000000136e+02
4.144278749999999718e+02
1.252846249999999827e+03
2.916162500000000364e+03
1.696932499999999891e+03
7.789662499999999454e+02
3.184590000000000032e+02
1.480288749999999993e+02
9.605022499999999752e+01
7.527827500000000782e+01
6.738617500000000859e+01
6.659842499999999177e+01
6.846217500000000200e+01
7.220515000000000327e+01
7.818356250000000784e+01
8.381466249999999718e+01
8.787041249999998627e+01
9.245565000000000566e+01
9.789721249999999486e+01
1.040960000000000036e+02
1.114729999999999990e+02
1.198604999999999876e+02
1.301806249999999920e+02
1.412987500000000125e+02
1.553616250000000036e+02
1.721776250000000346e+02
1.927584999999999980e+02
2.181684999999999945e+02
2.502038750000000107e+02
2.912432500000000459e+02
4.032235000000000014e+02
7.160731249999998909e+02
1.420308749999999918e+03
2.642751250000000255e+03
3.790224999999999454e+03
2.068933749999999691e+03
5.620149999999999864e+02
2.085737500000000182e+02
1.136431249999999977e+02
6.735311250000000882e+01
4.665847499999999570e+01
4.932536249999999711e+01
1.407863749999999925e+02
6.832235000000000582e+02
5.655960000000000036e+02
1.067042500000000018e+02
4.082198749999999876e+01
8.584193750000000023e+01
3.498158750000000055e+02
2.909352499999999964e+02
3.575227499999999736e+02
6.250688749999999345e+02
1.305112499999999898e+02
2.788646250000000038e+01
1.443900000000000006e+01
1.106397499999999923e+01
9.754275000000001583e+00
8.218202500000000299e+00
6.911267500000001007e+00
1.106912500000000144e+01
2.435234999999999843e+02
5.737988749999999527e+01
1.929740000000000180e+02
3.423360000000000127e+02
2.688275000000000432e+02
1.399074999999999989e+02
1.393844999999999956e+01
1.856649999999999778e+01
1.729287499999999866e+01
3.042518749999999716e+00
1.969494999999999862e+01
5.840613750000000692e+01
1.340893749999999898e+02
6.111683750000000259e+01
9.533018749999998320e+00
1.416100000000000136e+01
1.333996249999999861e+01
2.576631249999999795e+01
4.424671250000000100e+02
4.020897499999999525e+01
2.078547500000000241e+02
3.871435000000001025e+01
1.483824999999999950e+00
2.330609999999999715e+01
9.275867500000000376e+00
8.334740000000000038e+00
7.451363750000001573e+01
7.665489999999999782e+01
6.894999999999998863e+01
5.996901249999999806e+01
7.834307499999999891e+01
1.424322499999999891e+01
1.077538750000000078e+01
4.942226250000000221e+01
5.441577500000000356e+01
4.806827499999999986e+01
6.944728750000000161e+01
1.104222500000000053e+02
6.156251249999999686e+01
7.914011250000000075e+01
2.214639999999999986e+01
3.925957499999999811e+01
8.918761249999999308e+00
2.548103750000000289e+01
3.479658750000000111e+01
3.527880000000000393e+01
7.185513749999998367e+01
3.318703750000000241e+01
2.497181249999999864e+01
5.230894999999999584e+01
1.725287499999999952e+01
7.118206250000000068e+01
9.963076250000000300e+01
4.170491249999999894e+01
1.131126249999999978e+01
2.445031249999999901e+01
1.942147500000000093e+01
3.403357499999999902e+01
3.381508749999999708e+01
5.443641249999999587e+01
3.897104999999999819e+01
2.299743750000000020e+01
3.071899999999999764e+01
3.522361250000000155e+01
2.553137500000000415e+01
2.511642500000000311e+01
2.477898749999999950e+01
2.416783750000000097e+01
2.312352500000000077e+01
2.279123750000000115e+01
1.937554999999999694e+01
1.400539999999999985e+01
1.366223750000000159e+01
1.199693749999999959e+01
1.104562499999999936e+01
1.071613750000000032e+01
9.660671250000000043e+00
8.871887500000001481e+00
7.919723750000000173e+00
7.595632500000000675e+00
7.351515000000000910e+00
6.882308749999999087e+00
6.121592500000001102e+00
5.572745000000000282e+00
4.776213750000000147e+00
4.073331249999999848e+00
3.664916250000000542e+00
3.313978750000000417e+00
3.034804999999999975e+00
2.752251250000000038e+00
2.522573749999999837e+00
2.360208750000000411e+00
2.168207500000000287e+00
2.100646250000000048e+00
2.026733750000000001e+00
1.890912499999999774e+00
1.802137499999999948e+00
1.755776250000000038e+00
1.708481249999999729e+00
1.638737500000000180e+00
1.462156250000000046e+00
1.318041250000000275e+00
1.179607499999999920e+00
1.002288749999999951e+00
8.243642499999999096e-01
7.141957500000000181e-01
6.652537500000000881e-01
6.503488749999999374e-01
6.337572499999999387e-01
6.152900000000000036e-01
5.807401249999999404e-01
5.464166249999999891e-01
5.255512500000000253e-01
4.867408750000000173e-01
4.589971249999999503e-01
4.324258750000000151e-01
3.870836249999999867e-01
3.632333749999999695e-01
3.540840000000000098e-01
3.480694999999999761e-01
3.412108750000000246e-01
3.249568750000000339e-01
2.974963749999999796e-01
2.685204999999999953e-01
2.478524999999999756e-01
2.320548750000000215e-01
2.199157500000000209e-01
2.107291250000000171e-01
1.945844999999999936e-01
1.521751250000000222e-01
8.916233750000000791e-02
5.604908749999999718e-02
4.011426249999999749e-02
1.665781250000000074e-02
5.811371249999999940e-03
2.669517499999999460e-03
9.375627500000000046e-04
8.910042500000000133e-04
9.948261250000000212e-04
1.979451249999999779e-04
1.809098750000000125e-04
1.537222499999999934e-04
5.227474999999999955e-05
3.900062500000000236e-05
