5.383912500000000364e+03
6.406850000000000364e+03
4.372851249999999709e+03
3.680913750000000164e+03
3.284083750000000236e+03
2.951927499999999782e+03
2.598272500000000036e+03
2.292570000000000164e+03
2.052916250000000218e+03
1.830913749999999709e+03
1.601759999999999991e+03
1.342101250000000164e+03
1.131650000000000091e+03
7.682164999999999964e+02
6.025361249999999700e+02
5.266290000000000191e+02
4.554018750000000182e+02
4.073071250000000418e+02
3.717387499999999818e+02
3.456569999999999254e+02
3.261691249999999513e+02
3.120153750000000059e+02
2.981927500000000464e+02
2.959398750000000291e+02
3.170389999999999873e+02
3.714601249999999482e+02
4.889931249999999636e+02
7.644202499999998963e+02
1.526234999999999673e+03
3.227763750000000073e+03
3.975509999999999764e+03
2.345109999999999673e+03
1.037736249999999927e+03
5.576101250000000391e+02
3.694222499999999627e+02
4.250721249999999714e+02
1.265039999999999964e+03
2.940738749999999982e+03
1.720878749999999854e+03
7.978157499999999800e+02
3.334180000000000064e+02
1.607952499999999816e+02
1.077311249999999916e+02
8.625151250000000402e+01
7.781618750000001228e+01
7.667283749999999998e+01
7.831713750000000118e+01
8.185122500000001367e+01
8.762751249999999459e+01
9.312030000000000030e+01
9.709858750000000782e+01
1.016094999999999828e+02
1.069775000000000063e+02
1.131055000000000064e+02
1.204168749999999903e+02
1.287423750000000098e+02
1.390093750000000057e+02
1.500794999999999959e+02
1.641102499999999793e+02
1.809136250000000246e+02
2.015084999999999980e+02
2.269711250000000291e+02
2.591187499999999773e+02
3.003597500000000196e+02
4.131440000000000055e+02
7.291923749999999700e+02
1.442866250000000036e+03
2.685344999999999800e+03
3.860903749999999945e+03
2.122116249999999582e+03
5.888813750000000482e+02
2.270337499999999977e+02
1.290837500000000091e+02
8.081610000000000582e+01
5.866622499999999718e+01
6.026123750000000001e+01
1.506354999999999791e+02
6.952550000000001091e+02
5.808384999999999536e+02
1.192271250000000009e+02
5.168673749999999956e+01
9.585527500000000600e+01
3.609518750000000296e+02
3.032451249999999732e+02
3.689788749999999595e+02
6.415816249999999172e+02
1.444146249999999725e+02
3.985891250000000241e+01
2.574994999999999834e+01
2.210716250000000116e+01
2.066106249999999989e+01
1.891185000000000116e+01
1.709104999999999919e+01
2.050857500000000044e+01
2.536643750000000068e+02
6.802916249999999820e+01
2.031283749999999770e+02
3.585012500000000273e+02
2.906715000000000373e+02
1.530391250000000127e+02
2.563527500000000003e+01
2.953133749999999935e+01
2.824053750000000207e+01
1.356106250000000202e+01
2.967018750000000082e+01
6.817236250000000553e+01
1.473186249999999973e+02
7.229505000000000337e+01
1.982969999999999899e+01
2.366580000000000439e+01
2.246621250000000103e+01
3.306436249999999433e+01
4.826118749999999977e+02
5.161856249999999591e+01
2.247673750000000155e+02
5.140458749999999100e+01
1.233950000000000102e+01
3.417477499999999679e+01
1.956483749999999944e+01
1.804083750000000208e+01
8.606585000000001173e+01
8.898134999999999195e+01
8.073222499999999968e+01
7.069972500000000082e+01
9.339183749999999407e+01
2.518379999999999797e+01
2.027512500000000273e+01
5.985526249999999493e+01
6.501970000000000027e+01
5.933686250000000229e+01
8.732481249999999307e+01
1.280153750000000059e+02
7.370199999999999818e+01
9.396553750000001060e+01
3.359937500000000199e+01
5.073608749999999645e+01
1.986102499999999793e+01
3.598531250000000625e+01
4.624396249999999498e+01
4.596206249999999471e+01
8.576283750000000339e+01
4.503776249999999948e+01
3.682253749999999570e+01
6.582228750000000161e+01
2.775463750000000118e+01
8.549066249999999911e+01
1.217356249999999989e+02
5.511699999999999733e+01
2.310662500000000108e+01
3.683067499999999939e+01
3.076751249999999516e+01
4.638024999999999665e+01
4.730086249999999382e+01
7.163840000000000430e+01
5.322414999999999452e+01
3.589189999999999969e+01
4.316817500000000507e+01
4.987888750000000471e+01
3.842775000000000318e+01
3.803744999999999976e+01
3.772003750000000366e+01
3.714520000000000266e+01
3.623304999999999865e+01
3.609096249999999628e+01
3.262822500000000048e+01
2.673279999999999745e+01
2.648841250000000258e+01
2.464523750000000391e+01
2.386898750000000291e+01
2.379860000000000042e+01
2.259523750000000319e+01
2.163413750000000135e+01
2.055790000000000006e+01
2.027479999999999905e+01
2.002030000000000243e+01
1.952196250000000077e+01
1.863683750000000217e+01
1.795503749999999954e+01
1.698408749999999756e+01
1.619872499999999960e+01
1.571657499999999885e+01
1.530009999999999870e+01
1.499898750000000014e+01
1.472067499999999995e+01
1.451292499999999919e+01
1.380857499999999938e+01
1.346602500000000191e+01
1.335241249999999980e+01
1.322062500000000185e+01
1.296869999999999834e+01
1.280017499999999941e+01
1.271037499999999909e+01
1.261715000000000053e+01
1.248013750000000144e+01
1.213157499999999978e+01
1.181273749999999900e+01
1.143738749999999982e+01
1.087107499999999938e+01
1.025013749999999924e+01
9.731908749999998776e+00
9.400949999999999918e+00
9.263576249999999845e+00
9.097342499999999887e+00
8.899037500000000378e+00
8.641931250000000730e+00
8.425155000000000172e+00
8.291222499999999940e+00
8.061272499999999397e+00
7.902116249999999731e+00
7.760895000000000543e+00
7.535328750000000575e+00
7.380781249999999183e+00
7.310265000000000235e+00
7.264302500000000329e+00
7.213983750000000583e+00
7.101587499999999942e+00
6.959443750000000151e+00
6.856125000000000469e+00
6.807049999999999379e+00
6.785519999999999996e+00
6.772482499999998851e+00
6.764416249999999131e+00
6.754950000000000010e+00
6.781885000000000829e+00
7.033883750000000212e+00
7.263576250000000734e+00
7.425841250000000393e+00
7.689897500000000719e+00
7.705096249999999536e+00
7.421579999999999622e+00
6.774082500000000451e+00
6.145688749999999700e+00
5.761682500000000928e+00
1.386298749999999913e+00
1.388977499999999976e+00
1.405683750000000121e+00
7.229050000000000198e-01
7.360712499999999547e-01
