1.467476249999999993e+01
1.853308750000000060e+01
1.356895000000000273e+01
1.200229999999999819e+01
1.114557499999999912e+01
1.045884999999999998e+01
9.764524999999999011e+00
9.197387499999997829e+00
8.779707500000000664e+00
8.415990000000000748e+00
8.063076249999999945e+00
7.696048749999999217e+00
7.421357500000000940e+00
7.003061249999999127e+00
6.829979999999999052e+00
6.755751249999999430e+00
6.687491249999999887e+00
6.640674999999998995e+00
6.605427500000000229e+00
6.578256249999999028e+00
6.556286250000000315e+00
6.538427500000000947e+00
6.513228749999998790e+00
6.485864999999999547e+00
6.465528749999999825e+00
6.449787500000000229e+00
6.436720000000000219e+00
6.425955000000000084e+00
6.416856250000000372e+00
6.409174999999999400e+00
6.402252500000000346e+00
6.396227499999999289e+00
6.390799999999999592e+00
6.385902500000000259e+00
6.379718750000000327e+00
6.372469999999999857e+00
6.366300000000000736e+00
6.361023750000000199e+00
6.357035000000000657e+00
6.354754999999999932e+00
6.351871250000000302e+00
6.348033750000000808e+00
6.344567500000000138e+00
6.341537500000001160e+00
6.338585000000000136e+00
6.336662499999999199e+00
6.335431250000000070e+00
6.334210000000000562e+00
6.332989999999999675e+00
6.332191249999999272e+00
6.331814999999999749e+00
6.331443750000000037e+00
6.331067499999999626e+00
6.330688749999999310e+00
6.330318749999999994e+00
6.329942500000000472e+00
6.329567500000001345e+00
6.329193749999999952e+00
6.328819999999999446e+00
6.328447500000001114e+00
6.328072499999999323e+00
6.327697499999999309e+00
6.327322500000000183e+00
6.326947499999999280e+00
6.326288749999999794e+00
6.325357500000000854e+00
6.324421250000000327e+00
6.323484999999999800e+00
6.322312500000000668e+00
6.320925000000000793e+00
6.319528749999999917e+00
6.318116249999999212e+00
6.316716249999999810e+00
6.315031250000000540e+00
6.313031250000000760e+00
6.311021249999999583e+00
6.309272499999999617e+00
6.307726249999999979e+00
6.306434999999999569e+00
6.305106249999999690e+00
6.303687500000000554e+00
6.302464999999999762e+00
6.301322499999999494e+00
6.300164999999998905e+00
6.298881249999999987e+00
6.297527500000000167e+00
6.296226249999999247e+00
6.295133750000000639e+00
6.294176250000001360e+00
6.293563750000000567e+00
6.293177500000000535e+00
6.292470000000000674e+00
6.290363750000000032e+00
6.287816249999998774e+00
6.285972499999999741e+00
6.282417500000000210e+00
6.279243749999999125e+00
6.277452499999999880e+00
6.274892499999999984e+00
6.272720000000000518e+00
6.271546249999999212e+00
6.270579999999999821e+00
6.269342500000000484e+00
6.268537500000000762e+00
6.266289999999999694e+00
6.262568749999999795e+00
6.259212499999999402e+00
6.255316249999999911e+00
6.252268750000000708e+00
6.250106249999999974e+00
6.247397499999999049e+00
6.245243750000000205e+00
6.243351250000000796e+00
6.241143749999999990e+00
6.238609999999999545e+00
6.235250000000000625e+00
6.232638750000000449e+00
6.230778750000000699e+00
6.228428750000000846e+00
6.225105000000000111e+00
6.220314999999999372e+00
6.214217500000000172e+00
6.208252500000000396e+00
6.203771249999999071e+00
6.201726250000000107e+00
6.199418749999999534e+00
6.197073749999999492e+00
6.195439999999999614e+00
6.193399999999999572e+00
6.191010000000000346e+00
6.187796249999999887e+00
6.185456249999999656e+00
6.183557500000000040e+00
6.181418749999999740e+00
6.178143750000000267e+00
6.174754999999999328e+00
6.171561249999998999e+00
6.168186249999999760e+00
6.164596249999999777e+00
6.162130000000000329e+00
6.159493750000000212e+00
6.156313749999998919e+00
6.153195000000000192e+00
6.145260000000000389e+00
6.136594999999998912e+00
6.129778749999999832e+00
6.122324999999999129e+00
6.114312500000000483e+00
6.104661250000000372e+00
6.095373750000000257e+00
6.088543749999999477e+00
6.076986249999999146e+00
6.056061249999999951e+00
6.034200000000000230e+00
6.016224999999999490e+00
6.002710000000000434e+00
5.993908750000001007e+00
6.097192500000000237e+00
5.802290000000000170e+00
5.758513749999999654e+00
5.719701249999999959e+00
1.051898749999999794e+01
5.749237499999999557e+00
5.528916249999999089e+00
2.683958750000000393e+01
1.553518750000000104e+01
7.852333749999999668e+00
6.160543750000000429e+00
1.521589999999999776e+01
3.649301249999999897e+01
1.326555000000000106e+01
1.003124749999999921e+01
1.081271249999999817e+01
5.342361249999999728e+00
2.983239999999999981e+01
1.488006249999999930e+01
1.383926250000000202e+01
6.073398749999999069e+00
1.408877500000000182e+01
9.516508749999999850e+00
1.012850000000000250e+01
1.031968749999999879e+01
9.834585000000000576e+00
9.406997499999999235e+00
9.037336250000000959e+00
8.767248750000000257e+00
8.565717499999998097e+00
8.502818749999999426e+00
8.442383750000001186e+00
8.332358750000000924e+00
8.264893750000000594e+00
8.230563749999999956e+00
8.196936250000000257e+00
8.148031250000000725e+00
8.061077499999999674e+00
8.021328750000000340e+00
7.953837500000000560e+00
7.815323750000001013e+00
7.604838749999999870e+00
7.346777500000000849e+00
7.186783750000000026e+00
7.124783749999999749e+00
7.052002500000000396e+00
6.972482499999999916e+00
6.837560000000000748e+00
6.693217500000000264e+00
6.602397500000000363e+00
6.437834999999999752e+00
6.319821250000000390e+00
6.203243750000000389e+00
5.986802499999999583e+00
5.822018749999999798e+00
5.743402500000000188e+00
5.691029999999999589e+00
5.630032499999999551e+00
5.487299999999999400e+00
5.273208750000000222e+00
5.071410000000000196e+00
4.927811249999999532e+00
4.822754999999999903e+00
4.738160000000000593e+00
4.673957500000000209e+00
4.571215000000000472e+00
4.320814999999999628e+00
4.009881250000000286e+00
3.867587499999999956e+00
3.766990000000000727e+00
3.681412499999999977e+00
3.768299999999999539e+00
3.961757499999999599e+00
4.348965000000000636e+00
4.498561249999999845e+00
4.281089999999999840e+00
9.780325000000000824e-01
9.599400000000000155e-01
9.350899999999999768e-01
4.424012500000000236e-01
4.225875000000000048e-01
