1.079802499999999910e+01
1.391691250000000046e+01
1.041552499999999881e+01
9.345894999999998731e+00
8.773937500000000611e+00
8.325370000000001269e+00
7.884272500000000683e+00
7.535677499999999363e+00
7.288973750000000251e+00
7.083252499999999507e+00
6.892953750000000213e+00
6.709287499999999405e+00
6.582370000000000054e+00
6.416268749999999521e+00
6.357307499999999223e+00
6.335498750000000179e+00
6.317014999999999603e+00
6.305369999999999919e+00
6.297196249999999829e+00
6.291260000000000296e+00
6.286698749999999336e+00
6.283172500000000049e+00
6.278458750000001309e+00
6.273685000000001288e+00
6.270383750000000589e+00
6.267983749999999965e+00
6.266087499999999366e+00
6.264597499999999819e+00
6.263381249999999234e+00
6.262394999999999712e+00
6.261523749999999389e+00
6.260790000000000077e+00
6.260147500000000420e+00
6.259574999999999889e+00
6.258864999999999235e+00
6.258056250000000098e+00
6.257379999999999498e+00
6.256812499999999666e+00
6.256384999999999863e+00
6.256140000000001145e+00
6.255837500000000162e+00
6.255427499999999696e+00
6.255060000000000286e+00
6.254736249999999664e+00
6.254419999999999646e+00
6.254209999999999603e+00
6.254076249999999781e+00
6.253940000000000055e+00
6.253810000000000535e+00
6.253720000000000390e+00
6.253676250000000714e+00
6.253630000000000244e+00
6.253590000000000870e+00
6.253540000000000099e+00
6.253500000000000725e+00
6.253459999999998686e+00
6.253410000000000579e+00
6.253370000000000317e+00
6.253329999999999167e+00
6.253280000000000172e+00
6.253239999999999021e+00
6.253196250000000234e+00
6.253149999999998876e+00
6.253110000000000390e+00
6.253030000000000754e+00
6.252919999999999590e+00
6.252811249999998822e+00
6.252702499999999830e+00
6.252560000000000784e+00
6.252380000000000493e+00
6.252200000000001090e+00
6.252020000000000799e+00
6.251840000000000508e+00
6.251607500000000428e+00
6.251323750000000068e+00
6.251039999999999708e+00
6.250771250000000556e+00
6.250522500000000647e+00
6.250320000000001208e+00
6.250082499999999541e+00
6.249810000000000088e+00
6.249573749999999706e+00
6.249356250000000834e+00
6.249132499999999979e+00
6.248887500000000372e+00
6.248626249999999160e+00
6.248373749999999838e+00
6.248128750000001119e+00
6.247889999999999056e+00
6.247740000000000293e+00
6.247641249999999147e+00
6.247467499999999951e+00
6.246941250000000778e+00
6.246260000000000367e+00
6.245700000000000252e+00
6.244561250000000285e+00
6.243443749999999959e+00
6.242734999999999701e+00
6.241652499999998938e+00
6.240732500000000904e+00
6.240198750000000238e+00
6.239718749999999758e+00
6.239102499999999552e+00
6.238701250000000087e+00
6.237548750000000197e+00
6.235482500000000705e+00
6.233484999999999943e+00
6.230971249999998740e+00
6.228927499999999284e+00
6.227465000000000472e+00
6.225511250000000274e+00
6.223930000000000184e+00
6.222538750000000896e+00
6.220850000000000435e+00
6.218872499999999803e+00
6.216217499999999951e+00
6.214094999999999480e+00
6.212572500000000275e+00
6.210608750000000455e+00
6.207736249999999956e+00
6.203601250000000178e+00
6.198333750000000641e+00
6.193053750000000690e+00
6.188987499999999642e+00
6.187128750000000288e+00
6.185032500000000155e+00
6.182904999999999873e+00
6.181421250000000533e+00
6.179558750000000877e+00
6.177333749999998957e+00
6.174332499999999335e+00
6.172147499999999454e+00
6.170373749999999546e+00
6.168379999999999974e+00
6.165321250000000752e+00
6.162128749999999044e+00
6.159096250000001049e+00
6.155891249999999815e+00
6.152477500000000710e+00
6.150136249999999194e+00
6.147627500000000467e+00
6.144569999999999865e+00
6.141564999999999941e+00
6.133915000000000006e+00
6.125558749999999719e+00
6.118968749999999623e+00
6.111705000000000609e+00
6.103888750000000307e+00
6.094470000000000276e+00
6.085356250000000244e+00
6.078643750000000345e+00
6.067275000000000418e+00
6.046607500000000357e+00
6.024932500000000246e+00
6.007048750000000048e+00
5.993599999999999817e+00
5.984801250000000294e+00
5.901823750000000146e+00
5.787422499999999914e+00
5.743242500000000028e+00
5.700201249999999220e+00
5.836561250000000811e+00
5.715220000000000411e+00
5.517158750000000111e+00
2.287051250000000024e+01
1.217348749999999846e+01
7.749191249999999975e+00
5.942396249999999824e+00
1.218862500000000004e+01
3.434248749999999717e+01
1.104490000000000016e+01
9.038333749999999611e+00
9.706052500000000194e+00
4.640984999999999694e+00
2.848213750000000033e+01
1.374118749999999878e+01
1.291793750000000074e+01
5.852472500000000188e+00
1.333913749999999787e+01
8.993214999999999293e+00
9.556157499999999416e+00
9.763887500000000941e+00
9.366446249999999196e+00
9.019182500000001212e+00
8.720658750000001902e+00
8.505955000000000155e+00
8.346312499999999801e+00
8.296490000000000364e+00
8.248446250000000646e+00
8.160426250000000437e+00
8.105947499999999195e+00
8.078030000000000044e+00
8.050385000000000346e+00
8.009839999999998739e+00
7.941799999999999748e+00
7.915214999999999002e+00
7.791177499999999867e+00
7.511143749999999564e+00
7.194757499999998807e+00
6.872583749999999547e+00
6.674748750000000896e+00
6.597557500000000630e+00
6.506792499999999535e+00
6.407114999999999227e+00
6.249710000000000321e+00
6.077661250000000237e+00
5.967511250000000267e+00
5.766152499999999570e+00
5.620633749999999651e+00
5.485049999999999315e+00
5.235982500000000428e+00
5.039608750000000192e+00
4.946001249999999239e+00
4.877883750000000518e+00
4.790504999999999569e+00
4.578225000000000655e+00
4.271469999999999878e+00
3.994671249999999674e+00
3.796776249999999742e+00
3.659947499999999465e+00
3.552296250000000377e+00
3.469032500000000407e+00
3.334378749999999947e+00
2.967699999999999783e+00
2.470586250000000206e+00
2.242245000000000044e+00
2.081106250000000379e+00
1.972522499999999956e+00
2.126887500000000042e+00
2.357351249999999787e+00
2.742713750000000061e+00
2.956277499999999669e+00
2.932416250000000169e+00
6.123462499999999809e-01
5.985074999999999701e-01
5.662774999999999892e-01
2.508150000000000102e-01
2.297925000000000106e-01
