3.876738749999999900e+00
4.616149999999999309e+00
3.153407499999999697e+00
2.656397499999999745e+00
2.371620000000000061e+00
2.133481249999999996e+00
1.880252500000000104e+00
1.661710000000000242e+00
1.490732500000000016e+00
1.332736250000000178e+00
1.170123749999999907e+00
9.867621249999998234e-01
8.389862500000000445e-01
5.867935000000000789e-01
4.726697499999999996e-01
4.202513750000000381e-01
3.704766250000000039e-01
3.353047499999999848e-01
3.082328749999999062e-01
2.869951249999999621e-01
2.695866250000000242e-01
2.552522500000000139e-01
2.347670000000000035e-01
2.121791249999999962e-01
1.951436250000000150e-01
1.818031250000000099e-01
1.706348750000000192e-01
1.613563749999999963e-01
1.534706249999999716e-01
1.467805000000000082e-01
1.407288750000000033e-01
1.354345000000000132e-01
1.306537500000000129e-01
1.263292500000000040e-01
1.208535000000000026e-01
1.144143750000000126e-01
1.089202499999999962e-01
1.042068750000000044e-01
1.006478749999999978e-01
9.861433749999999610e-02
9.603648750000000345e-02
9.260649999999999438e-02
8.950815000000000854e-02
8.680316249999998901e-02
8.416635000000000089e-02
8.245189999999999464e-02
8.135543749999998853e-02
8.026913750000000403e-02
7.918248749999999558e-02
7.847131250000000113e-02
7.813807500000000128e-02
7.781074999999999797e-02
7.747861250000000199e-02
7.714657499999999501e-02
7.681682499999999136e-02
7.648507500000001347e-02
7.615325000000000566e-02
7.582452500000000373e-02
7.549266250000000178e-02
7.516361250000000438e-02
7.483273749999999613e-02
7.450190000000000978e-02
7.417023749999999971e-02
7.384008750000001231e-02
7.325922500000001114e-02
7.243402499999999911e-02
7.160803749999999912e-02
7.077922500000000117e-02
6.975380000000000469e-02
6.854572500000000179e-02
6.732875000000000665e-02
6.609849999999999060e-02
6.487922500000001258e-02
6.342240000000000377e-02
6.170569999999999528e-02
5.998406250000000439e-02
5.850386249999999649e-02
5.720125000000000209e-02
5.611707499999999543e-02
5.502488750000000123e-02
5.388012500000000093e-02
5.288976249999999268e-02
5.196854999999999530e-02
5.103276250000000208e-02
4.999492499999999562e-02
4.890127500000000099e-02
4.785168749999999666e-02
4.700348749999999631e-02
4.628499999999999281e-02
4.582390000000000074e-02
4.553491249999999657e-02
4.500277500000000180e-02
4.342026250000000087e-02
4.155441250000000558e-02
4.027527499999999927e-02
3.785742500000000010e-02
3.580136250000000298e-02
3.471789999999999599e-02
3.324083749999999504e-02
3.198703750000000262e-02
3.134896250000000079e-02
3.086323749999999796e-02
3.023782500000000290e-02
2.983263749999999839e-02
2.874267500000000225e-02
2.708513750000000192e-02
2.572778750000000170e-02
2.434358750000000307e-02
2.333936249999999865e-02
2.264145000000000046e-02
2.188569999999999752e-02
2.131348749999999875e-02
2.081196249999999956e-02
2.029238749999999827e-02
1.973765000000000241e-02
1.903161250000000304e-02
1.854467500000000005e-02
1.820322499999999996e-02
1.781983749999999783e-02
1.736700000000000049e-02
1.671503749999999830e-02
1.588446250000000171e-02
1.519785000000000059e-02
1.478577500000000100e-02
1.459763749999999811e-02
1.438549999999999898e-02
1.416971250000000071e-02
1.401957499999999940e-02
1.384036249999999989e-02
1.367704999999999962e-02
1.346395000000000231e-02
1.330869999999999970e-02
1.318272499999999930e-02
1.304099999999999877e-02
1.282379999999999978e-02
1.262482499999999924e-02
1.246503749999999973e-02
1.229622499999999917e-02
1.211653749999999988e-02
1.199332500000000086e-02
1.186566250000000225e-02
1.174408750000000001e-02
1.163206250000000004e-02
1.134709999999999885e-02
1.103587500000000228e-02
1.081143749999999987e-02
1.062149999999999900e-02
1.042554999999999871e-02
1.019163749999999966e-02
1.001524999999999985e-02
9.900368749999999274e-03
9.710926249999999801e-03
9.452945000000000791e-03
9.268472499999999559e-03
9.176663749999999439e-03
9.107670000000000002e-03
9.105556250000000629e-03
1.953686249999999625e-01
1.486508749999999879e-02
1.527082500000000002e-02
1.950004999999999794e-02
4.682410000000000849e+00
3.401977499999999516e-02
1.175782499999999953e-02
3.969076250000000083e+00
3.361669999999999714e+00
1.031429999999999986e-01
2.181473749999999767e-01
3.027294999999999625e+00
2.150510000000000144e+00
2.220665000000000333e+00
9.929297500000000554e-01
1.106652500000000039e+00
7.013777499999999110e-01
1.350269999999999859e+00
1.138868750000000096e+00
9.213333750000000100e-01
2.209262499999999907e-01
7.496347500000000164e-01
5.232924999999999383e-01
5.723317500000000280e-01
5.558144999999999891e-01
4.681394999999998752e-01
3.878166249999999704e-01
3.166762499999999925e-01
2.612951250000000170e-01
2.194023750000000106e-01
2.063274999999999693e-01
1.939386250000000034e-01
1.719328749999999850e-01
1.589457499999999968e-01
1.525353750000000286e-01
1.465509999999999868e-01
1.381893750000000032e-01
1.192772499999999875e-01
1.061122499999999913e-01
8.993268749999999701e-02
7.234732500000000399e-02
6.320755000000000123e-02
5.938418749999999774e-02
5.733763750000000353e-02
5.654338750000000025e-02
5.561066250000000488e-02
5.459027500000000060e-02
5.256754999999999067e-02
4.837616250000000701e-02
4.561930000000000152e-02
4.088365000000000055e-02
3.764011250000000308e-02
3.563013749999999896e-02
3.378427500000000250e-02
3.271096249999999594e-02
3.227587500000000248e-02
3.161238749999999154e-02
3.058317499999999717e-02
2.855413750000000001e-02
2.629397499999999721e-02
2.468903750000000022e-02
2.354198749999999660e-02
2.288232500000000197e-02
2.232455000000000203e-02
2.179613749999999989e-02
2.094187499999999869e-02
1.786705000000000237e-02
1.319068750000000102e-02
1.048571249999999920e-02
8.879041249999998844e-03
5.739833749999999346e-03
3.456638749999999764e-03
2.340393750000000113e-03
1.215573749999999996e-03
1.030718749999999951e-03
1.208603749999999973e-03
2.600500000000000055e-04
2.523999999999999551e-04
2.453887499999999602e-04
1.207563749999999997e-04
1.232401250000000079e-04
