2.295498749999999927e+04
2.734082500000000073e+04
1.868397499999999854e+04
1.574372500000000036e+04
1.405950000000000000e+04
1.265147499999999854e+04
1.115483749999999964e+04
9.863799999999999272e+03
8.854386249999999563e+03
7.922288749999999709e+03
6.963854999999999563e+03
5.885202499999999418e+03
5.018206249999999272e+03
3.550414999999999964e+03
2.893973750000000109e+03
2.597612500000000182e+03
2.321157499999999800e+03
2.129835000000000036e+03
1.985756250000000136e+03
1.876559999999999945e+03
1.789036250000000109e+03
1.716056249999999864e+03
1.615811249999999973e+03
1.506819999999999936e+03
1.416003750000000082e+03
1.332206250000000182e+03
1.249321249999999736e+03
1.165305000000000064e+03
1.082236249999999927e+03
1.000746249999999918e+03
9.250547499999998990e+02
8.575621250000001510e+02
7.988131250000000136e+02
7.485549999999999500e+02
6.896948749999999109e+02
6.343222500000000537e+02
6.071794999999999618e+02
6.223828749999998990e+02
6.808861249999999927e+02
7.563712499999999181e+02
8.746898750000000291e+02
8.362812500000000000e+02
6.210966250000000173e+02
4.781456249999999955e+02
4.087327500000000668e+02
3.775037499999999682e+02
3.624519999999999982e+02
3.500971250000000055e+02
3.395972499999999741e+02
3.331224999999999454e+02
3.298291249999999764e+02
3.265943750000000136e+02
3.233128750000000764e+02
3.203430000000000177e+02
3.176344999999999459e+02
3.149097499999999741e+02
3.121873749999999745e+02
3.097185000000000059e+02
3.073673749999999814e+02
3.050363749999999641e+02
3.026978750000000105e+02
3.005607499999999845e+02
2.985197499999999877e+02
2.964884999999999877e+02
2.931453749999999445e+02
2.889611249999999814e+02
2.848127499999999941e+02
2.808173750000000268e+02
2.761027499999999577e+02
2.704935000000000400e+02
2.662361250000000155e+02
2.631324999999999932e+02
2.612285000000000537e+02
2.620883750000000418e+02
2.692400000000000091e+02
2.889571250000000191e+02
3.279116250000000150e+02
3.858766250000000468e+02
4.340581249999999613e+02
4.423849999999999909e+02
3.937046249999999645e+02
3.688161249999999995e+02
3.888681250000000205e+02
3.990966249999999604e+02
3.984244999999999663e+02
4.449703750000000468e+02
4.786452499999999759e+02
4.480413750000000164e+02
3.965029999999999859e+02
3.788092499999999632e+02
3.729812500000000455e+02
3.547789999999999964e+02
2.686427499999999782e+02
1.767337500000000148e+02
1.328668749999999932e+02
1.320588750000000005e+02
1.751851249999999993e+02
1.606717500000000030e+02
1.431258749999999793e+02
1.935952499999999930e+02
1.333668750000000216e+02
1.583602499999999793e+02
2.247062500000000114e+02
2.177783749999999827e+02
1.474227499999999793e+02
1.218318749999999966e+02
1.646535000000000082e+02
1.229270000000000209e+02
2.181238749999999982e+02
3.293640000000000327e+02
1.382323749999999905e+02
2.533386249999999791e+02
3.192933750000000259e+02
2.468056249999999920e+02
2.007582500000000039e+02
1.295768750000000011e+02
1.253988750000000039e+02
1.444592499999999973e+02
1.224595000000000056e+02
9.849377499999999941e+01
1.144934999999999974e+02
1.072976249999999965e+02
1.013652500000000032e+02
9.722504999999999598e+01
9.563047499999998990e+01
9.383250000000001023e+01
9.200351249999999936e+01
9.073092500000001337e+01
8.918998750000000086e+01
8.765847499999999570e+01
8.563751249999999970e+01
8.416497499999999832e+01
8.297048750000000439e+01
8.175220000000000198e+01
8.019127500000000452e+01
7.859190000000000964e+01
7.707941249999998945e+01
7.548001250000000084e+01
7.377785000000000082e+01
7.261045000000000016e+01
7.140421249999999986e+01
7.028018750000001091e+01
6.925153749999999775e+01
6.663427500000000236e+01
6.377592499999999376e+01
6.169526250000000545e+01
5.987671249999998935e+01
5.798954999999999416e+01
5.573241249999999525e+01
5.393555000000000632e+01
5.272848749999999995e+01
5.071986249999999785e+01
4.766871249999999804e+01
4.513061249999999802e+01
4.352190000000000225e+01
4.231211250000000490e+01
4.154222499999999485e+01
3.677544999999999931e+01
3.234284999999999854e+01
3.122591249999999974e+01
3.051001249999999487e+01
2.933939999999999770e+01
2.686462500000000375e+01
2.508452499999999930e+01
2.101051250000000081e+01
1.674875000000000114e+01
1.575173750000000084e+01
1.432496249999999982e+01
1.237608750000000057e+01
1.103306249999999977e+01
1.022625000000000028e+01
9.822977500000000362e+00
8.979161250000000649e+00
8.459776250000000886e+00
8.113261250000000757e+00
7.585377499999999884e+00
6.941553750000000633e+00
6.489717500000000250e+00
5.775906250000000242e+00
4.817043750000000735e+00
4.295714999999999506e+00
3.839599999999999458e+00
3.404343749999999780e+00
3.000437500000000313e+00
2.768238750000000525e+00
2.570337499999999942e+00
2.411150000000000126e+00
2.362267499999999742e+00
2.326097499999999929e+00
2.257188750000000077e+00
2.214230000000000143e+00
2.191446249999999818e+00
2.167557500000000026e+00
2.133963749999999493e+00
2.080272499999999969e+00
2.052308749999999904e+00
2.021345000000000169e+00
2.000000000000000000e+00
2.000000000000000000e+00
2.000000000000000000e+00
2.000000000000000000e+00
2.000000000000000000e+00
2.000000000000000000e+00
2.000000000000000000e+00
2.000000000000000000e+00
2.000000000000000000e+00
2.000000000000000000e+00
2.000000000000000000e+00
2.000000000000000000e+00
2.000000000000000000e+00
2.000000000000000000e+00
2.000000000000000000e+00
2.000000000000000000e+00
2.000000000000000000e+00
2.000000000000000000e+00
1.999919999999999920e+00
1.992560000000000109e+00
1.979768749999999855e+00
1.970358749999999937e+00
1.963604999999999601e+00
1.958199999999999941e+00
1.953823750000000192e+00
1.946174999999999988e+00
1.926318750000000302e+00
1.889035000000000020e+00
1.852747499999999770e+00
1.825071250000000145e+00
1.743763749999999835e+00
1.671688749999999946e+00
1.717480000000000118e+00
2.293095000000000105e+00
2.329821250000000177e+00
2.297271249999999654e+00
6.040550000000000086e-01
6.107374999999999332e-01
6.127074999999999605e-01
3.033062499999999995e-01
2.985312500000000258e-01
