1.078208749999999938e+01
1.548143750000000196e+01
1.269507499999999744e+01
1.194007500000000022e+01
1.155837499999999807e+01
1.127061250000000037e+01
1.099742499999999978e+01
1.078736250000000219e+01
1.064157499999999956e+01
1.052127499999999927e+01
1.041052499999999981e+01
1.030376249999999949e+01
1.022972500000000018e+01
1.013198750000000103e+01
1.009738750000000174e+01
1.008552500000000052e+01
1.007760000000000211e+01
1.007576249999999973e+01
1.007840000000000025e+01
1.008530000000000193e+01
1.009597500000000103e+01
1.011030000000000051e+01
1.014522500000000171e+01
1.021563749999999970e+01
1.030387499999999967e+01
1.040470000000000006e+01
1.050767499999999899e+01
1.059850000000000136e+01
1.066483749999999908e+01
1.071793749999999967e+01
1.074339999999999762e+01
1.074267499999999842e+01
1.072091250000000073e+01
1.068213749999999962e+01
1.060022500000000001e+01
1.045078749999999879e+01
1.026022499999999837e+01
1.003370000000000140e+01
9.903688750000000596e+00
9.968266249999999218e+00
1.058264999999999922e+01
1.182789999999999964e+01
1.221448750000000061e+01
1.195613749999999875e+01
1.166743750000000013e+01
1.149460000000000015e+01
1.139993750000000006e+01
1.131740000000000101e+01
1.124382499999999929e+01
1.119679999999999964e+01
1.117203749999999829e+01
1.114770000000000039e+01
1.112304999999999922e+01
1.110001249999999828e+01
1.107843750000000149e+01
1.105673750000000233e+01
1.103503750000000139e+01
1.101472500000000210e+01
1.099489999999999945e+01
1.097526250000000125e+01
1.095554999999999879e+01
1.093674999999999997e+01
1.091834999999999845e+01
1.090007499999999929e+01
1.086871250000000089e+01
1.082618749999999963e+01
1.078378749999999897e+01
1.074150000000000027e+01
1.068056249999999885e+01
1.060051250000000067e+01
1.051997499999999874e+01
1.043696249999999992e+01
1.035289999999999999e+01
1.022983749999999858e+01
1.006186250000000015e+01
9.890776250000000047e+00
9.769701250000000670e+00
9.827270000000000394e+00
1.007706250000000026e+01
1.055252499999999927e+01
1.076632499999999837e+01
1.059396249999999817e+01
1.058011250000000025e+01
1.079561250000000072e+01
1.078200000000000003e+01
1.096739999999999959e+01
1.151590000000000025e+01
1.199941250000000004e+01
1.212841249999999960e+01
1.217070000000000007e+01
1.222556249999999878e+01
1.234483749999999880e+01
1.243196250000000092e+01
1.227978749999999941e+01
1.182239999999999824e+01
1.110702500000000015e+01
1.090591249999999768e+01
1.109075000000000166e+01
1.051138750000000144e+01
1.138213750000000068e+01
1.102646250000000094e+01
1.058327500000000043e+01
1.091239999999999988e+01
1.149560000000000137e+01
1.124273750000000049e+01
1.076866250000000136e+01
1.069296250000000015e+01
1.020330000000000048e+01
8.930836250000000476e+00
1.187926249999999939e+01
1.219851249999999787e+01
1.034257500000000007e+01
1.354707499999999953e+01
1.348943749999999930e+01
1.455669999999999931e+01
1.311220000000000141e+01
1.262195000000000000e+01
1.300420000000000087e+01
1.331621250000000245e+01
1.206789999999999807e+01
1.219304999999999950e+01
1.218383750000000099e+01
1.217565000000000275e+01
1.217111249999999778e+01
1.217060000000000031e+01
1.217010000000000147e+01
1.216949999999999932e+01
1.216910000000000025e+01
1.216859999999999964e+01
1.216809999999999903e+01
1.216740000000000066e+01
1.216690000000000005e+01
1.216649999999999920e+01
1.216608749999999972e+01
1.216549999999999798e+01
1.216482500000000044e+01
1.216429999999999900e+01
1.216366250000000271e+01
1.216299999999999848e+01
1.216254999999999953e+01
1.216209999999999880e+01
1.216159999999999997e+01
1.216112499999999841e+01
1.215999999999999837e+01
1.215869999999999784e+01
1.215779999999999816e+01
1.215690000000000026e+01
1.215591250000000123e+01
1.215479999999999805e+01
1.215381250000000257e+01
1.215320000000000000e+01
1.215203750000000049e+01
1.215019999999999989e+01
1.214811249999999987e+01
1.214615000000000222e+01
1.214470000000000027e+01
1.214369999999999905e+01
1.213710000000000200e+01
1.213038749999999943e+01
1.212860000000000227e+01
1.212730000000000175e+01
1.212519999999999953e+01
1.212057499999999877e+01
1.211689999999999934e+01
1.209908750000000133e+01
1.207676250000000095e+01
1.207065000000000055e+01
1.206093750000000142e+01
1.204413750000000149e+01
1.202193750000000172e+01
1.200717499999999838e+01
1.199891250000000120e+01
1.198059999999999903e+01
1.196572499999999906e+01
1.195465000000000089e+01
1.193655000000000044e+01
1.190799999999999947e+01
1.188441249999999982e+01
1.184031249999999957e+01
1.175743749999999821e+01
1.169680000000000142e+01
1.161452500000000043e+01
1.150271249999999768e+01
1.133412499999999845e+01
1.113658749999999920e+01
1.087666250000000012e+01
1.064471249999999891e+01
1.056174999999999997e+01
1.045951250000000066e+01
1.023906249999999929e+01
1.008728750000000041e+01
1.000577499999999986e+01
9.912306250000000318e+00
9.772757499999997322e+00
9.377146249999999128e+00
9.022746249999999080e+00
8.580031250000001108e+00
7.919307499999999500e+00
7.244826250000000911e+00
6.723662499999999653e+00
6.397772500000000306e+00
6.267023749999999893e+00
6.119789999999999175e+00
5.955574999999999619e+00
5.750688749999999239e+00
5.577532500000000226e+00
5.471165000000000944e+00
5.281950000000000145e+00
5.141261250000000338e+00
5.014414999999999623e+00
4.822665000000000646e+00
4.697158749999999827e+00
4.640156250000000426e+00
4.601022499999999127e+00
4.561461249999999801e+00
4.481099999999999639e+00
4.390067499999999789e+00
4.320297499999999680e+00
4.269402499999999989e+00
4.252030000000000420e+00
4.251211250000000774e+00
4.250548750000000098e+00
4.249390000000000001e+00
4.316657499999999814e+00
4.547237500000000487e+00
4.746102499999999225e+00
4.903177499999999966e+00
5.088821250000000518e+00
4.967857500000000037e+00
4.713436249999999994e+00
3.868482500000000268e+00
3.296962500000000240e+00
3.034768750000000459e+00
7.752637500000000292e-01
7.855837500000000251e-01
8.087625000000000508e-01
4.325950000000000073e-01
4.541775000000000118e-01
