2.385787500000000000e+04
2.841959999999999854e+04
1.942403750000000218e+04
1.636898749999999927e+04
1.461911250000000109e+04
1.315632500000000073e+04
1.160147500000000036e+04
1.026038749999999891e+04
9.211891250000000582e+03
8.243801250000002256e+03
7.248458750000000691e+03
6.128486249999999927e+03
5.228511249999999563e+03
3.706058750000000146e+03
3.025969999999999800e+03
2.719462499999999636e+03
2.433987499999999727e+03
2.236847500000000309e+03
2.088724999999999909e+03
1.976753750000000082e+03
1.887241250000000036e+03
1.812768750000000182e+03
1.710742499999999609e+03
1.599884999999999991e+03
1.507055000000000064e+03
1.420448750000000473e+03
1.333724999999999909e+03
1.244836250000000064e+03
1.156303750000000036e+03
1.069305000000000064e+03
9.884142499999999245e+02
9.164234999999999900e+02
8.540674999999998818e+02
8.011927500000000464e+02
7.404959999999999809e+02
6.868743749999999864e+02
6.683097500000000082e+02
7.068424999999999727e+02
8.020801249999999527e+02
9.176126249999999800e+02
1.097853749999999991e+03
1.053099999999999909e+03
7.502388750000000073e+02
5.502913750000000164e+02
4.559744999999999777e+02
4.150471250000000509e+02
3.959237499999999841e+02
3.805537500000000364e+02
3.677501250000000255e+02
3.599857499999999959e+02
3.561006250000000364e+02
3.522848749999999995e+02
3.484141249999999559e+02
3.449557500000000232e+02
3.418399999999999750e+02
3.387053749999999468e+02
3.355743750000000318e+02
3.327664999999999509e+02
3.301141250000000014e+02
3.274842500000000314e+02
3.248472499999999741e+02
3.224631249999999341e+02
3.202008749999999964e+02
3.179493750000000318e+02
3.142699999999999818e+02
3.097324999999999591e+02
3.052387500000000387e+02
3.009273749999999836e+02
2.959637500000000045e+02
2.901182500000000459e+02
2.858218749999999773e+02
2.828282500000000255e+02
2.811742500000000291e+02
2.827862500000000523e+02
2.916057500000000573e+02
3.144591249999999718e+02
3.588551250000000437e+02
4.246572499999999764e+02
4.796218749999999886e+02
4.907674999999999272e+02
4.390029999999999859e+02
4.148558749999999691e+02
4.422456250000000182e+02
4.555638749999999959e+02
4.525539999999999736e+02
5.045869999999999891e+02
5.433643749999999955e+02
5.087887499999999932e+02
4.495577499999999986e+02
4.289471250000000850e+02
4.220548750000000382e+02
4.008807499999999777e+02
3.017630000000000337e+02
1.990978749999999877e+02
1.506283750000000055e+02
1.481165000000000020e+02
1.929235000000000184e+02
1.783298750000000155e+02
1.653088750000000005e+02
2.285548750000000382e+02
1.534808750000000259e+02
1.776807500000000175e+02
2.479300000000000068e+02
2.410606249999999875e+02
1.676899999999999977e+02
1.366543750000000159e+02
1.793739999999999668e+02
1.375886249999999791e+02
2.405180000000000007e+02
3.876443749999999682e+02
1.612211250000000007e+02
2.762086250000000405e+02
3.486699999999999591e+02
2.741388749999999845e+02
2.248621249999999918e+02
1.492866250000000150e+02
1.429852500000000077e+02
1.627607500000000016e+02
1.404133750000000020e+02
1.172007499999999993e+02
1.363928750000000036e+02
1.288015000000000043e+02
1.225333750000000066e+02
1.181574999999999989e+02
1.164706249999999841e+02
1.145692499999999967e+02
1.126346249999999998e+02
1.112887500000000074e+02
1.096583749999999924e+02
1.080358749999999901e+02
1.058941249999999883e+02
1.043340000000000032e+02
1.030681249999999807e+02
1.017762500000000045e+02
1.001186249999999944e+02
9.841947500000000559e+01
9.681288750000001642e+01
9.511393749999999159e+01
9.330584999999999241e+01
9.206577499999998793e+01
9.078416250000000787e+01
8.958725000000001160e+01
8.849107499999999504e+01
8.570204999999999984e+01
8.265617500000001883e+01
8.043762499999999704e+01
7.849451249999999902e+01
7.647741249999998558e+01
7.406468749999999091e+01
7.214074999999999704e+01
7.084717500000000712e+01
6.869422499999998877e+01
6.541872500000000912e+01
6.268153750000000457e+01
6.093341249999999576e+01
5.961878749999999627e+01
5.878220000000000312e+01
5.358713749999999720e+01
4.874470000000000169e+01
4.752286250000000223e+01
4.673797500000000582e+01
4.545301249999999982e+01
4.273414999999999964e+01
4.077411249999999399e+01
3.625917499999999905e+01
3.151290000000000191e+01
3.039635000000000176e+01
2.879233750000000214e+01
2.658837499999999920e+01
2.503824999999999790e+01
2.410308750000000089e+01
2.363333749999999966e+01
2.264896250000000322e+01
2.203815000000000168e+01
2.162901250000000175e+01
2.100331250000000338e+01
2.023172500000000085e+01
1.968583750000000165e+01
1.881381249999999739e+01
1.761436249999999859e+01
1.694372500000000059e+01
1.632493750000000077e+01
1.569800000000000040e+01
1.503280000000000172e+01
1.450383749999999949e+01
1.399639999999999951e+01
1.357695000000000007e+01
1.343407499999999999e+01
1.327852500000000013e+01
1.296932499999999955e+01
1.276907499999999906e+01
1.266199999999999903e+01
1.254310000000000080e+01
1.236911249999999995e+01
1.191143749999999990e+01
1.151840000000000153e+01
1.103777499999999989e+01
1.033742499999999787e+01
9.636523750000000277e+00
9.100899999999999324e+00
8.769517500000000965e+00
8.637127500000000069e+00
8.488172500000001008e+00
8.322190000000000865e+00
8.119696250000000504e+00
7.951280000000000570e+00
7.848084999999999312e+00
7.665125000000000632e+00
7.529294999999999405e+00
7.410339999999999705e+00
7.239347500000000046e+00
7.134349999999999525e+00
7.088692499999998731e+00
7.057353750000000758e+00
7.027611250000000531e+00
6.974264999999999937e+00
6.930834999999999191e+00
6.914492500000000597e+00
6.903182499999999777e+00
6.916702499999999532e+00
6.942294999999999661e+00
6.963018750000001589e+00
6.999233750000000143e+00
7.149976249999999922e+00
7.438850000000000406e+00
7.615138749999999845e+00
7.763908750000000580e+00
7.904443750000000435e+00
7.734947500000000531e+00
7.391408750000000971e+00
6.675678750000000328e+00
6.032419999999999227e+00
5.751631249999999085e+00
1.453575000000000061e+00
1.464048749999999899e+00
1.489327499999999915e+00
7.733137500000000220e-01
7.928412500000000529e-01
