8.921062500000000455e+02
1.063311750000000075e+03
7.273211249999999382e+02
6.133193750000000364e+02
5.480643749999999272e+02
4.935522499999999582e+02
4.356656249999999773e+02
3.857944999999999709e+02
3.468652499999999463e+02
3.109893749999999955e+02
2.741926249999999641e+02
2.329803750000000093e+02
2.000742500000000064e+02
1.455139999999999816e+02
1.218973750000000109e+02
1.117617500000000064e+02
1.027541250000000019e+02
9.693497499999999434e+01
9.288737499999999159e+01
9.010992500000000405e+01
8.810936250000000314e+01
8.660066249999999854e+01
8.478444999999999254e+01
8.285189999999998633e+01
8.074926250000000039e+01
7.783813750000000198e+01
7.389780000000000371e+01
6.892950000000000443e+01
6.340383749999999452e+01
5.783906250000000426e+01
5.261627500000000168e+01
4.811857499999999277e+01
4.453349999999999653e+01
4.195557499999999607e+01
4.020086249999999950e+01
4.210113749999999300e+01
5.087017499999999615e+01
7.442601249999999879e+01
1.112902500000000003e+02
1.512728749999999991e+02
2.125821249999999907e+02
2.049902500000000032e+02
1.169276250000000061e+02
6.018973749999999967e+01
3.557423749999999529e+01
2.604876249999999871e+01
2.207169999999999632e+01
1.913932499999999948e+01
1.690906250000000099e+01
1.566641249999999985e+01
1.509962500000000141e+01
1.454282500000000056e+01
1.397822499999999835e+01
1.351266249999999935e+01
1.312698750000000025e+01
1.273902500000000160e+01
1.235183749999999847e+01
1.203321249999999942e+01
1.175179999999999936e+01
1.147278750000000080e+01
1.119371250000000018e+01
1.096565000000000190e+01
1.076277500000000131e+01
1.056086249999999893e+01
1.025580000000000069e+01
9.944921250000000157e+00
9.642414999999999736e+00
9.368180000000000618e+00
9.180361249999998918e+00
9.024151250000000957e+00
9.065968749999999687e+00
9.259023750000000774e+00
9.592893749999999997e+00
1.046802499999999903e+01
1.230372500000000002e+01
1.561112500000000125e+01
2.117371250000000060e+01
2.895333750000000350e+01
3.548682499999999607e+01
3.782981250000000273e+01
3.453216249999999832e+01
3.544585000000000008e+01
4.279757499999999482e+01
4.567164999999999253e+01
4.334760000000000701e+01
4.864916250000000275e+01
5.320318749999999852e+01
4.874806249999999608e+01
4.092657499999999970e+01
3.796705000000000041e+01
3.684806250000000460e+01
3.375679999999999836e+01
2.068818750000000151e+01
1.008419999999999916e+01
5.938806249999999842e+00
4.950584999999999347e+00
6.832546250000000043e+00
6.567496249999999591e+00
1.167176249999999982e+01
2.357783750000000111e+01
9.087768749999998619e+00
8.737267499999999742e+00
1.231126250000000155e+01
1.178646249999999895e+01
9.024601249999999908e+00
4.053631250000000463e+00
4.027397500000000186e+00
4.458262500000000017e+00
1.346332499999999932e+01
4.640117499999999495e+01
1.079026249999999898e+01
1.252740000000000009e+01
1.582945000000000135e+01
1.384384999999999977e+01
9.547028750000000841e+00
6.597601250000000306e+00
4.964262500000000244e+00
5.297139999999999738e+00
4.637566249999999002e+00
6.639052500000000023e+00
9.706178749999999411e+00
9.320042500000001340e+00
8.992667499999999592e+00
8.761134999999999451e+00
8.669682500000000402e+00
8.566563750000000255e+00
8.461663749999999595e+00
8.388674999999999216e+00
8.299888750000000925e+00
8.209313749999997967e+00
8.089413749999998515e+00
8.002048750000000155e+00
7.931181249999999849e+00
7.857968749999999503e+00
7.761650000000000382e+00
7.662733749999999233e+00
7.569189999999999863e+00
7.470272499999999205e+00
7.364999999999998437e+00
7.292796250000000313e+00
7.217868750000000055e+00
7.145431249999999679e+00
7.078387499999999832e+00
6.907804999999999751e+00
6.721507500000000412e+00
6.584568749999999859e+00
6.460939999999999017e+00
6.331921250000000612e+00
6.177468750000000064e+00
6.051371250000000757e+00
5.965513749999999504e+00
5.822342500000000420e+00
5.599784999999999791e+00
5.402751249999999672e+00
5.265354999999999563e+00
5.162031250000000071e+00
5.096276249999999841e+00
4.674573750000000416e+00
4.271484999999999310e+00
4.168367499999999559e+00
4.100602499999999928e+00
3.988412499999999916e+00
3.748928749999999699e+00
3.572656250000000089e+00
3.149579999999999824e+00
2.687386249999999865e+00
2.573957500000000120e+00
2.406449999999999978e+00
2.168109999999999982e+00
1.983266250000000008e+00
1.869690000000000074e+00
1.811439999999999939e+00
1.689184999999999715e+00
1.612621249999999895e+00
1.561085000000000056e+00
1.481362499999999915e+00
1.382163749999999913e+00
1.311718750000000266e+00
1.197602499999999903e+00
1.039883749999999996e+00
9.511877500000001096e-01
8.707756250000000531e-01
7.909411249999999116e-01
6.982220000000000093e-01
5.990134999999999765e-01
5.494163749999999569e-01
5.210813750000000688e-01
5.100583750000000638e-01
4.929295000000000204e-01
4.730823749999999994e-01
4.675828749999999534e-01
4.647882500000000139e-01
4.632348749999999349e-01
4.624082500000000207e-01
4.539985000000000270e-01
4.433488749999999756e-01
4.363913749999999148e-01
4.179486249999999625e-01
3.888675000000000326e-01
3.642722499999999641e-01
3.474536250000000437e-01
3.406466249999999807e-01
3.329736249999999953e-01
3.244072499999999248e-01
3.134040000000000159e-01
3.039293750000000016e-01
2.981101250000000591e-01
2.877593749999999839e-01
2.800639999999999796e-01
2.735569999999999946e-01
2.647986250000000097e-01
2.598547499999999677e-01
2.578388749999999674e-01
2.564549999999999885e-01
2.550969999999999627e-01
2.524976249999999478e-01
2.508670000000000067e-01
2.509031250000000046e-01
2.509299999999999309e-01
2.484557499999999752e-01
2.447705000000000020e-01
2.417863750000000256e-01
2.365717500000000251e-01
2.106234999999999913e-01
1.446069999999999856e-01
9.292166249999998795e-02
6.746628749999999952e-02
2.620710000000000053e-02
7.004146249999999158e-03
2.729662500000000491e-03
7.365575000000000507e-04
8.173739999999999435e-04
8.696411250000000330e-04
2.428098749999999992e-04
2.504343750000000276e-04
2.638587499999999917e-04
1.497375000000000008e-04
1.665000000000000085e-04
