1.327342499999999959e+01
1.908210000000000406e+01
1.566128750000000025e+01
1.473556249999999856e+01
1.426776250000000168e+01
1.391521250000000087e+01
1.358062499999999950e+01
1.332343749999999893e+01
1.314506249999999987e+01
1.299796249999999986e+01
1.286270000000000202e+01
1.273257500000000064e+01
1.264273750000000085e+01
1.252515000000000001e+01
1.248343750000000085e+01
1.246801250000000039e+01
1.245494999999999841e+01
1.244669999999999987e+01
1.244089999999999918e+01
1.243676250000000039e+01
1.243349999999999866e+01
1.243106249999999946e+01
1.242769999999999975e+01
1.242440000000000211e+01
1.242210000000000036e+01
1.242040000000000077e+01
1.241910000000000025e+01
1.241809999999999903e+01
1.241729999999999912e+01
1.241660000000000075e+01
1.241599999999999859e+01
1.241559999999999953e+01
1.241509999999999891e+01
1.241479999999999961e+01
1.241429999999999900e+01
1.241379999999999839e+01
1.241339999999999755e+01
1.241310000000000002e+01
1.241280000000000250e+01
1.241269999999999918e+01
1.241249999999999787e+01
1.241230000000000011e+01
1.241211249999999922e+01
1.241200000000000259e+01
1.241190000000000104e+01
1.241169999999999796e+01
1.241169999999999796e+01
1.241159999999999997e+01
1.241150000000000198e+01
1.241150000000000198e+01
1.241140000000000043e+01
1.241129999999999889e+01
1.241129999999999889e+01
1.241119999999999735e+01
1.241119999999999735e+01
1.241110000000000113e+01
1.241110000000000113e+01
1.241099999999999959e+01
1.241089999999999982e+01
1.241089999999999982e+01
1.241079999999999828e+01
1.241079999999999828e+01
1.241070000000000206e+01
1.241070000000000206e+01
1.241060000000000052e+01
1.241039999999999743e+01
1.241029999999999944e+01
1.241009999999999991e+01
1.240990000000000038e+01
1.240970000000000084e+01
1.240949999999999775e+01
1.240930000000000000e+01
1.240900000000000247e+01
1.240879999999999939e+01
1.240843750000000156e+01
1.240810000000000102e+01
1.240779999999999816e+01
1.240750000000000064e+01
1.240729999999999933e+01
1.240699999999999825e+01
1.240680000000000227e+01
1.240649999999999764e+01
1.240629999999999988e+01
1.240609999999999857e+01
1.240590000000000082e+01
1.240561249999999660e+01
1.240540000000000020e+01
1.240520000000000067e+01
1.240499999999999936e+01
1.240489999999999959e+01
1.240479999999999805e+01
1.240460000000000029e+01
1.240399999999999814e+01
1.240320000000000000e+01
1.240259999999999962e+01
1.240147499999999958e+01
1.240040000000000120e+01
1.239980000000000082e+01
1.239899999999999913e+01
1.239830000000000254e+01
1.239799999999999791e+01
1.239770000000000039e+01
1.239729999999999954e+01
1.239701250000000243e+01
1.239639999999999986e+01
1.239539999999999864e+01
1.239440000000000097e+01
1.239289999999999914e+01
1.239159999999999862e+01
1.239069999999999894e+01
1.238970000000000127e+01
1.238889999999999958e+01
1.238813749999999914e+01
1.238739999999999952e+01
1.238659999999999961e+01
1.238550000000000040e+01
1.238464999999999883e+01
1.238401250000000076e+01
1.238330000000000197e+01
1.238240000000000229e+01
1.238110000000000177e+01
1.237959999999999816e+01
1.237827499999999858e+01
1.237710000000000043e+01
1.237650000000000006e+01
1.237572499999999920e+01
1.237500000000000000e+01
1.237449999999999939e+01
1.237390000000000256e+01
1.237310000000000088e+01
1.237210000000000143e+01
1.237132499999999879e+01
1.237069999999999936e+01
1.237010000000000076e+01
1.236929999999999907e+01
1.236849999999999916e+01
1.236769999999999925e+01
1.236679999999999957e+01
1.236589999999999812e+01
1.236530000000000129e+01
1.236469999999999914e+01
1.236400000000000254e+01
1.236340000000000039e+01
1.236180000000000057e+01
1.236010000000000097e+01
1.235880000000000045e+01
1.235757500000000064e+01
1.235627500000000012e+01
1.235469999999999757e+01
1.235341250000000102e+01
1.235259999999999891e+01
1.235110000000000063e+01
1.234849999999999959e+01
1.234547500000000042e+01
1.234260000000000090e+01
1.234043750000000195e+01
1.233910000000000018e+01
1.232951249999999810e+01
1.231974999999999909e+01
1.231716249999999846e+01
1.231532500000000141e+01
1.231230000000000047e+01
1.230556249999999885e+01
1.230030000000000001e+01
1.227742500000000092e+01
1.224897499999999972e+01
1.224117500000000014e+01
1.222876250000000020e+01
1.220811250000000037e+01
1.218321249999999978e+01
1.216672499999999957e+01
1.215748750000000022e+01
1.213719999999999999e+01
1.212131250000000193e+01
1.210963749999999983e+01
1.209052499999999952e+01
1.206099999999999994e+01
1.203688750000000240e+01
1.199213749999999834e+01
1.191008750000000127e+01
1.185087500000000027e+01
1.177211250000000042e+01
1.166615000000000180e+01
1.151330000000000098e+01
1.134709999999999930e+01
1.143500000000000050e+01
1.142987499999999912e+01
1.136249999999999893e+01
1.123101250000000029e+01
1.095469999999999899e+01
1.076412499999999994e+01
1.066370000000000218e+01
1.055529999999999902e+01
1.038712499999999928e+01
9.944282499999999914e+00
9.531565000000000509e+00
9.019465000000000288e+00
8.262413750000000334e+00
7.507414999999999949e+00
6.933561249999998566e+00
6.573317499999999036e+00
6.426581249999999912e+00
6.257534999999999847e+00
6.064722500000001126e+00
5.845926250000000657e+00
5.671026249999999713e+00
5.563049999999999606e+00
5.366478749999999742e+00
5.223918750000000166e+00
5.091558749999999023e+00
4.889207500000000373e+00
4.757478749999999756e+00
4.695984999999999410e+00
4.653771250000000137e+00
4.610756250000000556e+00
4.522142500000000176e+00
4.418330000000000091e+00
4.335480000000000445e+00
4.275199999999999889e+00
4.252147500000000413e+00
4.247500000000000497e+00
4.243789999999999729e+00
4.237765000000000448e+00
4.296871249999999698e+00
4.525526249999999528e+00
4.730491250000000036e+00
4.893206249999999535e+00
5.099917500000000103e+00
5.002807500000000296e+00
4.693796249999999226e+00
4.050055000000000405e+00
3.330887499999999779e+00
3.051371249999999868e+00
7.763462500000000155e-01
7.861437500000000300e-01
8.087249999999999162e-01
4.322575000000000167e-01
4.537050000000000249e-01
