3.536462500000000091e+03
4.210976249999999709e+03
2.876625000000000000e+03
2.423237499999999727e+03
2.163453750000000127e+03
1.946216249999999945e+03
1.715213749999999891e+03
1.515851250000000164e+03
1.359878750000000082e+03
1.215740000000000009e+03
1.067386250000000018e+03
9.001220000000000709e+02
7.653486249999998563e+02
5.352848750000000564e+02
4.311781250000000227e+02
3.833210000000000264e+02
3.379542500000000018e+02
3.058815000000000168e+02
2.811576249999999959e+02
2.617646249999999668e+02
2.458998750000000086e+02
2.328482500000000357e+02
2.141511250000000075e+02
1.935311249999999745e+02
1.779809999999999945e+02
1.658291250000000048e+02
1.556306249999999807e+02
1.471582500000000095e+02
1.399598750000000109e+02
1.338641250000000014e+02
1.283441250000000196e+02
1.235113750000000010e+02
1.191453750000000014e+02
1.151939999999999884e+02
1.101933749999999890e+02
1.043468749999999972e+02
9.934955000000000780e+01
9.504438750000001335e+01
9.179343749999999602e+01
8.993448749999998881e+01
8.757561249999999120e+01
8.443699999999999761e+01
8.172733750000000441e+01
7.950775000000000148e+01
7.729194999999999993e+01
7.561392500000000894e+01
7.449597500000000139e+01
7.338842499999999802e+01
7.228048749999999245e+01
7.157063750000000368e+01
7.126187500000000341e+01
7.095859999999998990e+01
7.065083749999999441e+01
7.034318750000001330e+01
7.003761250000000871e+01
6.973023750000000121e+01
6.942276250000000459e+01
6.911816249999999684e+01
6.881066250000000650e+01
6.850580000000000780e+01
6.819916249999999991e+01
6.789265000000000327e+01
6.758531250000000057e+01
6.727941250000000650e+01
6.674116249999998729e+01
6.597657499999999686e+01
6.521119999999999095e+01
6.444323749999999507e+01
6.349592499999999973e+01
6.238203749999999559e+01
6.125998749999999404e+01
6.012570000000000192e+01
5.900151249999999692e+01
5.773812500000000369e+01
5.631819999999999737e+01
5.488720000000000709e+01
5.346791250000000417e+01
5.212486249999999188e+01
5.100707500000000039e+01
4.990650000000000119e+01
4.877162499999999312e+01
4.778982500000000044e+01
4.687658749999999941e+01
4.594888750000000499e+01
4.499258750000000617e+01
4.418346249999999742e+01
4.341403750000000628e+01
4.261201250000000584e+01
4.181492500000000234e+01
4.130339999999999634e+01
4.104115000000000180e+01
4.062497499999999917e+01
3.938736250000000183e+01
3.775091249999999121e+01
3.636271250000000066e+01
3.418348749999999825e+01
3.225082500000000607e+01
3.123022500000000079e+01
2.986632499999999979e+01
2.870856249999999932e+01
2.811931249999999594e+01
2.767071250000000049e+01
2.709306249999999849e+01
2.671882500000000249e+01
2.574068749999999639e+01
2.433256249999999810e+01
2.300357500000000144e+01
2.164724999999999966e+01
2.070878749999999968e+01
2.005656249999999829e+01
1.935018749999999699e+01
1.881536249999999910e+01
1.834692499999999882e+01
1.789008749999999992e+01
1.742221250000000055e+01
1.679411250000000067e+01
1.629208750000000094e+01
1.593273750000000000e+01
1.553402500000000153e+01
1.507331250000000011e+01
1.440993750000000162e+01
1.367454999999999998e+01
1.305363750000000067e+01
1.262266250000000056e+01
1.246854999999999869e+01
1.229477499999999957e+01
1.211801249999999897e+01
1.199500000000000099e+01
1.184076249999999852e+01
1.165732500000000016e+01
1.141036249999999974e+01
1.123041249999999991e+01
1.108447499999999941e+01
1.093970000000000020e+01
1.076513750000000158e+01
1.058730000000000082e+01
1.041911250000000067e+01
1.024124999999999908e+01
1.005196249999999836e+01
9.922164999999999679e+00
9.787756250000001046e+00
9.660308749999998668e+00
9.543039999999999523e+00
9.244663749999999069e+00
8.918806249999999380e+00
8.680519999999999570e+00
8.469037499999998886e+00
8.248979999999999535e+00
7.986248749999999674e+00
7.787779999999998815e+00
7.658370000000000566e+00
7.439612500000000850e+00
7.048541249999999536e+00
6.701473749999999896e+00
6.477792499999998732e+00
6.309577499999999617e+00
6.202531250000000718e+00
5.534757499999999553e+00
4.909970000000000390e+00
4.751986249999999856e+00
4.650136250000000082e+00
4.483101249999999816e+00
4.129259999999999486e+00
3.873532500000000489e+00
3.289203750000000426e+00
2.671384999999999899e+00
2.524951249999999980e+00
2.313607499999999817e+00
2.021233749999999940e+00
1.811177499999999885e+00
1.684328749999999930e+00
1.620612500000000011e+00
1.488736250000000094e+00
1.412787500000000085e+00
1.363696249999999832e+00
1.288145000000000095e+00
1.202938749999999946e+00
1.147548749999999895e+00
1.060621250000000071e+00
9.621952500000000574e-01
9.158201249999999849e-01
8.896336249999999835e-01
8.737662500000000776e-01
8.741833749999999847e-01
8.689303749999999216e-01
5.429996249999999858e-01
2.830136250000000464e-01
2.411481249999999910e-01
2.374709999999999877e-01
2.366759999999999697e-01
2.434293750000000034e-01
2.472195000000000087e-01
2.499385000000000079e-01
2.525764999999999816e-01
2.559178749999999614e-01
2.589068750000000363e-01
2.536601250000000141e-01
2.355643750000000203e-01
2.164723749999999947e-01
1.990292500000000186e-01
1.872123749999999864e-01
1.841577500000000089e-01
1.813088750000000082e-01
1.795382500000000103e-01
1.792402499999999899e-01
1.794903750000000353e-01
1.795747500000000052e-01
1.797327500000000244e-01
1.798503750000000068e-01
1.793791250000000281e-01
1.773552500000000198e-01
1.757678749999999901e-01
1.749758749999999752e-01
1.744317499999999965e-01
1.738168749999999818e-01
1.723051250000000034e-01
1.677607500000000140e-01
1.615508750000000104e-01
1.571076250000000285e-01
1.531041249999999798e-01
1.493385000000000129e-01
1.463574999999999737e-01
1.417236250000000197e-01
1.245433750000000117e-01
8.538732500000000003e-02
5.486965000000000592e-02
3.982266250000000146e-02
1.467832499999999901e-02
3.368558750000000268e-03
1.396806250000000088e-03
6.964573749999999550e-04
8.162966249999999884e-04
8.770686249999999412e-04
2.430452499999999783e-04
2.503631250000000171e-04
2.634074999999999611e-04
1.492212500000000038e-04
1.658487500000000001e-04
