1.983712500000000000e+04
2.362141250000000218e+04
1.613718750000000000e+04
1.359438749999999891e+04
1.213751250000000073e+04
1.091928749999999854e+04
9.623971250000000509e+03
8.506146249999999782e+03
7.631669999999999163e+03
6.823611250000000837e+03
5.991974999999999454e+03
5.054422500000000582e+03
4.299071249999999964e+03
3.009901249999999891e+03
2.426804999999999836e+03
2.159014999999999873e+03
1.905174999999999955e+03
1.725708750000000009e+03
1.587349999999999909e+03
1.478817499999999882e+03
1.390024999999999864e+03
1.316970000000000255e+03
1.212312499999999773e+03
1.096882499999999936e+03
1.009826249999999959e+03
9.417868750000000091e+02
8.846829999999999927e+02
8.372409999999999854e+02
7.969321250000000418e+02
7.627951249999999845e+02
7.318803749999998445e+02
7.048141249999999900e+02
6.803611250000000155e+02
6.582298749999999927e+02
6.302216250000000173e+02
5.974717500000000427e+02
5.694784999999999400e+02
5.453611250000000155e+02
5.271492499999999382e+02
5.167351250000000391e+02
5.035195000000000505e+02
4.859352499999999964e+02
4.707548749999999700e+02
4.583199999999999363e+02
4.459068750000000136e+02
4.365062500000000227e+02
4.302429999999999950e+02
4.240383750000000305e+02
4.178315000000000055e+02
4.138591250000000059e+02
4.121381250000000023e+02
4.104477499999999850e+02
4.087322500000000218e+02
4.070176250000000095e+02
4.053144999999999527e+02
4.036013750000000186e+02
4.018874999999999886e+02
4.001898750000000291e+02
3.984759999999999991e+02
3.967766249999999673e+02
3.950676249999999641e+02
3.933592499999999745e+02
3.916462500000000091e+02
3.899412500000000250e+02
3.869413749999999936e+02
3.826796249999999873e+02
3.784136250000000246e+02
3.741332499999999754e+02
3.688522499999999695e+02
3.626418750000000273e+02
3.563856250000000045e+02
3.500610000000000355e+02
3.437930000000000064e+02
3.367456249999999613e+02
3.288220000000000027e+02
3.208363749999999754e+02
3.129164999999999850e+02
3.054214999999999804e+02
2.991840000000000259e+02
2.930392499999999814e+02
2.867006249999999454e+02
2.812168749999999591e+02
2.761159999999999854e+02
2.709344999999999573e+02
2.655926249999999982e+02
2.610706249999999500e+02
2.567705000000000268e+02
2.522877499999999884e+02
2.478332499999999925e+02
2.449741249999999866e+02
2.435111250000000211e+02
2.411931249999999807e+02
2.342993749999999977e+02
2.251838750000000005e+02
2.174513750000000130e+02
2.053015000000000043e+02
1.945208750000000180e+02
1.888237500000000182e+02
1.812056249999999977e+02
1.747388750000000073e+02
1.714457499999999754e+02
1.689370000000000118e+02
1.657063749999999800e+02
1.636135000000000161e+02
1.581412500000000136e+02
1.502564999999999884e+02
1.428142499999999870e+02
1.352393749999999955e+02
1.300106249999999761e+02
1.263765000000000072e+02
1.224354999999999905e+02
1.194502500000000111e+02
1.168356250000000074e+02
1.142822500000000048e+02
1.116646250000000009e+02
1.081507500000000022e+02
1.053421249999999958e+02
1.033314999999999912e+02
1.010990000000000038e+02
9.851483749999999873e+01
9.479421250000000043e+01
9.066603749999998740e+01
8.717671250000000782e+01
8.475884999999999536e+01
8.389846249999999372e+01
8.292834999999999468e+01
8.194147499999999695e+01
8.125486250000000155e+01
8.039378750000000196e+01
7.936979999999999791e+01
7.799113749999999357e+01
7.698662499999998943e+01
7.617178749999999354e+01
7.536264999999998793e+01
7.438473749999999995e+01
7.338805000000000689e+01
7.244548749999999870e+01
7.144880000000000564e+01
7.038806250000000375e+01
6.966055000000000064e+01
6.890709999999999980e+01
6.819095000000000084e+01
6.753148749999999723e+01
6.585357500000000641e+01
6.402111250000000098e+01
6.268023750000000405e+01
6.148763749999999817e+01
6.024622500000000258e+01
5.876398749999999893e+01
5.764182500000001141e+01
5.690912500000000307e+01
5.567061250000000427e+01
5.345649999999999835e+01
5.149499999999999744e+01
5.023502500000000026e+01
4.928750000000000142e+01
4.868448750000001013e+01
4.490571250000000703e+01
4.135737499999999756e+01
4.045835000000000292e+01
3.987683750000000060e+01
3.892153749999999945e+01
3.689525000000000432e+01
3.542597500000000110e+01
3.200357500000000499e+01
2.836382499999999851e+01
2.749657499999999999e+01
2.624037500000000023e+01
2.447762499999999974e+01
2.313196250000000376e+01
2.231795000000000329e+01
2.190995000000000203e+01
2.105671249999999972e+01
2.053344999999999843e+01
2.018486250000000126e+01
1.965193749999999895e+01
1.900285000000000224e+01
1.854842500000000172e+01
1.782467499999999916e+01
1.684923750000000098e+01
1.631167499999999748e+01
1.580174999999999841e+01
1.525593749999999815e+01
1.469899999999999807e+01
1.424341249999999981e+01
1.377919999999999945e+01
1.342887499999999967e+01
1.331899999999999906e+01
1.318518749999999962e+01
1.291218749999999993e+01
1.273248749999999951e+01
1.263812499999999872e+01
1.253508749999999949e+01
1.237701249999999931e+01
1.196143749999999883e+01
1.157934999999999803e+01
1.110928750000000065e+01
1.041646249999999974e+01
9.721438750000000795e+00
9.189427499999998972e+00
8.861524999999998542e+00
8.728786249999998859e+00
8.576925000000001020e+00
8.405497499999999178e+00
8.194574999999998610e+00
8.022918749999998766e+00
7.919425000000000381e+00
7.731958750000000435e+00
7.596566250000000409e+00
7.475075000000000358e+00
7.299693750000000314e+00
7.193726250000000100e+00
7.146413749999999787e+00
7.113937500000000469e+00
7.082936250000000378e+00
7.026618749999999913e+00
6.978469999999999729e+00
6.957368750000000546e+00
6.942944999999999922e+00
6.954568749999999966e+00
6.978857499999999270e+00
6.998278749999999881e+00
7.030123749999999561e+00
7.171085000000000598e+00
7.452212499999999906e+00
7.631797499999998458e+00
7.778518749999999926e+00
7.928328750000000369e+00
7.778522499999999340e+00
7.446345000000000880e+00
6.731943750000000115e+00
6.073926250000000415e+00
5.782923750000001029e+00
1.458791249999999984e+00
1.468752499999999905e+00
1.493368749999999912e+00
7.743524999999999991e-01
7.932000000000000162e-01
