1.628738749999999891e+04
1.939134999999999854e+04
1.324490000000000146e+04
1.115645000000000073e+04
9.959797500000000582e+03
8.959171249999999418e+03
7.895176249999999527e+03
6.976973750000000109e+03
6.258648750000000291e+03
5.594875000000000000e+03
4.911728750000000218e+03
4.141571249999999964e+03
3.521078750000000127e+03
2.462092499999999745e+03
1.983142500000000155e+03
1.763223750000000109e+03
1.554769999999999982e+03
1.407381249999999909e+03
1.293751249999999800e+03
1.204615000000000009e+03
1.131690000000000055e+03
1.071692500000000109e+03
9.857334999999999354e+02
8.909268749999999955e+02
8.194222500000000764e+02
7.635375000000000227e+02
7.166331249999999500e+02
6.776648749999999382e+02
6.445547499999998990e+02
6.165142499999999472e+02
5.911201250000000300e+02
5.688872500000001082e+02
5.488009999999999309e+02
5.306211250000000064e+02
5.076137499999999818e+02
4.807110000000000127e+02
4.577157500000000709e+02
4.379036249999999768e+02
4.229429999999999836e+02
4.143877500000000396e+02
4.035311250000000314e+02
3.890861249999999814e+02
3.766152499999999463e+02
3.664002499999999714e+02
3.562028750000000059e+02
3.484802500000000123e+02
3.433354999999999677e+02
3.382383750000000191e+02
3.331391249999999786e+02
3.298768749999999841e+02
3.284648750000000064e+02
3.270777499999999804e+02
3.256702500000000100e+02
3.242631250000000591e+02
3.228656250000000227e+02
3.214600000000000364e+02
3.200537499999999795e+02
3.186606249999999818e+02
3.172543749999999818e+02
3.158599999999999568e+02
3.144577500000000327e+02
3.130557499999999891e+02
3.116502499999999714e+02
3.102512500000000273e+02
3.077897500000000264e+02
3.042926249999999868e+02
3.007923750000000496e+02
2.972802500000000236e+02
2.929463749999999891e+02
2.878500000000000227e+02
2.827160000000000082e+02
2.775261249999999791e+02
2.723823750000000246e+02
2.665988750000000209e+02
2.600951249999999391e+02
2.535410000000000252e+02
2.470406250000000341e+02
2.408892500000000041e+02
2.357697499999999877e+02
2.307258750000000020e+02
2.255222499999999854e+02
2.210206249999999670e+02
2.168332499999999925e+02
2.125793749999999989e+02
2.081939999999999884e+02
2.044815000000000111e+02
2.009509999999999934e+02
1.972706249999999955e+02
1.936132499999999936e+02
1.912661250000000166e+02
1.900653749999999889e+02
1.881634999999999991e+02
1.825078750000000127e+02
1.750298749999999757e+02
1.686859999999999786e+02
1.587166250000000218e+02
1.498696250000000134e+02
1.451938749999999914e+02
1.389402499999999918e+02
1.336318749999999795e+02
1.309283750000000168e+02
1.288684999999999832e+02
1.262160000000000082e+02
1.244976249999999851e+02
1.200042500000000132e+02
1.135288749999999993e+02
1.074166249999999962e+02
1.011991249999999951e+02
9.691035000000000821e+01
9.392915000000000703e+01
9.069561250000000996e+01
8.824594999999999345e+01
8.610047500000000298e+01
8.400464999999999804e+01
8.185579999999998790e+01
7.897088750000000346e+01
7.666522500000000662e+01
7.501474999999999227e+01
7.318163750000000789e+01
7.105911249999999768e+01
6.800313750000000823e+01
6.461188749999999459e+01
6.174479999999999791e+01
5.975906249999999886e+01
5.905343750000000114e+01
5.825783750000000083e+01
5.744850000000000279e+01
5.688535000000000252e+01
5.617917499999999364e+01
5.533935000000000315e+01
5.420870000000000033e+01
5.338483750000000327e+01
5.271658750000000282e+01
5.205286249999999626e+01
5.125028749999999889e+01
5.043227500000000418e+01
4.965873750000000086e+01
4.884072499999999906e+01
4.797016250000000070e+01
4.737308749999999691e+01
4.675468750000000284e+01
4.616663749999999311e+01
4.562506249999999852e+01
4.424711250000000007e+01
4.274219999999999686e+01
4.164093750000000682e+01
4.066103749999999906e+01
3.964102499999999907e+01
3.842305000000000348e+01
3.750057500000000488e+01
3.689818749999999881e+01
3.587987499999999841e+01
3.405943750000000136e+01
3.244806249999999892e+01
3.141461250000000049e+01
3.063746250000000160e+01
3.014287500000000009e+01
2.704146250000000151e+01
2.412768750000000040e+01
2.338921249999999930e+01
2.291134999999999877e+01
2.212616249999999951e+01
2.046042500000000075e+01
1.925215000000000032e+01
1.643697500000000034e+01
1.344346250000000076e+01
1.273045000000000115e+01
1.169800000000000040e+01
1.024827499999999958e+01
9.137583749999999227e+00
8.466911250000000777e+00
8.131847499999999229e+00
7.430766250000000461e+00
6.999336249999999815e+00
6.711537500000000378e+00
6.273253750000000295e+00
5.738911249999999242e+00
5.363983750000000938e+00
4.771905000000000285e+00
3.976956250000000637e+00
3.545000000000000373e+00
3.140002500000000030e+00
2.716016249999999577e+00
2.311521249999999750e+00
2.018996249999999826e+00
1.781446249999999898e+00
1.699999999999999734e+00
1.699999999999999734e+00
1.699999999999999734e+00
1.699999999999999734e+00
1.699999999999999734e+00
1.699999999999999734e+00
1.699999999999999734e+00
1.699999999999999734e+00
1.699999999999999734e+00
1.699999999999999734e+00
1.699999999999999734e+00
1.699999999999999734e+00
1.699999999999999734e+00
1.699999999999999734e+00
1.699999999999999734e+00
1.699999999999999734e+00
1.699999999999999734e+00
1.699999999999999734e+00
1.677396249999999922e+00
1.645816250000000203e+00
1.626342500000000024e+00
1.590471250000000003e+00
1.564211250000000053e+00
1.539161250000000036e+00
1.499126249999999994e+00
1.471018749999999820e+00
1.457343749999999716e+00
1.447956250000000056e+00
1.437758749999999974e+00
1.414627499999999927e+00
1.396303749999999733e+00
1.389942499999999859e+00
1.385254999999999903e+00
1.381797500000000012e+00
1.378967500000000124e+00
1.376711249999999831e+00
1.373048750000000151e+00
1.363223750000000178e+00
1.344562500000000105e+00
1.326473749999999896e+00
1.312606249999999974e+00
1.283907499999999979e+00
1.259401250000000028e+00
1.250408750000000069e+00
1.537176249999999911e+00
1.873682499999999918e+00
1.874749999999999917e+00
5.518799999999999262e-01
5.588949999999999196e-01
5.607499999999999707e-01
2.770400000000000085e-01
2.722037500000000221e-01
