1.964266250000000102e+00
2.338911250000000219e+00
1.597767500000000007e+00
1.345942499999999820e+00
1.201648749999999932e+00
1.080991249999999848e+00
9.526828750000000401e-01
8.419500000000000872e-01
7.553173749999999576e-01
6.752612500000001461e-01
5.928663750000000565e-01
4.999636249999999671e-01
4.250924999999999843e-01
2.973118750000000032e-01
2.394856249999999798e-01
2.129153750000000178e-01
1.877051249999999727e-01
1.698870000000000102e-01
1.561611249999999840e-01
1.453950000000000242e-01
1.365787499999999988e-01
1.293218750000000028e-01
1.189396249999999933e-01
1.074891249999999909e-01
9.885483750000000069e-02
9.210032500000001066e-02
8.643752500000000116e-02
8.173260000000000247e-02
7.773598750000000612e-02
7.434862500000000152e-02
7.128235000000000821e-02
6.859801249999999961e-02
6.617327500000000362e-02
6.397946250000000057e-02
6.120328750000000179e-02
5.793947500000000417e-02
5.515391250000000606e-02
5.276317499999999550e-02
5.095792500000000114e-02
4.992638749999999542e-02
4.861870000000000080e-02
4.687877500000000447e-02
4.530791250000000547e-02
4.393746249999999631e-02
4.260147499999999282e-02
4.173263750000000272e-02
4.117689999999999545e-02
4.062632500000000479e-02
4.007556249999999487e-02
3.971503750000000832e-02
3.954592500000000260e-02
3.937980000000000647e-02
3.921123749999999575e-02
3.904275000000000106e-02
3.887538750000000404e-02
3.870703749999999943e-02
3.853863750000000032e-02
3.837181250000000488e-02
3.820337499999999775e-02
3.803641250000000529e-02
3.786850000000000632e-02
3.770058750000000736e-02
3.753228750000000419e-02
3.736473750000000177e-02
3.706995000000000429e-02
3.665115000000000040e-02
3.623198749999999996e-02
3.581138749999999982e-02
3.529091250000000735e-02
3.467767499999999808e-02
3.405988749999999676e-02
3.343538750000000365e-02
3.281644999999999701e-02
3.207738750000000555e-02
3.120687500000000544e-02
3.033378750000000068e-02
2.958260000000000056e-02
2.892122500000000179e-02
2.837077500000000085e-02
2.781626250000000106e-02
2.723495000000000429e-02
2.673208750000000133e-02
2.626433750000000192e-02
2.578918749999999788e-02
2.526218750000000166e-02
2.470687499999999620e-02
2.417394999999999960e-02
2.374294999999999878e-02
2.337769999999999779e-02
2.314328749999999824e-02
2.299636249999999910e-02
2.272583749999999847e-02
2.192133749999999881e-02
2.097249999999999809e-02
2.032157499999999797e-02
1.909119999999999914e-02
1.804502499999999926e-02
1.749314999999999898e-02
1.674019999999999675e-02
1.610103750000000181e-02
1.577552499999999858e-02
1.552744999999999820e-02
1.520802500000000002e-02
1.500107499999999913e-02
1.444428749999999810e-02
1.359691249999999720e-02
1.290208750000000106e-02
1.219204999999999942e-02
1.167622499999999841e-02
1.131761250000000267e-02
1.092830000000000190e-02
1.063323749999999998e-02
1.037462500000000017e-02
1.010612499999999879e-02
9.819073750000000683e-03
9.453340000000001048e-03
9.200317499999999260e-03
9.022795000000000121e-03
8.822835000000001093e-03
8.585293750000000390e-03
8.243286249999998844e-03
7.807574999999998891e-03
7.445018750000000768e-03
7.225116250000000045e-03
7.124718749999999975e-03
7.011517499999999833e-03
6.896362500000000235e-03
6.816235000000000349e-03
6.720359999999999008e-03
6.631576250000000873e-03
6.515476249999999081e-03
6.430882500000000349e-03
6.362259999999999791e-03
6.285037500000000867e-03
6.166697500000000234e-03
6.057212499999999923e-03
5.967992500000000693e-03
5.873713749999999630e-03
5.773379999999999831e-03
5.704563749999999774e-03
5.633022500000000286e-03
5.562833749999999272e-03
5.497591250000000325e-03
5.331582500000000245e-03
5.150282500000000555e-03
5.017606249999999844e-03
4.899554999999999882e-03
4.776666249999999593e-03
4.629606249999999520e-03
4.510822500000000006e-03
4.430398749999999927e-03
4.296413750000000267e-03
4.090271249999999359e-03
3.909697499999999909e-03
3.785195000000000313e-03
3.691571249999999697e-03
3.631984999999999901e-03
3.251400000000000644e-03
2.896758749999999751e-03
2.816905000000000190e-03
2.763998749999999754e-03
2.676055000000000100e-03
2.472552499999999560e-03
2.325987500000000017e-03
1.977007499999999980e-03
1.619380000000000125e-03
1.533462500000000147e-03
1.404832499999999909e-03
1.235438749999999983e-03
1.102697500000000093e-03
1.018657500000000023e-03
6.360685000000000644e-02
1.511761249999999945e-01
1.409236249999999968e-01
1.341341249999999929e-01
1.213409999999999905e-01
1.060905000000000042e-01
9.633693749999998335e-02
8.121831250000000058e-02
6.207471249999999691e-02
5.226111250000000513e-02
4.402345000000000563e-02
3.543188750000000192e-02
2.853656250000000116e-02
2.281932500000000141e-02
1.894087499999999938e-02
1.607776249999999865e-02
1.518701250000000121e-02
1.433278750000000108e-02
1.278855000000000096e-02
1.185543749999999966e-02
1.139035000000000047e-02
1.097093749999999805e-02
1.040287499999999893e-02
9.009962499999999569e-03
8.041239999999999846e-03
7.146755000000000295e-03
6.248778750000000444e-03
5.793711249999999868e-03
5.645056249999999727e-03
5.568003750000000661e-03
5.536077500000000096e-03
5.484499999999999792e-03
5.283692500000000160e-03
5.151166249999999426e-03
5.135846249999999336e-03
5.126191250000000296e-03
5.108018750000000233e-03
5.094674999999999898e-03
5.103935000000000416e-03
5.167293749999999491e-03
5.232137499999999289e-03
5.257471250000000408e-03
5.265166250000000679e-03
5.283121249999999866e-03
5.351261249999999386e-03
5.476896250000000063e-03
5.648796250000000067e-03
5.779776249999999359e-03
5.903985000000000483e-03
6.023677500000000455e-03
6.119026249999999501e-03
6.281888749999999834e-03
6.855205000000000500e-03
7.161562500000000393e-03
6.268428749999999973e-03
4.159837500000000167e-03
1.616801250000000044e-03
6.005042499999999452e-04
3.151897499999999921e-04
1.166906249999999921e-04
1.573284999999999896e-04
6.033724999999999766e-04
2.505750000000000056e-04
2.499768749999999799e-04
2.457743750000000011e-04
1.215297500000000065e-04
1.246083750000000028e-04
