6.825924999999999798e+00
8.868257500000000348e+00
6.677192499999998532e+00
6.003962500000000091e+00
5.640252499999999891e+00
5.351055000000000561e+00
5.060377500000000417e+00
4.823595000000000965e+00
4.649030000000000662e+00
4.496303750000000043e+00
4.347023749999999964e+00
4.189761250000000103e+00
4.070448750000000615e+00
3.884520000000000195e+00
3.806055000000000188e+00
3.771854999999999958e+00
3.740178750000000107e+00
3.718289999999999651e+00
3.701707499999999929e+00
3.688873749999999951e+00
3.678466250000000048e+00
3.669981250000000195e+00
3.657963749999999958e+00
3.644857500000000528e+00
3.635084999999999678e+00
3.627507500000000107e+00
3.621198750000000022e+00
3.615992499999999943e+00
3.611584999999999823e+00
3.607871250000000085e+00
3.604518750000000438e+00
3.601595000000000546e+00
3.598962499999999842e+00
3.596588749999999557e+00
3.593589999999999840e+00
3.590079999999999938e+00
3.587092499999999795e+00
3.584538750000000107e+00
3.582612499999999756e+00
3.581513750000000496e+00
3.580125000000000668e+00
3.578278749999999953e+00
3.576616250000000274e+00
3.575167500000000054e+00
3.573758750000000095e+00
3.572841249999999746e+00
3.572257500000000086e+00
3.571678750000000235e+00
3.571100000000000385e+00
3.570720000000000560e+00
3.570541250000000222e+00
3.570370000000000044e+00
3.570190000000000197e+00
3.570016249999999669e+00
3.569839999999999680e+00
3.569662499999999294e+00
3.569488750000000543e+00
3.569311250000000602e+00
3.569133750000000216e+00
3.568960000000000132e+00
3.568783750000000143e+00
3.568608749999999663e+00
3.568431249999999721e+00
3.568256249999999685e+00
3.567947499999999827e+00
3.567506249999999213e+00
3.567068750000000676e+00
3.566628750000000014e+00
3.566084999999999727e+00
3.565442499999999626e+00
3.564799999999999969e+00
3.564150000000000595e+00
3.563501250000000287e+00
3.562732499999999192e+00
3.561827500000000590e+00
3.560918749999999910e+00
3.560138750000000130e+00
3.559454999999999814e+00
3.558883749999999679e+00
3.558310000000000528e+00
3.557708750000000197e+00
3.557189999999999408e+00
3.556707499999999467e+00
3.556212499999999999e+00
3.555672499999999570e+00
3.555097499999999577e+00
3.554546249999999574e+00
3.554102499999999942e+00
3.553726250000000420e+00
3.553483750000000274e+00
3.553333749999999736e+00
3.553056249999999139e+00
3.552228750000000268e+00
3.551252499999999923e+00
3.550583749999999927e+00
3.549322500000000602e+00
3.548253749999999762e+00
3.547688749999999835e+00
3.546918750000000120e+00
3.546266249999999953e+00
3.545931249999999313e+00
3.545680000000000387e+00
3.545353749999999859e+00
3.545141249999999911e+00
3.544576249999999984e+00
3.543715000000000170e+00
3.543008749999999374e+00
3.542286250000000081e+00
3.541761249999999972e+00
3.541399999999999881e+00
3.541005000000000180e+00
3.540705000000000435e+00
3.540442500000000159e+00
3.540169999999999817e+00
3.539880000000000138e+00
3.539508749999999981e+00
3.539254999999999374e+00
3.539073749999999574e+00
3.538869999999999738e+00
3.538630000000000386e+00
3.538286250000000077e+00
3.537847499999999368e+00
3.537479999999999514e+00
3.537258749999999896e+00
3.537160000000000082e+00
3.537042500000000533e+00
3.536927499999999114e+00
3.536847500000000366e+00
3.536750000000000504e+00
3.536660000000000359e+00
3.536539999999999573e+00
3.536459999999999049e+00
3.536390000000000366e+00
3.536309999999999842e+00
3.536190000000000389e+00
3.536079999999999224e+00
3.535989999999999078e+00
3.535897499999999027e+00
3.535795000000000243e+00
3.535726250000000181e+00
3.535651249999999912e+00
3.535579999999999945e+00
3.535519999999999108e+00
3.535350000000000659e+00
3.535167500000000462e+00
3.535031249999999403e+00
3.534912499999999902e+00
3.534790000000000543e+00
3.534640000000000004e+00
3.534521250000000059e+00
3.534440000000000026e+00
3.534310000000000507e+00
3.534099999999999575e+00
3.533920000000001060e+00
3.533792500000000114e+00
3.533700000000000063e+00
3.533639999999999226e+00
3.533258749999999004e+00
3.532900000000000595e+00
3.532820000000000515e+00
3.532769999999999744e+00
3.532679999999999598e+00
3.532480000000000064e+00
3.532330000000000858e+00
3.531980000000000341e+00
3.531620000000000203e+00
3.531537499999999774e+00
3.531407500000000699e+00
3.531239999999999934e+00
3.531099999999999461e+00
3.531019999999998937e+00
1.031705000000000005e+01
2.014767500000000311e+01
1.929093749999999829e+01
1.871888750000000101e+01
1.764098750000000138e+01
1.633953750000000227e+01
1.549623750000000122e+01
1.415522500000000150e+01
1.236989999999999945e+01
1.141750000000000043e+01
1.056213750000000040e+01
9.609086250000000717e+00
8.741582499999999811e+00
7.978044999999999831e+00
7.391135000000000232e+00
6.942106250000001033e+00
6.799442500000000500e+00
6.660323749999999876e+00
6.406112499999999876e+00
6.249824999999999520e+00
6.170424999999999827e+00
6.093387499999999513e+00
5.982213749999999663e+00
5.756736250000000332e+00
5.613233750000000022e+00
5.499256250000000179e+00
5.431893750000000409e+00
5.470552500000000151e+00
5.584948749999998796e+00
5.660577500000000484e+00
5.692412499999999653e+00
5.732322500000000431e+00
5.792510000000000048e+00
5.883942500000000742e+00
5.968328749999999516e+00
6.022036249999999313e+00
6.124039999999999928e+00
6.199635000000000673e+00
6.273723750000000265e+00
6.402051249999999527e+00
6.495147499999999852e+00
6.539088749999999450e+00
6.567423750000000560e+00
6.598127500000000367e+00
6.667343750000000568e+00
6.748607499999999426e+00
6.815916250000000787e+00
6.865893750000000573e+00
6.883793749999998823e+00
6.886421249999999716e+00
6.888543750000000188e+00
6.892231250000000031e+00
6.825262500000000010e+00
6.562707499999999250e+00
6.246548750000000538e+00
5.966366250000000093e+00
5.309958749999999839e+00
4.695151249999999443e+00
4.403280000000000527e+00
4.318984999999999630e+00
4.526610000000000689e+00
4.754178750000000342e+00
1.238706249999999898e+00
1.247296249999999995e+00
1.254996250000000035e+00
6.210674999999999946e-01
6.074100000000000055e-01
