4.861650000000000027e+00
6.529346250000000573e+00
5.079428749999999937e+00
4.658019999999999605e+00
4.438603750000000403e+00
4.270063749999999381e+00
4.107692499999999747e+00
3.981647500000000228e+00
3.893712500000000354e+00
3.821042500000000341e+00
3.754160000000000164e+00
3.689799999999999969e+00
3.645357499999999806e+00
3.587206249999999486e+00
3.566570000000000018e+00
3.558937499999999865e+00
3.552473749999999875e+00
3.548403750000000301e+00
3.545547499999999630e+00
3.543477499999999836e+00
3.541887499999999633e+00
3.540659999999999474e+00
3.539022500000000182e+00
3.537367499999999776e+00
3.536230000000000206e+00
3.535409999999999719e+00
3.534761249999999855e+00
3.534260000000000179e+00
3.533850000000000602e+00
3.533519999999999772e+00
3.533239999999999714e+00
3.533000000000000362e+00
3.532789999999999431e+00
3.532609999999999140e+00
3.532389999999999919e+00
3.532139999999999169e+00
3.531939999999999635e+00
3.531780000000000364e+00
3.531654999999999767e+00
3.531590000000000451e+00
3.531510000000000371e+00
3.531400000000000539e+00
3.531310000000000393e+00
3.531230000000000313e+00
3.531159999999999854e+00
3.531109999999999083e+00
3.531079999999999774e+00
3.531050000000000022e+00
3.531019999999998937e+00
3.531002499999999600e+00
3.530999999999999694e+00
3.530989999999999629e+00
3.530980000000000008e+00
3.530969999999999942e+00
3.530959999999999877e+00
3.530959999999999877e+00
3.530950000000000255e+00
3.530940000000000634e+00
3.530930000000000568e+00
3.530920000000000947e+00
3.530920000000000947e+00
3.530909999999999549e+00
3.530899999999999483e+00
3.530889999999999862e+00
3.530879999999999797e+00
3.530860000000000110e+00
3.530840000000000423e+00
3.530819999999999403e+00
3.530790000000000095e+00
3.530769999999999964e+00
3.530740000000000656e+00
3.530709999999999571e+00
3.530689999999999884e+00
3.530656250000000274e+00
3.530619999999999425e+00
3.530590000000000117e+00
3.530560000000000365e+00
3.530529999999999724e+00
3.530510000000000037e+00
3.530489999999999906e+00
3.530470000000000663e+00
3.530460000000000598e+00
3.530439999999999579e+00
3.530429999999999513e+00
3.530409999999999826e+00
3.530390000000000139e+00
3.530370000000000452e+00
3.530360000000000831e+00
3.530349999999999433e+00
3.530339999999999367e+00
3.530339999999999367e+00
3.530329999999999746e+00
3.530310000000000059e+00
3.530280000000000307e+00
3.530259999999999287e+00
3.530229999999999979e+00
3.530209999999999848e+00
3.530200000000000227e+00
3.530180000000000540e+00
3.530167499999999237e+00
3.530159999999999521e+00
3.530149999999999455e+00
3.530149999999999455e+00
3.530139999999999834e+00
3.530130000000000212e+00
3.530120000000000147e+00
3.530110000000000081e+00
3.530100000000000460e+00
3.530090000000000394e+00
3.530079999999998996e+00
3.530079999999998996e+00
3.530069999999999375e+00
3.530069999999999375e+00
3.530069999999999375e+00
3.530059999999999754e+00
3.530059999999999754e+00
3.530049999999999688e+00
3.530049999999999688e+00
3.530049999999999688e+00
3.530049999999999688e+00
3.530040000000000067e+00
3.530040000000000067e+00
3.530040000000000067e+00
3.530030000000000001e+00
3.530030000000000001e+00
3.530030000000000001e+00
3.530030000000000001e+00
3.530030000000000001e+00
3.530030000000000001e+00
3.530030000000000001e+00
3.530030000000000001e+00
3.530030000000000001e+00
3.530030000000000001e+00
3.530030000000000001e+00
3.530019999999999936e+00
3.530019999999999936e+00
3.530019999999999936e+00
3.530019999999999936e+00
3.530019999999999936e+00
3.530019999999999936e+00
3.530019999999999936e+00
3.530019999999999936e+00
3.530019999999999936e+00
3.530019999999999936e+00
3.530019999999999936e+00
3.530019999999999936e+00
3.530019999999999936e+00
3.530010000000000314e+00
3.530010000000000314e+00
3.530010000000000314e+00
3.530010000000000314e+00
3.530010000000000314e+00
3.530010000000000314e+00
3.530010000000000314e+00
3.530010000000000314e+00
3.530010000000000314e+00
3.530010000000000314e+00
3.530010000000000314e+00
3.530010000000000314e+00
3.530010000000000314e+00
3.530000000000000249e+00
3.530000000000000249e+00
3.530000000000000249e+00
3.530000000000000249e+00
3.530000000000000249e+00
3.530000000000000249e+00
3.530000000000000249e+00
3.530000000000000249e+00
3.530000000000000249e+00
3.530000000000000249e+00
3.530000000000000249e+00
1.025346249999999948e+01
1.999651250000000147e+01
1.915005000000000379e+01
1.858476250000000007e+01
1.751963749999999820e+01
1.623346250000000168e+01
1.539991249999999923e+01
1.407397500000000079e+01
1.230783750000000154e+01
1.136525000000000141e+01
1.051810000000000045e+01
9.573652499999999677e+00
8.713048750000000453e+00
7.955226249999999943e+00
7.372196250000000894e+00
6.926027500000000892e+00
6.784253750000000416e+00
6.645992500000000192e+00
6.393323750000000416e+00
6.237966250000000379e+00
6.159035000000000259e+00
6.082416249999999636e+00
5.971811250000000015e+00
5.747728749999999387e+00
5.605193749999999753e+00
5.492111249999999778e+00
5.425643749999999876e+00
5.464758750000001442e+00
5.579302500000000720e+00
5.655009999999999870e+00
5.686878749999999982e+00
5.721724999999999284e+00
5.718590000000000728e+00
5.749604999999999855e+00
5.806582500000001090e+00
5.842959999999999710e+00
5.912248750000000719e+00
5.963748750000000598e+00
6.016187500000000909e+00
6.110963749999999806e+00
6.178883749999999786e+00
6.204426250000000032e+00
6.215328750000000291e+00
6.229261249999999528e+00
6.263574999999999449e+00
6.270147499999999319e+00
6.268937499999999829e+00
6.268041250000000453e+00
6.251154999999999795e+00
6.227086249999999268e+00
6.208305000000001073e+00
6.177127500000000104e+00
6.024179999999999424e+00
5.574358750000000029e+00
5.038736250000000361e+00
4.443475000000000286e+00
3.315830000000000055e+00
2.542681249999999782e+00
2.255145000000000177e+00
2.185042499999999777e+00
2.463766249999999935e+00
2.688457500000000167e+00
7.255562499999999027e-01
7.336125000000000007e-01
7.344112499999999599e-01
3.586949999999999861e-01
3.475862499999999855e-01
