1.106217500000000076e+00
1.590600000000000014e+00
1.305004999999999971e+00
1.227187499999999876e+00
1.187537500000000135e+00
1.157333750000000050e+00
1.128130000000000077e+00
1.105041249999999975e+00
1.088280000000000136e+00
1.073528749999999921e+00
1.058619999999999894e+00
1.041074999999999973e+00
1.024937500000000057e+00
9.796580000000000288e-01
9.439836249999999929e-01
9.160347500000001197e-01
8.790342499999999060e-01
8.428123749999999470e-01
8.065379999999998661e-01
7.707057499999999672e-01
7.349570000000000825e-01
6.994003749999999631e-01
6.377905000000000380e-01
5.511596250000000419e-01
4.671947500000000475e-01
3.858519999999999728e-01
3.081869999999999887e-01
2.354918749999999894e-01
1.694171250000000295e-01
1.114959999999999979e-01
6.393727500000000175e-02
2.948053750000000084e-02
1.124071249999999966e-02
1.313723750000000100e-02
6.788403749999999404e-02
2.673788750000000158e-01
6.929898750000000884e-01
1.483554999999999957e+00
2.434635000000000105e+00
3.332709999999999617e+00
5.295948749999999983e+00
9.548450000000000770e+00
1.750598749999999981e+01
3.344364999999999810e+01
6.966746249999999918e+01
1.317984999999999900e+02
2.275678750000000150e+02
4.647428749999999695e+02
1.185151249999999891e+03
2.312411250000000109e+03
3.336116250000000036e+03
4.466751249999999345e+03
5.626229999999999563e+03
6.508711249999999382e+03
6.886700000000000728e+03
6.681373749999999745e+03
5.955188749999999345e+03
4.909019999999999527e+03
3.816626249999999800e+03
2.821233750000000327e+03
2.027305000000000064e+03
1.449161250000000109e+03
1.052785000000000082e+03
7.923657499999999345e+02
5.320484999999999900e+02
3.423962500000000091e+02
2.474096250000000055e+02
1.908856250000000045e+02
1.411313750000000198e+02
1.029112499999999955e+02
8.039759999999998286e+01
6.581652499999999861e+01
5.571967499999999518e+01
4.631567499999999882e+01
3.817958750000000379e+01
3.266055000000000064e+01
2.876836249999999495e+01
2.602265000000000228e+01
2.420617500000000177e+01
2.242652500000000160e+01
2.068252499999999827e+01
1.946593750000000256e+01
1.851503750000000181e+01
1.768946250000000120e+01
1.690376249999999914e+01
1.619355000000000189e+01
1.559978749999999970e+01
1.505878750000000110e+01
1.458931249999999835e+01
1.432398749999999943e+01
1.416711249999999822e+01
1.388031250000000050e+01
1.317738750000000003e+01
1.242103749999999884e+01
1.191838750000000147e+01
1.114718749999999936e+01
1.056027500000000074e+01
1.026128749999999989e+01
9.881940000000000168e+00
9.610069999999998558e+00
9.470357499999998652e+00
9.354108750000001749e+00
9.217070000000001428e+00
9.136861250000000823e+00
8.918378749999998689e+00
8.583258750000000603e+00
8.311052500000000620e+00
8.017403749999999718e+00
7.801651249999999926e+00
7.654579999999999274e+00
7.462652499999999911e+00
7.307155000000000733e+00
7.166381250000000591e+00
6.983386250000000572e+00
6.739576249999999824e+00
6.278572500000001000e+00
5.659692500000000237e+00
4.446497499999999548e+00
5.623245000000000005e+01
9.024765000000000370e+00
7.210115000000000940e+00
6.424314999999999110e+00
5.779458749999999867e+00
5.220041249999999522e+00
4.916261249999999805e+00
4.499116250000000150e+00
3.992129999999999512e+00
3.544249999999999901e+00
2.832843749999999883e+00
1.613973749999999985e+00
2.048371249999999932e+01
6.777375000000000682e+02
1.659809999999999874e+01
5.346004999999999896e+00
4.335642500000000155e+02
2.116167499999999890e+01
1.323342499999999866e+01
1.088119999999999976e+01
9.505638750000001025e+00
8.862008749999999324e+00
8.308840000000000003e+00
7.734460000000000335e+00
7.226168750000000252e+00
5.920401249999999393e+00
4.115122500000000016e+00
1.622996250000000140e+00
9.061517499999999927e+02
2.079025000000000034e+01
1.548372499999999832e+02
1.319022499999999987e+01
1.090121249999999975e+01
8.016782499999999700e+00
2.662738749999999754e+01
1.350076249999999902e+02
1.297867500000000085e+01
9.361088750000000402e+00
5.620193749999999255e+01
2.024848749999999953e+01
2.099918750000000145e+01
9.736420000000000741e+00
9.157748749999999660e+00
1.033303124999999945e+01
1.106412500000000065e+01
9.537262499999999932e+01
1.591000000000000014e+01
2.051258749999999864e+01
1.773136249999999947e+01
1.895728749999999962e+01
1.730203750000000085e+01
1.910642499999999799e+01
1.552685000000000137e+01
1.897916249999999749e+01
1.602799999999999869e+01
1.918151249999999663e+01
1.672743750000000063e+01
1.535460000000000136e+01
1.362000000000000277e+01
1.123218749999999844e+01
1.525596249999999721e+01
1.482166249999999863e+01
1.432383750000000155e+01
1.387626249999999928e+01
1.340391249999999879e+01
1.295882499999999915e+01
1.262920000000000087e+01
1.234014999999999951e+01
1.210069999999999979e+01
1.199380000000000024e+01
1.186641249999999914e+01
1.161928749999999866e+01
1.145860000000000056e+01
1.137148749999999886e+01
1.127762500000000045e+01
1.113945000000000007e+01
1.077327499999999816e+01
1.044098750000000209e+01
1.002280000000000015e+01
9.365586250000001556e+00
8.671280000000001209e+00
8.067034999999998846e+00
7.694232500000000030e+00
7.524648750000000774e+00
7.317671250000000072e+00
7.066254999999999953e+00
6.733594999999999331e+00
6.447075000000000777e+00
6.266603749999998918e+00
5.972735000000000127e+00
5.754008750000000560e+00
5.469375000000000320e+00
4.974703750000000646e+00
4.720181249999999551e+00
4.595005000000000450e+00
4.507881249999999618e+00
4.415433750000000046e+00
4.204592499999999511e+00
3.943677499999999725e+00
3.751751249999999871e+00
3.589273750000000263e+00
3.454223750000000148e+00
3.394138750000000204e+00
3.371057499999999596e+00
3.378886249999999869e+00
3.367339999999999556e+00
3.502586250000000234e+00
3.774407500000000137e+00
3.967098749999999896e+00
4.304574999999999818e+00
4.370518749999999564e+00
4.113234999999999530e+00
3.420938749999999917e+00
2.912956250000000136e+00
2.636959999999999749e+00
6.597562500000000441e-01
6.589112500000000594e-01
6.717200000000000948e-01
3.946912499999999935e-01
4.413075000000000192e-01
