2.156486249999999927e+03
2.569237499999999727e+03
1.756379999999999882e+03
1.480382499999999936e+03
1.322317499999999882e+03
1.190203750000000127e+03
1.049812500000000000e+03
9.287431249999999636e+02
8.341217500000000200e+02
7.467892500000000382e+02
6.570411250000000791e+02
5.561478749999999991e+02
4.751733750000000214e+02
3.385639999999999645e+02
2.778145000000000095e+02
2.506731249999999989e+02
2.254611249999999814e+02
2.079680000000000177e+02
1.950277499999999975e+02
1.853665000000000305e+02
1.777659999999999911e+02
1.715824999999999818e+02
1.635459999999999923e+02
1.558437500000000000e+02
1.514749999999999943e+02
1.490232500000000186e+02
1.481073749999999905e+02
1.485641249999999900e+02
1.501791250000000275e+02
1.528438750000000255e+02
1.565128749999999798e+02
1.611661250000000223e+02
1.668396250000000123e+02
1.736292500000000132e+02
1.860110000000000241e+02
2.077537499999999682e+02
2.370782499999999970e+02
2.772244999999999777e+02
3.169572499999999877e+02
3.497987499999999841e+02
4.131899999999999977e+02
5.327017499999999472e+02
7.262586249999999382e+02
1.066368750000000091e+03
1.752480000000000018e+03
2.829592499999999745e+03
4.376786250000000109e+03
7.973518749999999272e+03
1.827743750000000000e+04
3.387342499999999563e+04
4.770821250000000146e+04
6.264125000000000000e+04
7.777926249999999709e+04
8.884838749999999709e+04
9.288552500000000873e+04
8.904511250000000291e+04
7.838551249999999709e+04
6.379253749999999854e+04
4.869645000000000437e+04
3.525341249999999854e+04
2.470876250000000437e+04
1.714396250000000146e+04
1.204170000000000073e+04
8.750448749999999563e+03
5.546857500000000073e+03
3.297134999999999764e+03
2.220968750000000000e+03
1.605203749999999900e+03
1.086527500000000146e+03
7.082506249999999000e+02
4.986814999999999714e+02
3.705949999999999704e+02
2.863930000000000291e+02
2.127729999999999961e+02
1.534609999999999843e+02
1.162491249999999923e+02
9.187402499999998895e+01
7.581817499999999654e+01
6.577967499999999745e+01
5.653171250000000470e+01
4.792110000000000269e+01
4.226448750000000842e+01
3.805989999999999895e+01
3.457543749999999960e+01
3.140922500000000284e+01
2.867991249999999681e+01
2.649966250000000301e+01
2.459684999999999988e+01
2.301603749999999948e+01
2.215866250000000193e+01
2.166197500000000176e+01
2.075587500000000318e+01
1.866928750000000292e+01
1.657492500000000035e+01
1.529706250000000090e+01
1.351591249999999889e+01
1.228352499999999914e+01
1.170508750000000120e+01
1.101905000000000001e+01
1.055553749999999980e+01
1.032806249999999793e+01
1.014370000000000083e+01
9.932743750000000205e+00
9.813482500000000996e+00
9.495638749999999462e+00
9.033658750000002513e+00
8.682620000000000005e+00
8.328053750000000477e+00
8.082031250000000000e+00
7.920847499999999819e+00
7.720188750000000155e+00
7.564113750000000636e+00
7.431662499999999838e+00
7.272033750000000296e+00
7.084981250000000230e+00
6.856077499999999603e+00
6.829519999999998703e+00
9.034666250000000787e+00
6.838447499999999764e+02
1.155907499999999821e+01
7.637947500000000112e+00
6.666341250000000329e+00
6.026623750000000612e+00
5.521185000000000009e+00
5.263197500000000417e+00
4.932293750000000365e+00
4.558427499999999633e+00
4.268052499999999583e+00
3.899418749999999267e+00
3.832528750000000262e+00
6.836163750000000050e+01
1.698772499999999809e+03
2.684891249999999729e+01
1.498191249999999819e+01
1.195975000000000136e+03
2.621077500000000526e+01
1.441208750000000016e+01
1.148052500000000009e+01
9.879084999999999894e+00
9.163503750000000281e+00
8.566707499999999698e+00
7.963435000000000485e+00
7.444297499999999346e+00
6.187120000000000175e+00
4.591457500000000636e+00
3.523391249999999975e+00
1.393451249999999845e+03
2.596920000000000428e+01
3.329279999999999973e+02
1.359278750000000002e+01
1.112993749999999871e+01
8.796866249999998999e+00
8.733286250000000450e+01
2.391869999999999834e+02
1.338907500000000184e+01
9.609451249999999334e+00
1.645324999999999989e+02
3.959812500000000313e+01
3.393016249999999445e+01
1.108217499999999944e+01
9.172317500000000123e+00
1.493132500000000107e+01
1.637087499999999807e+01
1.173197499999999991e+02
2.271583749999999924e+01
2.655894999999999939e+01
2.426589999999999847e+01
2.325379999999999825e+01
2.090786250000000024e+01
2.213690000000000424e+01
1.768397500000000022e+01
2.142058749999999989e+01
1.835025000000000261e+01
2.067513750000000528e+01
1.850537500000000080e+01
1.698072499999999962e+01
1.494659999999999833e+01
1.251363750000000152e+01
1.689108750000000114e+01
1.626860000000000284e+01
1.564517500000000005e+01
1.508426249999999769e+01
1.448826250000000115e+01
1.391670000000000229e+01
1.348472500000000096e+01
1.309711249999999971e+01
1.280753750000000046e+01
1.270589999999999975e+01
1.259635000000000105e+01
1.239143749999999855e+01
1.225463749999999941e+01
1.218291250000000048e+01
1.210516250000000049e+01
1.198933750000000131e+01
1.168266249999999928e+01
1.140126250000000141e+01
1.105148750000000035e+01
1.052885000000000026e+01
9.981014999999999304e+00
9.494025000000000603e+00
9.201583749999999284e+00
9.062426249999999683e+00
8.899181249999999821e+00
8.721157500000000340e+00
8.498324999999999463e+00
8.311733750000000143e+00
8.193183749999999321e+00
7.993852500000000916e+00
7.848417500000000047e+00
7.702437500000000270e+00
7.481911250000000457e+00
7.355106249999999513e+00
7.297223749999999676e+00
7.260043749999999463e+00
7.218953750000000724e+00
7.121573749999999592e+00
7.034552499999999320e+00
6.971792500000000281e+00
6.921723749999999953e+00
6.889357499999999135e+00
6.893067499999999903e+00
6.910522499999999901e+00
6.962820000000000675e+00
7.136101249999999396e+00
7.421601250000000149e+00
7.619426250000000067e+00
7.770222500000000032e+00
7.920756250000000165e+00
7.754900000000000126e+00
7.374407500000000226e+00
6.598509999999999209e+00
6.060290000000000177e+00
5.769516250000000568e+00
1.431010000000000115e+00
1.441887499999999989e+00
1.467530000000000001e+00
7.631312500000000387e-01
7.857937499999999575e-01
