2.154896249999999782e+03
2.567073750000000018e+03
1.754681250000000091e+03
1.478825000000000045e+03
1.320835000000000036e+03
1.188782500000000255e+03
1.048447499999999991e+03
9.274302500000000009e+02
8.328469999999999800e+02
7.455489999999999782e+02
6.558358749999999873e+02
5.549827500000000100e+02
4.740422499999999673e+02
3.375088749999999891e+02
2.768091249999999945e+02
2.497013749999999845e+02
2.245326249999999959e+02
2.070796250000000214e+02
1.941782499999999914e+02
1.845549999999999784e+02
1.769920000000000186e+02
1.708455000000000155e+02
1.628725000000000023e+02
1.552587499999999636e+02
1.509751249999999914e+02
1.486056250000000034e+02
1.477676250000000095e+02
1.482970000000000255e+02
1.499779999999999802e+02
1.527001250000000141e+02
1.564159999999999968e+02
1.611028749999999832e+02
1.667937500000000171e+02
1.735801249999999811e+02
1.859048750000000041e+02
2.074438749999999914e+02
2.363372499999999832e+02
2.756856250000000159e+02
3.144591250000000855e+02
3.463967499999999973e+02
4.078128750000000196e+02
5.230491250000001173e+02
7.086126250000000937e+02
1.032722500000000082e+03
1.682480000000000246e+03
2.697266249999999673e+03
4.148402500000000146e+03
7.507302499999999782e+03
1.708895000000000073e+04
3.155482499999999709e+04
4.436339999999999418e+04
5.816307499999999709e+04
7.213889999999999418e+04
8.232352499999999418e+04
8.598194999999999709e+04
8.234758749999999418e+04
7.241611250000000291e+04
5.887198750000000291e+04
4.487105000000000291e+04
3.242579999999999927e+04
2.267701250000000437e+04
1.569172500000000036e+04
1.098675000000000000e+04
7.956522499999999127e+03
5.013823749999999563e+03
2.954156250000000000e+03
1.973173750000000155e+03
1.414038750000000164e+03
9.452096249999999600e+02
6.052193749999999000e+02
4.182007500000000277e+02
3.047176249999999982e+02
2.306268750000000125e+02
1.664241250000000036e+02
1.152579999999999956e+02
8.357141250000000809e+01
6.309235000000000326e+01
4.978486250000000979e+01
4.156443750000000392e+01
3.409758750000000305e+01
2.723236250000000425e+01
2.279322499999999962e+01
1.954019999999999868e+01
1.688182499999999919e+01
1.450181250000000155e+01
1.248310000000000208e+01
1.089693749999999994e+01
9.535416250000000815e+00
8.424308749999999790e+00
7.832396250000000393e+00
7.492653749999999668e+00
6.873484999999999623e+00
5.490113749999999904e+00
4.152366250000000036e+00
3.377327499999999372e+00
2.367585000000000051e+00
1.722271249999999920e+00
1.442892500000000133e+00
1.136282500000000084e+00
9.446931250000000224e-01
8.569600000000000550e-01
7.888503749999998815e-01
7.149547499999999722e-01
6.759096250000000694e-01
5.765715000000000146e-01
4.497353749999999373e-01
3.709048750000000227e-01
3.099647500000000111e-01
2.796557499999999807e-01
2.655000000000000138e-01
2.566748749999999690e-01
2.559927499999999911e-01
2.641783750000000208e-01
2.872909999999999631e-01
3.435316250000000071e-01
5.737238749999998833e-01
1.161276250000000010e+00
4.552261249999999926e+00
6.225921250000000100e+02
2.514844999999999775e+00
4.252878749999999819e-01
2.411514999999999909e-01
2.466191249999999946e-01
3.006853750000000325e-01
3.464951250000000149e-01
4.327292500000000097e-01
5.658221249999999536e-01
7.232831250000000267e-01
1.065939999999999888e+00
2.217480000000000118e+00
4.785819999999999652e+01
1.020617875000000140e+03
1.024687499999999929e+01
9.633880000000001331e+00
7.623233749999999418e+02
5.048208749999999689e+00
1.178233750000000191e+00
5.989871250000000646e-01
3.731396250000000303e-01
3.011941249999999792e-01
2.575693750000000448e-01
2.286739999999999884e-01
2.178182499999999910e-01
2.663281250000000266e-01
4.757153750000000514e-01
1.898451249999999924e+00
4.868695000000000164e+02
5.170387500000000358e+00
1.774776249999999891e+02
4.015341250000000195e-01
2.282345000000000068e-01
7.795722499999999666e-01
6.066391250000000213e+01
1.041645375000000087e+02
4.101497500000000351e-01
2.479797499999999988e-01
1.081707999999999856e+02
1.928338749999999990e+01
1.292340000000000089e+01
1.339726250000000229e+00
1.442813750000000034e-02
4.591050000000000963e+00
5.289396250000000244e+00
2.171098749999999811e+01
6.775799999999999379e+00
6.007883750000000411e+00
6.345397499999999802e+00
3.697904999999999998e+00
3.526106250000000220e+00
2.791777500000000245e+00
2.131578750000000078e+00
2.398821249999999683e+00
1.897482500000000183e+00
1.483559999999999768e+00
1.762912500000000104e+00
1.259989999999999943e+00
1.247183750000000035e+00
1.262274999999999814e+00
1.547707500000000014e+00
1.371309999999999807e+00
1.240396249999999867e+00
1.121786249999999985e+00
9.924137500000000944e-01
8.623510000000000897e-01
7.581486249999999094e-01
6.584685000000000121e-01
5.771703750000000133e-01
5.473684999999999246e-01
5.144176249999999895e-01
4.569986250000000472e-01
4.224543750000000486e-01
4.060483750000000169e-01
3.903363750000000132e-01
3.687563750000000251e-01
3.234609999999999985e-01
2.890820000000000611e-01
2.539722499999999550e-01
2.114521250000000463e-01
1.766031249999999997e-01
1.562383749999999849e-01
1.449838749999999843e-01
1.407917499999999933e-01
1.359112499999999835e-01
1.307074999999999765e-01
1.244141250000000004e-01
1.193587500000000134e-01
1.162838749999999949e-01
1.107057500000000194e-01
1.067366249999999878e-01
1.031312499999999938e-01
9.777467500000000533e-02
9.426630000000001119e-02
9.262526250000001349e-02
9.156808749999999220e-02
9.037105000000000832e-02
8.763221249999998685e-02
8.432552500000001228e-02
8.159736249999999247e-02
7.962492499999998530e-02
7.815047499999999703e-02
7.694624999999999382e-02
7.599847499999999589e-02
7.444088749999999699e-02
6.989763749999999831e-02
5.360625000000000112e-02
3.924634999999999929e-02
3.124671250000000261e-02
1.840880000000000294e-02
1.063342500000000017e-02
7.391138749999999827e-03
4.215528750000000109e-03
2.595796249999999909e-03
1.675768749999999828e-03
2.707662500000000065e-04
2.490400000000000144e-04
2.137570000000000203e-04
7.775037499999999842e-05
6.187075000000000051e-05
