1.667442499999999939e+00
2.229268749999999688e+00
1.727266250000000003e+00
1.580577499999999969e+00
1.503989999999999938e+00
1.445038750000000149e+00
1.388129999999999864e+00
1.343872499999999803e+00
1.312942500000000123e+00
1.287336250000000071e+00
1.263723750000000035e+00
1.240888749999999874e+00
1.224987500000000118e+00
1.203378749999999942e+00
1.195062500000000139e+00
1.191502500000000131e+00
1.188058750000000163e+00
1.185473750000000104e+00
1.183312499999999989e+00
1.181447499999999984e+00
1.179753750000000156e+00
1.178197500000000231e+00
1.175678750000000106e+00
1.172361250000000021e+00
1.169296249999999926e+00
1.166395000000000071e+00
1.163613749999999891e+00
1.160944999999999894e+00
1.158378750000000013e+00
1.155883750000000099e+00
1.153458749999999977e+00
1.151124999999999954e+00
1.148868750000000327e+00
1.146671250000000031e+00
1.143610000000000015e+00
1.139681249999999979e+00
1.136072500000000041e+00
1.132733749999999873e+00
1.130213750000000017e+00
1.128728750000000058e+00
1.126772499999999955e+00
1.124171250000000066e+00
1.121887499999999926e+00
1.119971249999999863e+00
1.118148750000000025e+00
1.117164999999999964e+00
1.116573750000000143e+00
1.115986250000000179e+00
1.115401250000000122e+00
1.115109999999999824e+00
1.115109999999999824e+00
1.115119999999999889e+00
1.115119999999999889e+00
1.115119999999999889e+00
1.115129999999999955e+00
1.115129999999999955e+00
1.115140000000000020e+00
1.115140000000000020e+00
1.115140000000000020e+00
1.115150000000000086e+00
1.115150000000000086e+00
1.115159999999999707e+00
1.115159999999999707e+00
1.115159999999999707e+00
1.115169999999999995e+00
1.115180000000000282e+00
1.115189999999999904e+00
1.115199999999999969e+00
1.116048749999999812e+00
1.117716249999999967e+00
1.119398749999999998e+00
1.121098749999999811e+00
1.122779999999999889e+00
1.126687499999999842e+00
1.132918749999999974e+00
1.139287500000000009e+00
1.147984999999999811e+00
1.157246250000000032e+00
1.164950000000000152e+00
1.178186249999999990e+00
1.196073750000000047e+00
1.211549999999999905e+00
1.225946250000000015e+00
1.241352500000000081e+00
1.264271250000000180e+00
1.289530000000000065e+00
1.313929999999999598e+00
1.339416249999999975e+00
1.368856249999999886e+00
1.389451250000000027e+00
1.402565000000000062e+00
1.429375000000000062e+00
1.518314999999999859e+00
1.659819999999999851e+00
1.799641250000000081e+00
2.162021250000000006e+00
2.620276249999999862e+00
2.993914999999999882e+00
3.723688750000000436e+00
4.495193750000000321e+00
5.041841250000000940e+00
5.594333750000000549e+00
6.413637500000000102e+00
7.020621250000000479e+00
9.264356250000000514e+00
1.540257500000000057e+01
2.627806250000000077e+01
5.955525000000000091e+01
1.213476249999999936e+02
2.615425000000000182e+02
1.186333749999999782e+03
1.645021249999999782e+04
1.746704999999999927e+04
1.368240000000000009e+03
4.004167500000000359e+02
1.739117499999999836e+02
1.085611250000000041e+02
8.557921250000001123e+01
6.604996249999999236e+01
4.930020000000000380e+01
3.589894999999999925e+01
2.636366250000000377e+01
2.093172500000000014e+01
1.806903750000000031e+01
1.699668750000000017e+01
1.598298749999999835e+01
1.504822500000000218e+01
1.445838749999999706e+01
1.378947500000000126e+01
1.305152499999999982e+01
1.214581249999999990e+01
1.152761250000000004e+01
1.104228750000000048e+01
1.049722500000000025e+01
9.602314999999999046e+00
8.354792500000000288e+00
5.949309999999999654e+00
3.958002499999999912e+01
1.393940000000000090e+01
1.153703750000000028e+01
1.051722499999999982e+01
9.766734999999998834e+00
9.252816250000000409e+00
8.370367500000000405e+00
7.637226249999999439e+00
7.171240000000000059e+00
6.688283750000000083e+00
6.082677499999999959e+00
1.125965000000000060e+01
9.506367500000001414e+00
6.645773750000000035e+00
5.998556250000000034e+00
5.301193750000000371e+00
4.594011250000000324e+00
1.362519999999999953e+01
2.546878750000000124e+01
6.258989999999998943e+00
5.413541249999999749e+00
3.633142499999999941e+00
2.643930000000000113e+00
1.133089999999999833e+02
7.978298749999999551e+00
3.004933750000000003e+01
1.023631124999999997e+01
2.105155000000000243e+01
6.096313750000000198e+00
3.261606250000000262e+00
1.103072500000000211e+01
1.046416250000000048e+01
5.016750000000000043e+00
9.428929999999999367e+00
7.421053749999999560e+00
1.428641250000000085e+01
4.617661250000000273e+00
1.201501250000000098e+01
4.392896250000000613e+00
5.522725000000000328e+00
3.231049999999999756e+00
8.076776249999999990e+00
7.149928750000000832e+00
6.839387499999999953e+00
6.580118750000000460e+00
6.289577500000000043e+00
6.028318749999999504e+00
5.852097500000000174e+00
5.725296250000000420e+00
5.641379999999999839e+00
5.618308750000000629e+00
5.599797500000000205e+00
5.570982500000000393e+00
5.557975000000000776e+00
5.552458749999999554e+00
5.535567500000000862e+00
5.496361250000000531e+00
5.450033749999999344e+00
5.429996249999999414e+00
5.440251249999999317e+00
5.510227500000000056e+00
5.623618750000000333e+00
5.722592500000001081e+00
5.713491249999999688e+00
5.701845000000000496e+00
5.685068749999999227e+00
5.664798750000000993e+00
5.666488750000000074e+00
5.684619999999999784e+00
5.687586249999999843e+00
5.709488749999999335e+00
5.714604999999999713e+00
5.693327499999999652e+00
5.646147499999999653e+00
5.622128749999999897e+00
5.616227499999999928e+00
5.612171249999999390e+00
5.611669999999999270e+00
5.594503750000000331e+00
5.531976249999999595e+00
5.455941249999999521e+00
5.383251249999999821e+00
5.325493749999999693e+00
5.275992500000000085e+00
5.235914999999999431e+00
5.152342499999999603e+00
4.874203750000000390e+00
4.329395000000000771e+00
3.915097499999999897e+00
3.574388750000000226e+00
2.911150000000000126e+00
2.393456250000000285e+00
2.144646250000000087e+00
2.113525000000000098e+00
2.380277500000000046e+00
2.708488749999999889e+00
7.292287499999999811e-01
7.331187500000000412e-01
7.335024999999999462e-01
3.592925000000000146e-01
3.477700000000000236e-01
