7.074375000000000000e+02
8.426271250000000919e+02
5.758387500000000045e+02
4.852159999999999513e+02
4.332991250000000036e+02
3.898910000000000196e+02
3.437389999999999759e+02
3.039139999999999873e+02
2.727623750000000200e+02
2.439796250000000271e+02
2.143607499999999675e+02
1.809726249999999652e+02
1.540711249999999950e+02
1.081861250000000041e+02
8.743620000000001369e+01
7.791058749999999122e+01
6.887800000000000011e+01
6.249929999999999808e+01
5.758990000000000009e+01
5.374222499999999769e+01
5.059383749999999225e+01
4.800441250000000792e+01
4.430411250000000223e+01
4.022984999999999900e+01
3.716422499999999474e+01
3.477130000000000365e+01
3.277157499999999857e+01
3.113139999999999930e+01
2.975166249999999835e+01
2.852294999999999803e+01
2.744131250000000222e+01
2.650217500000000115e+01
2.565684999999999860e+01
2.489413749999999936e+01
2.393298750000000297e+01
2.280819999999999936e+01
2.185378749999999926e+01
2.104037500000000094e+01
2.042614999999999981e+01
2.007767500000000283e+01
1.964038750000000277e+01
1.905855000000000032e+01
1.853746250000000018e+01
1.808776250000000019e+01
1.765035000000000309e+01
1.737027500000000302e+01
1.719194999999999851e+01
1.701529999999999632e+01
1.683861249999999998e+01
1.672395000000000209e+01
1.667181249999999793e+01
1.662061250000000001e+01
1.656863750000000124e+01
1.651670000000000016e+01
1.646508749999999921e+01
1.641316250000000210e+01
1.636127499999999912e+01
1.630981249999999605e+01
1.625789999999999935e+01
1.620641249999999900e+01
1.615462499999999935e+01
1.610288749999999780e+01
1.605098750000000152e+01
1.599932499999999891e+01
1.590843749999999801e+01
1.577932500000000182e+01
1.565006250000000065e+01
1.552041249999999906e+01
1.536623750000000044e+01
1.518966250000000251e+01
1.501178750000000051e+01
1.483195000000000086e+01
1.465376249999999914e+01
1.445138750000000094e+01
1.422202500000000036e+01
1.399247500000000066e+01
1.380922499999999964e+01
1.365496249999999989e+01
1.352658750000000154e+01
1.340930000000000177e+01
1.329518749999999727e+01
1.319648749999999993e+01
1.310467499999999852e+01
1.301802500000000151e+01
1.297128750000000075e+01
1.293146249999999853e+01
1.289298749999999849e+01
1.285372499999999896e+01
1.288314999999999877e+01
1.293036249999999932e+01
1.297160000000000046e+01
1.319880000000000209e+01
1.326975000000000016e+01
1.305498750000000285e+01
1.321999999999999886e+01
1.381533750000000005e+01
1.465087500000000098e+01
1.536247499999999988e+01
1.676951250000000115e+01
1.825552499999999867e+01
1.930130000000000123e+01
2.035176249999999953e+01
2.189620000000000033e+01
2.303033750000000524e+01
2.714937499999999915e+01
3.807459999999999667e+01
5.669091249999999604e+01
1.110127500000000111e+02
2.088163749999999936e+02
4.239498749999999632e+02
1.803658749999999827e+03
2.397346249999999782e+04
2.510323749999999927e+04
1.895159999999999854e+03
5.342322500000000218e+02
2.233697500000000105e+02
1.355511249999999848e+02
1.052259999999999991e+02
7.975474999999998715e+01
5.826286249999999711e+01
4.140771250000000236e+01
2.968037500000000151e+01
2.316209999999999880e+01
1.979147499999999837e+01
1.854340000000000188e+01
1.737748750000000086e+01
1.631111250000000013e+01
1.564441249999999961e+01
1.489837499999999970e+01
1.408671250000000086e+01
1.311666249999999856e+01
1.247824999999999918e+01
1.200435000000000052e+01
1.150841249999999860e+01
1.084483749999999880e+01
1.055161250000000095e+01
1.513214999999999932e+01
3.414768750000000068e+02
1.973182499999999706e+01
1.346509999999999962e+01
1.161403749999999846e+01
1.047677499999999995e+01
9.790496249999998568e+00
8.735547499999999133e+00
7.917705000000000659e+00
7.430721249999999500e+00
6.957297499999999246e+00
6.503313750000000226e+00
8.727758750000000987e+01
2.073731250000000159e+01
7.012741250000000370e+00
6.174937500000000412e+00
5.422476249999999887e+00
4.786397500000000527e+00
5.751603750000000304e+01
8.190184999999999604e+01
6.742465000000000153e+00
9.010801250000000095e+00
3.734641249999999690e+00
3.362080000000000179e+00
3.027800000000000296e+02
1.221062500000000028e+01
3.783819999999999339e+01
1.458211250000000092e+01
2.426209999999999667e+01
8.975532499999999914e+00
3.290709999999999802e+00
1.455164999999999864e+01
1.324557500000000054e+01
5.897133750000000063e+00
1.194127499999999920e+01
8.609091250000000528e+00
1.620708750000000009e+01
5.109131249999999902e+00
1.296740000000000137e+01
4.395477500000000148e+00
5.741217499999999418e+00
3.236622500000000624e+00
8.948382500000001016e+00
7.867633749999999537e+00
7.470965000000000522e+00
7.139738749999999357e+00
6.766540000000000887e+00
6.424163749999999951e+00
6.186770000000000103e+00
6.007445000000000590e+00
5.883851250000000199e+00
5.848422499999999857e+00
5.818252499999999827e+00
5.768745000000000012e+00
5.743622499999999853e+00
5.732653750000000770e+00
5.722656250000000000e+00
5.710149999999999615e+00
5.698329999999999451e+00
5.701112500000000693e+00
5.730019999999999669e+00
5.818158750000000268e+00
5.944184999999999164e+00
6.069541250000000332e+00
6.157041249999998911e+00
6.193722499999999798e+00
6.238394999999999690e+00
6.292361249999999906e+00
6.361290000000000333e+00
6.421006249999999582e+00
6.461251249999999224e+00
6.534876249999999942e+00
6.590327499999999894e+00
6.641532500000000283e+00
6.721918750000000387e+00
6.776065000000000005e+00
6.801083750000000094e+00
6.818258749999999146e+00
6.835533749999999742e+00
6.870317499999999633e+00
6.911425000000001262e+00
6.933290000000000397e+00
6.932330000000000325e+00
6.917052500000001380e+00
6.903957499999999747e+00
6.893353750000000169e+00
6.854772500000000157e+00
6.694721250000000623e+00
6.320413750000000164e+00
5.977282500000001164e+00
5.697662499999999852e+00
5.118147500000000072e+00
4.605108749999999418e+00
4.301714999999999733e+00
4.149851250000000213e+00
4.390175000000000161e+00
4.673149999999999693e+00
1.207145000000000135e+00
1.209861249999999888e+00
1.209941249999999968e+00
5.988599999999999479e-01
5.882637499999999742e-01
