7.057687499999999545e+02
8.403980000000000246e+02
5.741113750000000664e+02
4.836355000000000359e+02
4.317953750000000355e+02
3.884462499999999636e+02
3.423507500000000050e+02
3.025702499999999304e+02
2.714493750000000318e+02
2.426923749999999984e+02
2.130971250000000055e+02
1.797313749999999857e+02
1.528461250000000007e+02
1.069824999999999875e+02
8.624111249999999984e+01
7.671907499999998947e+01
6.768993750000001342e+01
6.131381250000000449e+01
5.640658750000000765e+01
5.256080000000000041e+01
4.941407499999999686e+01
4.682621250000000401e+01
4.312843749999999687e+01
3.905746249999999975e+01
3.599492500000000206e+01
3.360491249999999752e+01
3.160797499999999971e+01
2.997044999999999959e+01
2.859328749999999530e+01
2.736706249999999585e+01
2.628785000000000238e+01
2.535106249999999761e+01
2.450801249999999953e+01
2.374746249999999748e+01
2.278937499999999972e+01
2.166852499999999893e+01
2.071770000000000067e+01
1.990763749999999987e+01
1.929592499999999688e+01
1.894893749999999955e+01
1.851361250000000069e+01
1.793437499999999929e+01
1.741558750000000089e+01
1.696781250000000085e+01
1.653220000000000312e+01
1.625309999999999988e+01
1.607536250000000067e+01
1.589931249999999885e+01
1.572321249999999893e+01
1.560885000000000034e+01
1.555669999999999931e+01
1.550551249999999825e+01
1.545351249999999865e+01
1.540154999999999852e+01
1.534994999999999976e+01
1.529805000000000170e+01
1.524611249999999885e+01
1.519468750000000057e+01
1.514277499999999854e+01
1.509126249999999914e+01
1.503948749999999990e+01
1.498772499999999930e+01
1.493582500000000124e+01
1.488416250000000041e+01
1.479326250000000087e+01
1.466415000000000290e+01
1.453487500000000132e+01
1.440520000000000067e+01
1.425018750000000090e+01
1.407195000000000107e+01
1.389237499999999947e+01
1.371085000000000065e+01
1.353097499999999975e+01
1.332467499999999916e+01
1.308906250000000071e+01
1.285318749999999888e+01
1.266123750000000214e+01
1.249773749999999950e+01
1.236164999999999914e+01
1.223111250000000005e+01
1.209912500000000080e+01
1.198492500000000049e+01
1.187870000000000026e+01
1.177667500000000089e+01
1.170703750000000021e+01
1.164192500000000052e+01
1.157905000000000051e+01
1.151431249999999906e+01
1.151431250000000084e+01
1.154091249999999924e+01
1.156902500000000167e+01
1.176943750000000044e+01
1.175145000000000195e+01
1.139517500000000183e+01
1.142033750000000047e+01
1.165332499999999882e+01
1.203058749999999932e+01
1.236856249999999946e+01
1.304583750000000109e+01
1.376034999999999897e+01
1.425945000000000107e+01
1.475745000000000040e+01
1.548257500000000064e+01
1.600972499999999954e+01
1.788501249999999843e+01
2.267203749999999829e+01
3.041282500000000155e+01
5.145773750000000035e+01
8.746848750000000905e+01
1.624073750000000018e+02
6.173253750000000082e+02
7.523243749999999636e+03
7.636155000000000655e+03
5.269181249999999181e+02
1.338156250000000114e+02
4.945790000000000219e+01
2.699021250000000194e+01
1.964679999999999893e+01
1.370475000000000243e+01
8.962659999999999627e+00
5.508746249999999733e+00
3.316726249999999876e+00
2.230357500000000215e+00
1.722428749999999953e+00
1.546694999999999931e+00
1.394511249999999869e+00
1.262876250000000145e+00
1.186011249999999961e+00
1.108868750000000070e+00
1.035173750000000004e+00
9.708757500000000373e-01
9.506360000000000365e-01
9.620773750000000124e-01
1.011185000000000000e+00
1.242521249999999799e+00
2.196837499999999554e+00
9.182828750000000539e+00
3.018967499999999973e+02
5.792402499999999677e+00
1.928045000000000009e+00
1.096810000000000063e+00
7.100261250000000635e-01
5.376791250000000355e-01
3.651788749999999584e-01
2.804768749999999589e-01
2.594828750000000017e-01
2.690123749999999703e-01
4.206353749999999780e-01
7.601793750000000216e+01
1.123092250000000014e+01
3.669662499999999938e-01
1.763803750000000059e-01
1.212829999999999880e-01
1.923877499999999963e-01
4.389082499999999953e+01
5.643306249999999835e+01
4.834733749999999830e-01
3.597259999999999902e+00
1.014966250000000209e-01
7.181500000000000661e-01
1.894710000000000036e+02
4.232329999999999259e+00
7.788865000000000371e+00
4.345803749999999965e+00
3.210536250000000091e+00
2.879218749999999716e+00
2.910241250000000085e-02
3.520931249999999846e+00
2.781405000000000349e+00
8.803821249999999043e-01
2.512351250000000036e+00
1.188034999999999952e+00
1.920679999999999943e+00
4.914696250000000211e-01
9.523825000000000207e-01
2.578803749999999777e-03
2.184943750000000184e-01
5.571703750000000371e-03
8.716086250000000257e-01
7.177033749999999213e-01
6.315796249999999779e-01
5.596181250000000773e-01
4.769616250000000002e-01
3.958476249999999808e-01
3.346726250000000014e-01
2.821488750000000212e-01
2.424713749999999890e-01
2.301128749999999945e-01
2.184562499999999907e-01
1.977607499999999852e-01
1.856458749999999602e-01
1.796502499999999836e-01
1.723297500000000038e-01
1.602194999999999869e-01
1.403763749999999977e-01
1.254988749999999820e-01
1.105905000000000082e-01
9.612906250000000097e-02
8.454520000000000091e-02
7.013027499999999193e-02
6.036107500000000015e-02
5.712405000000000954e-02
5.318180000000000129e-02
4.841948750000000384e-02
4.463236249999999461e-02
4.274310000000000609e-02
4.146996250000000578e-02
3.879524999999999640e-02
3.666474999999999596e-02
3.450998749999999865e-02
3.075102500000000127e-02
2.898132499999999528e-02
2.841092499999999660e-02
2.801936250000000225e-02
2.758728750000000174e-02
2.657528749999999926e-02
2.484802499999999928e-02
2.277145000000000211e-02
2.133149999999999977e-02
2.069659999999999903e-02
2.015250000000000374e-02
1.971190000000000095e-02
1.881316249999999760e-02
1.659104999999999955e-02
1.427020000000000025e-02
1.261498749999999912e-02
1.133261249999999859e-02
8.365606249999999258e-03
5.427268750000000322e-03
3.492100000000000152e-03
1.577171249999999910e-03
1.055410000000000115e-03
1.053541249999999938e-03
2.263558749999999972e-04
2.116452500000000011e-04
1.836427500000000130e-04
5.540899999999999753e-05
3.484424999999999762e-05
