8.500287500000000307e+01
1.033623375000000095e+02
7.240241249999999695e+01
6.208814999999999884e+01
5.624147499999999411e+01
5.139512500000000017e+01
4.628974999999999795e+01
4.192373750000000143e+01
3.853829999999999956e+01
3.543417500000000331e+01
3.226169999999999760e+01
2.871567500000000095e+01
2.587856250000000102e+01
2.108451250000000243e+01
1.892952500000000171e+01
1.794342499999999774e+01
1.700911250000000052e+01
1.634926250000000181e+01
1.584107500000000002e+01
1.544233749999999894e+01
1.511557499999999976e+01
1.484633749999999885e+01
1.446062500000000206e+01
1.403413750000000171e+01
1.371128750000000096e+01
1.345752500000000040e+01
1.324393750000000125e+01
1.306556250000000041e+01
1.291331250000000175e+01
1.278352499999999914e+01
1.266562500000000213e+01
1.256195000000000128e+01
1.246803749999999944e+01
1.238286249999999988e+01
1.227566250000000103e+01
1.215285000000000082e+01
1.205906249999999957e+01
1.199138750000000186e+01
1.196000000000000085e+01
1.200417500000000004e+01
1.238708750000000158e+01
1.319894999999999996e+01
1.260595000000000176e+01
1.181515000000000093e+01
1.157682499999999948e+01
1.150326249999999995e+01
1.146396249999999917e+01
1.142503749999999840e+01
1.138608750000000036e+01
1.136186250000000086e+01
1.135248749999999873e+01
1.134322499999999856e+01
1.133388749999999945e+01
1.132453750000000170e+01
1.131521250000000123e+01
1.130588749999999898e+01
1.129652499999999904e+01
1.128724999999999845e+01
1.127789999999999893e+01
1.126862500000000011e+01
1.125931250000000006e+01
1.124997499999999917e+01
1.124062499999999964e+01
1.123131249999999781e+01
1.121493749999999956e+01
1.119168750000000045e+01
1.116840000000000011e+01
1.114503750000000082e+01
1.111583749999999959e+01
1.108119999999999905e+01
1.104633749999999814e+01
1.101106250000000131e+01
1.097611250000000105e+01
1.093260000000000076e+01
1.087981249999999811e+01
1.082678749999999823e+01
1.077881249999999902e+01
1.073542499999999933e+01
1.069931250000000134e+01
1.065802499999999853e+01
1.061117499999999936e+01
1.057063750000000013e+01
1.053296250000000001e+01
1.049735000000000085e+01
1.045996249999999961e+01
1.042056249999999906e+01
1.038261249999999869e+01
1.034652499999999975e+01
1.031244999999999834e+01
1.029058750000000089e+01
1.027688750000000084e+01
1.025161250000000024e+01
1.017658750000000012e+01
1.008254999999999946e+01
1.000981250000000244e+01
9.866192500000000365e+00
9.731803750000000974e+00
9.652206250000000765e+00
9.534903750000001565e+00
9.435328750000000042e+00
9.380126249999998223e+00
9.333426250000000479e+00
9.273293749999998781e+00
9.234336250000000135e+00
9.124507499999999993e+00
8.939320000000000377e+00
8.770812499999999901e+00
8.575711249999997676e+00
8.423747500000001054e+00
8.316433749999999847e+00
8.185313750000000610e+00
8.081863750000000124e+00
7.991096250000000012e+00
7.888691249999999933e+00
7.773534999999998973e+00
7.623048750000000595e+00
7.511010000000000630e+00
7.431563749999999580e+00
7.334212499999999579e+00
7.201877500000000154e+00
7.015062499999999979e+00
6.799000000000000377e+00
6.599196249999999431e+00
6.455447500000000893e+00
6.391861249999999828e+00
6.325779999999999959e+00
6.258557500000000218e+00
6.211783750000000381e+00
6.154072500000000723e+00
6.090598750000000727e+00
6.005842499999999973e+00
5.944352499999999928e+00
5.897174999999999834e+00
5.845716250000000613e+00
5.766858750000000811e+00
5.687788750000000171e+00
5.616078750000000674e+00
5.540725000000001010e+00
5.463849999999999874e+00
5.411789999999999878e+00
5.356316250000000778e+00
5.291156249999999339e+00
5.227649999999999686e+00
5.066500000000000448e+00
4.887463749999999330e+00
4.737802499999999917e+00
4.580983750000000576e+00
3.651619999999999777e+01
1.984023750000000064e+02
5.963529999999999553e+00
5.329112499999999919e+00
4.955327500000000107e+00
4.615903750000000194e+00
4.403413750000000348e+00
4.273801249999999996e+00
4.189342499999999525e+00
4.140603750000000360e+00
3.833067499999999850e+00
3.561905000000000321e+00
3.505692499999999878e+00
3.463987499999999997e+00
3.394827499999999887e+00
3.299513750000000467e+00
3.169084999999999930e+00
2.954631249999999820e+00
3.575055000000000316e+00
2.686131249999999859e+00
2.864058749999999876e+00
2.284833749999999775e+00
1.333067499999999939e+01
2.571983749999999791e+00
2.599318750000000122e+00
1.202347499999999947e+01
3.496517499999999945e+00
5.830585000000001017e+00
1.247802500000000059e+01
1.236739999999999995e+01
2.099611250000000240e+01
5.862036249999999171e+00
5.395652499999999741e+00
5.808216250000000080e+00
4.390472500000000444e+00
4.735491249999999042e+00
5.556114999999999249e+00
5.693872500000000336e+00
5.421447500000000197e+00
5.209233750000000107e+00
5.140718749999999559e+00
5.072638750000000307e+00
4.946545000000000414e+00
4.867457500000000437e+00
4.826693749999999561e+00
4.786494999999999500e+00
4.727732500000000115e+00
4.696104999999999308e+00
4.761194999999999844e+00
4.887892500000000418e+00
5.136817499999999370e+00
5.417523749999999971e+00
5.638471250000000268e+00
5.774306250000000418e+00
5.827777499999998945e+00
5.890082500000000110e+00
5.956682499999999436e+00
6.037072499999999842e+00
6.104446249999999630e+00
6.149850000000000705e+00
6.232911249999999903e+00
6.295464999999999200e+00
6.358582499999999804e+00
6.471045000000000158e+00
6.560378749999999926e+00
6.605631250000000065e+00
6.636696249999999964e+00
6.672561249999999333e+00
6.761334999999998985e+00
6.878521250000000364e+00
6.988463749999999308e+00
7.070935000000000414e+00
7.102491249999999923e+00
7.118248750000001124e+00
7.130385000000000417e+00
7.133048749999999494e+00
7.046238749999998774e+00
6.713275000000000325e+00
6.388637499999999747e+00
6.104013749999999128e+00
5.375983749999999617e+00
4.695704999999999352e+00
4.361913749999999368e+00
4.274158749999999785e+00
4.568957499999999783e+00
4.841400000000000148e+00
1.234708749999999799e+00
1.231222499999999886e+00
1.221095000000000041e+00
5.908449999999999536e-01
5.693687499999999790e-01
