7.108487499999999670e+01
8.464212499999999295e+01
5.782046250000000498e+01
4.870688750000000056e+01
4.348492500000000405e+01
3.911812499999999915e+01
3.447453749999999673e+01
3.046691249999999940e+01
2.733145000000000024e+01
2.443393749999999898e+01
2.145171250000000285e+01
1.808893750000000011e+01
1.537865000000000038e+01
1.075207499999999783e+01
8.657745000000000246e+00
7.695039999999999658e+00
6.781360000000000277e+00
6.135353750000001050e+00
5.637538749999999155e+00
5.246925000000000061e+00
4.926971250000000246e+00
4.663503750000000281e+00
4.286400000000000432e+00
3.870273749999999513e+00
3.556295000000000428e+00
3.310532499999999878e+00
3.104419999999999735e+00
2.933138749999999906e+00
2.787661250000000202e+00
2.664443750000000222e+00
2.552991250000000267e+00
2.455607500000000165e+00
2.367882500000000334e+00
2.288838750000000033e+00
2.190493749999999906e+00
2.079539999999999722e+00
1.997453750000000028e+00
1.941411250000000033e+00
1.918763749999999879e+00
1.968652500000000138e+00
2.360049999999999759e+00
3.183157500000000084e+00
2.601459999999999884e+00
1.821826250000000202e+00
1.594608750000000130e+00
1.529387499999999900e+00
1.495651250000000099e+00
1.462226250000000061e+00
1.428791249999999957e+00
1.408413750000000020e+00
1.401213749999999925e+00
1.394139999999999935e+00
1.386962500000000098e+00
1.379787500000000167e+00
1.372661250000000166e+00
1.365494999999999903e+00
1.358322500000000099e+00
1.351220000000000088e+00
1.344048749999999792e+00
1.336940000000000017e+00
1.329787499999999900e+00
1.322637500000000133e+00
1.315469999999999917e+00
1.308335000000000026e+00
1.295783750000000012e+00
1.277953749999999999e+00
1.260102499999999903e+00
1.242193749999999985e+00
1.221079999999999943e+00
1.197052499999999853e+00
1.172846249999999868e+00
1.148374999999999924e+00
1.124122500000000136e+00
1.095311249999999959e+00
1.061511250000000128e+00
1.027606250000000054e+00
9.984266250000000120e-01
9.727312500000000473e-01
9.513457499999999900e-01
9.282483750000000144e-01
9.028989999999998961e-01
8.809696249999999784e-01
8.605790000000000939e-01
8.423518749999998612e-01
8.240824999999999401e-01
8.048308749999999456e-01
7.863216249999999130e-01
7.701476250000000023e-01
7.556537499999999019e-01
7.463521249999999219e-01
7.405220000000001246e-01
7.297871249999999810e-01
6.978638750000000224e-01
6.600640000000000951e-01
6.339096250000000321e-01
5.843391249999999593e-01
5.419173750000000345e-01
5.193852500000000205e-01
4.884939999999999838e-01
4.622713750000000399e-01
4.488628749999999945e-01
4.385892499999999861e-01
4.253611250000000621e-01
4.167907499999999876e-01
3.936977499999999575e-01
3.584393749999999490e-01
3.294825000000000115e-01
2.999275000000000135e-01
2.784868750000000226e-01
2.635957500000000175e-01
2.475571249999999890e-01
2.354382499999999878e-01
2.248173750000000137e-01
2.139155000000000084e-01
2.023477499999999929e-01
1.876902500000000029e-01
1.777207500000000384e-01
1.707440000000000069e-01
1.626686249999999834e-01
1.526143749999999966e-01
1.387073749999999939e-01
1.243362500000000093e-01
1.121866249999999982e-01
1.041432499999999928e-01
1.007181250000000056e-01
9.753457499999999836e-02
9.429602500000000553e-02
9.204270000000001895e-02
8.932686250000000661e-02
8.669958749999999437e-02
8.324433749999998744e-02
8.075892499999999530e-02
7.907624999999998683e-02
7.738351249999998738e-02
7.478952499999999559e-02
7.252738749999999845e-02
7.084793750000001333e-02
6.918128750000000771e-02
6.817261250000000716e-02
6.763512500000000427e-02
6.720126250000001134e-02
6.776718749999999236e-02
6.856432499999999541e-02
7.448064999999999547e-02
9.086259999999998782e-02
1.297316249999999893e-01
2.519018750000000528e-01
2.088407499999999573e+01
1.149978749999999934e+02
2.757273749999999968e-01
1.168598749999999881e-01
6.037708750000000263e-02
3.053442500000000046e-02
2.067361250000000067e-02
1.668241250000000037e-02
1.453519999999999986e-02
1.343591249999999925e-02
8.325778750000000297e-03
4.886308750000000270e-03
4.358127499999999571e-03
3.994761250000000187e-03
3.460287499999999995e-03
3.940733750000000035e-02
1.955506249999999953e-03
7.867634999999999559e-03
5.279535000000000755e-01
1.018089999999999924e-03
2.524473749999999739e-01
1.474691249999999787e-01
3.790733749999999902e-01
5.228671249999999274e-04
1.244819999999999954e-01
3.735273749999999948e-01
4.447111249999999988e-03
2.409139999999999893e-01
1.839621249999999764e-01
1.430584999999999773e-01
1.498602500000000004e-01
1.062618750000000056e-01
1.049998749999999925e-01
1.457600000000000007e-01
5.225971249999999957e-02
4.685454999999999481e-02
3.892804999999999876e-02
4.050492499999999718e-02
3.315767500000000451e-02
2.799015000000000183e-02
2.646193750000000455e-02
2.509167500000000078e-02
2.265821250000000023e-02
2.122610000000000122e-02
2.052168750000000000e-02
1.985878749999999901e-02
1.892621249999999755e-02
1.628592499999999971e-02
1.430853749999999938e-02
1.224026249999999975e-02
9.212521250000001161e-03
8.145052499999999585e-03
7.677181249999999804e-03
7.486001250000000676e-03
7.436772500000000952e-03
7.386624999999999094e-03
7.356237499999999582e-03
7.356757499999999964e-03
7.379069999999998859e-03
7.394108750000000403e-03
7.474626249999998841e-03
7.553079999999999343e-03
7.647587500000000565e-03
7.851456250000001316e-03
8.049370000000000136e-03
8.158645000000000827e-03
8.233662500000000703e-03
8.324642499999999889e-03
8.564721250000000702e-03
8.999928750000000394e-03
9.511138749999998449e-03
9.893672500000000661e-03
9.945603750000000381e-03
9.950729999999997910e-03
9.954875000000000182e-03
9.995521250000000135e-03
9.551195000000000171e-03
7.574701250000000392e-03
6.182533750000000078e-03
5.271526250000000205e-03
2.904871249999999711e-03
1.088362500000000007e-03
5.996621249999999808e-04
2.445933750000000000e-04
3.592450000000000070e-04
8.538896250000000332e-04
2.532237499999999961e-04
2.504475000000000039e-04
2.481005000000000211e-04
1.260725000000000029e-04
1.316099999999999952e-04
