1.391810000000000080e+01
1.872012500000000301e+01
1.458195000000000086e+01
1.338123749999999923e+01
1.275657499999999978e+01
1.227699999999999925e+01
1.181521249999999945e+01
1.145683749999999890e+01
1.120686249999999973e+01
1.100022500000000036e+01
1.080998750000000008e+01
1.062672500000000042e+01
1.049989999999999846e+01
1.033246250000000011e+01
1.027178750000000029e+01
1.024839999999999840e+01
1.022775000000000034e+01
1.021392499999999970e+01
1.020353749999999948e+01
1.019539999999999935e+01
1.018859999999999921e+01
1.018283750000000154e+01
1.017420000000000080e+01
1.016387499999999910e+01
1.015498750000000072e+01
1.014700000000000024e+01
1.013951250000000037e+01
1.013242500000000312e+01
1.012563749999999985e+01
1.011908750000000090e+01
1.011261250000000089e+01
1.010634999999999906e+01
1.010018750000000054e+01
1.009404999999999930e+01
1.008516249999999914e+01
1.007330000000000148e+01
1.006162499999999937e+01
1.004998749999999852e+01
1.004122500000000073e+01
1.003552499999999981e+01
1.002705000000000091e+01
1.001580000000000048e+01
1.000451250000000059e+01
9.993325000000000458e+00
9.982224999999999682e+00
9.973869999999999791e+00
9.968311249999999291e+00
9.962802500000000450e+00
9.957296250000000626e+00
9.953438749999998336e+00
9.951247499999999135e+00
9.949096250000000197e+00
9.946910000000002583e+00
9.944728749999999451e+00
9.942557500000001269e+00
9.940377500000000310e+00
9.938193749999998161e+00
9.936032500000001377e+00
9.933851250000001798e+00
9.931685000000001651e+00
9.929508750000001882e+00
9.927332499999998561e+00
9.925151249999998981e+00
9.922981249999999420e+00
9.919158749999999358e+00
9.913733749999998679e+00
9.908300000000000551e+00
9.902849999999999042e+00
9.894763750000000968e+00
9.884166249999999820e+00
9.873486250000000908e+00
9.862690000000000623e+00
9.851992499999999708e+00
9.837288749999999027e+00
9.818303749999998331e+00
9.799177500000000762e+00
9.780390000000000583e+00
9.762689999999999202e+00
9.747956249999999656e+00
9.729778749999999476e+00
9.708277499999999449e+00
9.689676249999999769e+00
9.672372499999999818e+00
9.654994999999999550e+00
9.635880000000000223e+00
9.615735000000000809e+00
9.596285000000001730e+00
9.576387500000000941e+00
9.556803750000000264e+00
9.544234999999998692e+00
9.536357499999999376e+00
9.521852500000001385e+00
9.478718749999998749e+00
9.422496250000001794e+00
9.375893749999999471e+00
9.281852500000001172e+00
9.189887499999999321e+00
9.132820000000000604e+00
9.046409999999999840e+00
8.973061249999998878e+00
8.931263749999999391e+00
8.894836250000000888e+00
8.847931249999998471e+00
8.817546249999999475e+00
8.730807500000000942e+00
8.580885000000000318e+00
8.441328749999998493e+00
8.275783749999998662e+00
8.145262499999999406e+00
8.052841250000000173e+00
7.937756249999999625e+00
7.846427500000000776e+00
7.766280000000000072e+00
7.674776249999999855e+00
7.571187499999999737e+00
7.435356249999999889e+00
7.333287499999999071e+00
7.260821249999999338e+00
7.171547499999999076e+00
7.049263749999999717e+00
6.876356249999998838e+00
6.674666249999999579e+00
6.487009999999999721e+00
6.351303750000000470e+00
6.291142500000000304e+00
6.228246249999999762e+00
6.164261250000000025e+00
6.119741250000000576e+00
6.064743749999998990e+00
6.003898750000000284e+00
5.922600000000000087e+00
5.863591249999999810e+00
5.818100000000000271e+00
5.768332499999999641e+00
5.692072500000000090e+00
5.615261250000000537e+00
5.545230000000000103e+00
5.471543750000000372e+00
5.395674999999998889e+00
5.344157500000000560e+00
5.289117500000000582e+00
5.223390000000000200e+00
5.159085000000000143e+00
4.992018749999999727e+00
4.796602500000000546e+00
4.608068750000000158e+00
4.329081250000000658e+00
1.563211249999999986e+01
8.340467499999999745e+01
5.687803749999999603e+00
5.212251249999999558e+00
4.894951249999999199e+00
4.585367500000000263e+00
4.382740000000000080e+00
4.257119999999999571e+00
4.174808750000000401e+00
4.127166250000000147e+00
3.824741249999999759e+00
3.557020000000000071e+00
3.501333750000000578e+00
3.459992500000000248e+00
3.391367500000000312e+00
3.260104999999999809e+00
3.167128749999999826e+00
2.946762500000000173e+00
3.047103750000000222e+00
2.685112499999999791e+00
2.611612500000000114e+00
2.137368749999999817e+00
1.295161249999999953e+01
2.571461249999999588e+00
2.474835000000000118e+00
1.164996249999999911e+01
3.492070000000000451e+00
5.589667500000000899e+00
1.229405000000000037e+01
1.222433750000000074e+01
2.084624999999999773e+01
5.755774999999998975e+00
5.290651249999999806e+00
5.662453750000000063e+00
4.338213750000000424e+00
4.688637500000000458e+00
5.517186249999999959e+00
5.653366250000000370e+00
5.388290000000000468e+00
5.181243750000000148e+00
5.114254999999999995e+00
5.047546249999999901e+00
4.923884999999999401e+00
4.846232499999999277e+00
4.806172500000000625e+00
4.766636249999999464e+00
4.708803749999999511e+00
4.679818750000000804e+00
4.746888750000000101e+00
4.830429999999999779e+00
4.918068749999999767e+00
5.131138750000000748e+00
5.313927500000000137e+00
5.427696250000000333e+00
5.472173749999999615e+00
5.523649999999999949e+00
5.577531249999999829e+00
5.640602499999999964e+00
5.692293750000001040e+00
5.727132500000000626e+00
5.789111249999999487e+00
5.835195000000000576e+00
5.881787499999999724e+00
5.965079999999999494e+00
6.032252500000000239e+00
6.066548750000000823e+00
6.090092499999999909e+00
6.117683750000000309e+00
6.187262500000000109e+00
6.278748750000000101e+00
6.364262500000000600e+00
6.418433750000000160e+00
6.364411249999999853e+00
6.322918749999999477e+00
6.289362500000000189e+00
6.170449999999999768e+00
5.741060000000000052e+00
5.083786250000000173e+00
4.611164999999999736e+00
4.196373749999999347e+00
3.150321249999999740e+00
2.416663750000000110e+00
2.165697499999999831e+00
2.132257500000000139e+00
2.405363750000000245e+00
2.691380000000000106e+00
7.036225000000000396e-01
7.008199999999999985e-01
6.912500000000000311e-01
3.261625000000000218e-01
3.052587500000000231e-01
