1.302518750000000125e+01
1.684256249999999966e+01
1.264797500000000063e+01
1.137166250000000112e+01
1.069082500000000024e+01
1.015793749999999918e+01
9.635012500000000202e+00
9.222574999999999079e+00
8.931206249999998903e+00
8.688546249999999915e+00
8.464257500000000434e+00
8.247903749999998979e+00
8.098352500000000731e+00
7.887925000000000963e+00
7.775708749999999725e+00
7.698402500000000259e+00
7.617758750000000134e+00
7.561216250000000194e+00
7.518677499999999903e+00
7.486362499999999365e+00
7.460099999999999731e+00
7.438547500000001200e+00
7.408941249999999812e+00
7.377078749999999907e+00
7.353335000000000399e+00
7.334908750000000310e+00
7.320240000000000080e+00
7.307797499999999502e+00
7.297602499999999104e+00
7.288828750000000412e+00
7.281168750000000855e+00
7.274395000000000167e+00
7.268288749999999077e+00
7.262832500000000024e+00
7.255998750000000719e+00
7.247946250000000035e+00
7.241073750000000864e+00
7.235196250000000440e+00
7.231387500000000301e+00
7.229046250000000562e+00
7.225696249999999488e+00
7.222029999999999283e+00
7.218451250000000208e+00
7.214966249999999803e+00
7.212172499999999431e+00
7.210176250000000842e+00
7.208845000000000169e+00
7.207527500000000309e+00
7.206243749999999615e+00
7.205442500000001083e+00
7.205006250000001167e+00
7.204578750000000475e+00
7.204146249999999974e+00
7.203710000000000058e+00
7.203298749999999195e+00
7.202896250000000222e+00
7.202496249999999378e+00
7.202098750000000216e+00
7.201697500000000751e+00
7.201326250000000151e+00
7.200963750000000552e+00
7.200600000000000556e+00
7.200234999999999275e+00
7.199873750000000072e+00
7.199238750000000131e+00
7.198332500000000245e+00
7.197533749999999841e+00
7.196781249999999908e+00
7.195653750000000848e+00
7.194166250000000318e+00
7.192675000000000374e+00
7.191351250000001194e+00
7.190135000000000609e+00
7.188471249999999202e+00
7.186702499999999993e+00
7.185048750000000872e+00
7.183408749999999898e+00
7.181853749999999259e+00
7.180562500000000625e+00
7.179289999999999949e+00
7.177977499999999900e+00
7.176843749999999744e+00
7.175789999999999225e+00
7.174714999999999954e+00
7.173562500000000064e+00
7.172673749999999515e+00
7.171885000000000510e+00
7.171066249999999975e+00
7.170248749999999838e+00
7.169723749999999285e+00
7.169400000000000439e+00
7.168792500000000345e+00
7.167004999999999626e+00
7.165042500000000203e+00
7.163687499999999986e+00
7.161168750000000749e+00
7.159051250000000088e+00
7.157858749999999937e+00
7.156301250000000280e+00
7.155108750000000128e+00
7.154518749999999372e+00
7.154023750000000348e+00
7.153387500000000898e+00
7.152971249999998449e+00
7.151830000000001242e+00
7.150151249999998626e+00
7.148777499999999563e+00
7.147326249999999881e+00
7.146291249999999984e+00
7.145646250000000421e+00
7.144863749999999847e+00
7.144277500000001169e+00
7.143811250000001500e+00
7.143298749999999586e+00
7.142699999999999605e+00
7.141972499999999613e+00
7.141465000000000174e+00
7.141101250000000178e+00
7.140690000000000204e+00
7.140202500000000008e+00
7.139499999999999957e+00
7.138601250000000675e+00
7.137814999999999799e+00
7.137340000000000018e+00
7.137125000000000163e+00
7.136882499999998686e+00
7.136635000000000062e+00
7.136459999999999582e+00
7.136243750000000219e+00
7.136009999999999742e+00
7.135750000000000703e+00
7.135566250000000110e+00
7.135412500000000158e+00
7.135242499999998600e+00
7.134979999999999656e+00
7.134709999999999219e+00
7.134450000000000180e+00
7.134195000000000064e+00
7.133949999999999569e+00
7.133786249999999107e+00
7.133616249999999326e+00
7.133418750000000585e+00
7.133226249999999879e+00
7.132761249999998832e+00
7.132281250000000128e+00
7.131923749999999451e+00
7.131568749999999568e+00
7.131188750000001519e+00
7.130732500000000584e+00
7.130329999999998947e+00
7.130049999999998889e+00
7.129582500000000600e+00
7.128791250000000801e+00
7.128041249999999884e+00
7.127466250000000336e+00
7.127034999999999343e+00
7.126759999999999096e+00
7.124558750000000273e+00
7.122083749999999824e+00
7.121400000000000396e+00
7.120856250000000109e+00
7.119877500000000303e+00
7.117622499999999519e+00
7.115660000000000096e+00
7.108498749999999866e+00
7.096903750000000066e+00
7.092592500000000300e+00
7.083860000000000490e+00
7.066859999999999253e+00
7.044242500000000184e+00
7.023601250000000462e+00
7.005412500000000264e+00
6.943446249999999154e+00
6.849736250000000304e+00
6.421287500000000037e+00
1.326011250000000175e+01
7.461812500000000625e+00
6.992542499999998995e+00
6.851866249999999603e+00
1.036007500000000014e+01
8.274097499999999883e+00
9.723636250000001979e+00
9.562026250000000616e+00
8.961657499999999388e+00
8.903078749999998820e+00
8.887819999999999609e+00
6.819425000000000736e+00
8.113507500000000761e+00
1.103258749999999822e+01
9.923372500000001040e+00
7.473493750000000269e+00
1.004836625000000083e+01
1.086091249999999775e+01
9.039219999999998478e+00
9.153777499999998568e+00
9.264322499999998684e+00
7.828543749999999690e+00
8.222952500000001663e+00
8.643971249999999884e+00
8.711708750000001444e+00
9.010072499999999707e+00
8.631228750000000005e+00
8.903201250000000400e+00
8.342387499999999179e+00
9.016667500000000501e+00
7.869361249999999863e+00
7.931999999999999496e+00
7.784433749999999819e+00
7.736063750000000461e+00
7.559635000000000105e+00
7.238062500000000732e+00
6.992191250000000302e+00
6.870335000000000747e+00
6.786681250000000887e+00
6.694721250000000623e+00
6.435164999999998692e+00
6.074024999999998897e+00
5.756802500000000045e+00
5.536926249999999605e+00
5.385358749999999972e+00
5.267711249999999623e+00
5.178071249999999459e+00
5.035868750000000560e+00
4.385716249999999761e+00
3.312941250000000171e+00
2.849019999999999886e+00
2.635162499999999852e+00
2.198566249999999833e+00
2.101958750000000098e+00
2.213211250000000074e+00
2.469193750000000076e+00
2.618853749999999980e+00
2.558466249999999942e+00
5.777674999999999894e-01
5.612025000000000485e-01
5.354087499999999888e-01
2.403637499999999871e-01
2.200624999999999942e-01
