1.009258750000000049e+01
1.201696250000000177e+01
8.209841250000000201e+00
6.916027499999999328e+00
6.174708750000000634e+00
5.554807499999999898e+00
4.895626250000000290e+00
4.326736249999999728e+00
3.881650000000000045e+00
3.470330000000000137e+00
3.046942500000000109e+00
2.569448750000000281e+00
2.184566250000000043e+00
1.527672499999999989e+00
1.230183750000000131e+00
1.094011249999999880e+00
9.642726250000001054e-01
8.728433749999999769e-01
8.022957500000000852e-01
7.474083750000000137e-01
7.019861249999999053e-01
6.640917499999999807e-01
6.110207500000000014e-01
5.526095000000000868e-01
5.080829999999999513e-01
4.728747499999999548e-01
4.443793750000000209e-01
4.199239999999999640e-01
3.996113749999999909e-01
3.819453749999999759e-01
3.663719999999999755e-01
3.525082499999999675e-01
3.399349999999999872e-01
3.286096249999999608e-01
3.142854999999999954e-01
2.972670000000000035e-01
2.825989999999999891e-01
2.699402500000000482e-01
2.616543749999999946e-01
2.565393750000000139e-01
2.492051249999999996e-01
2.410866249999999988e-01
2.331455000000000055e-01
2.254077500000000178e-01
2.191319999999999935e-01
2.146328750000000007e-01
2.116352500000000247e-01
2.086656249999999935e-01
2.057704999999999673e-01
2.039508749999999759e-01
2.029566250000000016e-01
2.019798750000000032e-01
2.009887499999999938e-01
1.999984999999999957e-01
1.990557500000000035e-01
1.981336250000000077e-01
1.972114999999999840e-01
1.962980000000000003e-01
1.953781250000000136e-01
1.945241249999999922e-01
1.936902500000000082e-01
1.928563749999999966e-01
1.920206250000000281e-01
1.911884999999999835e-01
1.897244999999999904e-01
1.876513750000000091e-01
1.857976249999999940e-01
1.840497499999999842e-01
1.814292499999999864e-01
1.779738750000000036e-01
1.745036249999999955e-01
1.714092500000000130e-01
1.685520000000000074e-01
1.646538750000000051e-01
1.604712500000000097e-01
1.565438749999999990e-01
1.526483749999999751e-01
1.489622499999999905e-01
1.458943749999999928e-01
1.428345000000000309e-01
1.396499999999999964e-01
1.368951250000000064e-01
1.343323750000000039e-01
1.317292499999999922e-01
1.289297499999999819e-01
1.267349999999999866e-01
1.247887500000000177e-01
1.227599999999999941e-01
1.207441250000000077e-01
1.194502500000000078e-01
1.186393749999999914e-01
1.171462499999999796e-01
1.127230000000000038e-01
1.078426249999999975e-01
1.044477500000000059e-01
9.810299999999999576e-02
9.273494999999999655e-02
8.969223750000000772e-02
8.571783750000000479e-02
8.266468750000000032e-02
8.114877500000000632e-02
7.986507499999999371e-02
7.821220000000000949e-02
7.714132499999999670e-02
7.418041249999998699e-02
6.983288749999999601e-02
6.625349999999999295e-02
6.246722500000000122e-02
5.977632500000000515e-02
5.809281250000000035e-02
5.605112500000000025e-02
5.452567499999999567e-02
5.332348749999999554e-02
5.201131250000000372e-02
5.047539999999999666e-02
4.861142499999999977e-02
4.731360000000000426e-02
4.638796249999999760e-02
4.535298750000000406e-02
4.413967499999999627e-02
4.239279999999999438e-02
4.016734999999999750e-02
3.825486250000000726e-02
3.714608750000000098e-02
3.664151250000000082e-02
3.607263749999999741e-02
3.549392500000000256e-02
3.509124999999999744e-02
3.458632499999999416e-02
3.405531249999999704e-02
3.349373749999999539e-02
3.308724999999999861e-02
3.275753750000000297e-02
3.238649999999999862e-02
3.181791249999999655e-02
3.122688750000000152e-02
3.066798750000000046e-02
3.012253749999999758e-02
2.961818750000000042e-02
2.929103750000000214e-02
2.895049999999999707e-02
2.856672500000000114e-02
2.819638749999999611e-02
2.731499999999999900e-02
2.643478750000000099e-02
2.579759999999999692e-02
2.520137500000000155e-02
2.457070000000000087e-02
2.381182500000000174e-02
2.318790000000000087e-02
2.278352500000000239e-02
2.210128749999999698e-02
2.102527499999999952e-02
2.010877499999999887e-02
1.947771250000000093e-02
1.900313749999999954e-02
1.870111250000000211e-02
1.673236250000000036e-02
1.488828749999999805e-02
1.448367499999999794e-02
1.419666250000000025e-02
1.370438749999999990e-02
1.271814999999999925e-02
1.202029999999999939e-02
1.017916250000000175e-02
8.334328749999999827e-03
7.907815000000000330e-03
7.259862500000000343e-03
6.392111249999999668e-03
5.727352499999999527e-03
5.348859999999999552e-03
5.156138749999999819e-03
4.993309999999999936e-03
5.414557500000000134e-03
2.105179999999999899e-02
1.443697500000000078e+00
6.637387499999999885e-02
4.469862499999999531e-03
3.644870000000000054e-02
1.252092500000000219e-02
3.537610000000000060e-02
5.620232499999999742e-02
5.443119999999999209e-02
2.931214999999999862e-02
2.873957499999999984e-02
2.354023750000000179e-02
6.306332500000001035e-03
2.818882499999999722e-02
2.317335000000000228e-02
1.719309999999999589e-02
9.474256250000000212e-03
1.523660000000000118e-02
2.471199999999999786e-02
1.386118750000000198e-02
1.457691250000000063e-02
1.375743750000000057e-02
7.228363750000000275e-03
6.816413750000000805e-03
6.537295000000000258e-03
6.280056250000000742e-03
6.123713750000000719e-03
6.091509999999999633e-03
6.052291250000000310e-03
6.004914999999999559e-03
5.975033749999998992e-03
5.967715000000000172e-03
5.962783749999998884e-03
5.999241249999999644e-03
6.041984999999999717e-03
6.105683750000000243e-03
6.266757500000000140e-03
6.443504999999999545e-03
6.545288749999999406e-03
6.615162499999999689e-03
6.463858750000000750e-03
5.378503750000000229e-03
4.638022499999999194e-03
4.643218750000000644e-03
4.741262500000001032e-03
4.850697499999999905e-03
4.944482500000000648e-03
5.020424999999999367e-03
4.996260000000000631e-03
4.587766249999999935e-03
3.729006250000000289e-03
3.647815000000000432e-03
3.710497499999999838e-03
3.024434999999999797e-03
2.061729999999999900e-03
1.154786249999999962e-03
6.940158750000000563e-04
9.587482500000000206e-04
1.133204999999999759e-03
1.982078750000000221e-04
1.729354999999999911e-04
1.362199999999999934e-04
3.523312500000000158e-05
1.812574999999999836e-05
