2.311776249999999777e+01
2.885953750000000184e+01
2.085783750000000225e+01
1.828770000000000095e+01
1.686551249999999769e+01
1.571273750000000113e+01
1.453063749999999921e+01
1.354931249999999920e+01
1.281286249999999960e+01
1.215886249999999791e+01
1.151121250000000096e+01
1.081735000000000113e+01
1.028289999999999971e+01
9.415596250000000111e+00
9.005893750000000253e+00
8.792408749999999884e+00
8.582029999999999603e+00
8.434060000000000556e+00
8.320972499999998107e+00
8.233769999999999811e+00
8.162086249999999765e+00
8.102641249999999573e+00
8.019961249999997932e+00
7.929688749999999509e+00
7.861419999999998964e+00
7.807785000000000863e+00
7.764617499999999950e+00
7.727719999999999700e+00
7.697213749999999521e+00
7.670777500000000693e+00
7.647539999999999338e+00
7.626902499999999918e+00
7.608226249999998636e+00
7.591442500000000315e+00
7.570281249999999851e+00
7.545212499999999878e+00
7.523671250000000477e+00
7.505138749999998637e+00
7.493042499999999606e+00
7.485583749999999092e+00
7.474901250000001163e+00
7.463116249999999674e+00
7.451597500000000096e+00
7.440372499999999611e+00
7.431305000000000049e+00
7.424807499999998228e+00
7.420478750000000012e+00
7.416192500000000187e+00
7.412014999999999354e+00
7.409393749999999557e+00
7.407962500000000894e+00
7.406559999999999810e+00
7.405135000000001355e+00
7.403710000000001124e+00
7.402354999999999130e+00
7.401032499999999459e+00
7.399708750000000279e+00
7.398394999999999833e+00
7.397076250000000464e+00
7.395848750000000749e+00
7.394652499999999407e+00
7.393458750000000634e+00
7.392257499999999482e+00
7.391061249999999028e+00
7.388961249999999481e+00
7.385985000000000689e+00
7.383329999999999949e+00
7.380831249999999955e+00
7.377082500000000209e+00
7.372141250000000312e+00
7.367179999999999396e+00
7.362761250000000146e+00
7.358683749999999968e+00
7.353124999999999467e+00
7.347175000000000900e+00
7.341589999999999172e+00
7.336056250000000389e+00
7.330818750000001494e+00
7.326457500000000067e+00
7.322126250000001058e+00
7.317628750000000792e+00
7.313741249999999638e+00
7.310121249999999016e+00
7.306447500000000872e+00
7.302495000000000402e+00
7.299407499999999160e+00
7.296672499999999673e+00
7.293826250000001288e+00
7.290992499999998877e+00
7.289176250000000579e+00
7.288037500000001501e+00
7.285938749999999686e+00
7.279727499999999907e+00
7.272886250000000885e+00
7.268138749999999426e+00
7.259272499999999795e+00
7.251786249999999434e+00
7.247548749999999096e+00
7.242018750000000615e+00
7.237772499999998388e+00
7.235668749999999427e+00
7.233891250000000106e+00
7.231597499999999457e+00
7.230113749999999229e+00
7.226012499999999505e+00
7.219987500000000225e+00
7.215033749999999912e+00
7.209793750000001111e+00
7.206068749999999135e+00
7.203741250000000207e+00
7.200916249999999685e+00
7.198803749999999724e+00
7.197137499999999299e+00
7.195312500000000000e+00
7.193177500000000002e+00
7.190584999999999560e+00
7.188778749999999995e+00
7.187491249999999887e+00
7.186046249999999525e+00
7.184341250000001011e+00
7.181892500000000013e+00
7.178767499999999302e+00
7.176071250000000568e+00
7.174487500000000573e+00
7.173767499999999409e+00
7.172953750000000461e+00
7.172126249999999814e+00
7.171552500000000663e+00
7.170828750000000085e+00
7.170067500000000926e+00
7.169248749999999504e+00
7.168653750000000713e+00
7.168171250000000327e+00
7.167630000000000834e+00
7.166800000000000281e+00
7.165936250000000562e+00
7.165118750000000425e+00
7.164317500000000116e+00
7.163566249999999691e+00
7.163076249999999590e+00
7.162564999999999849e+00
7.161986249999999998e+00
7.161423749999999977e+00
7.160076249999999476e+00
7.158716250000001224e+00
7.157721249999999813e+00
7.156770000000000742e+00
7.155761250000000295e+00
7.154543750000000202e+00
7.153516250000000021e+00
7.152836249999999119e+00
7.151682500000000609e+00
7.149816250000000650e+00
7.148149999999999338e+00
7.146945000000000547e+00
7.146038750000000661e+00
7.145461250000000319e+00
7.141291250000000090e+00
7.136969999999999814e+00
7.135883749999999637e+00
7.135051250000000067e+00
7.133579999999999366e+00
7.130341250000000741e+00
7.127681249999999302e+00
7.118674999999999642e+00
7.105237499999999429e+00
7.100499999999999368e+00
7.091120000000000978e+00
7.073252499999999721e+00
7.049968749999998785e+00
7.028951250000000428e+00
7.010566249999999222e+00
6.948438750000000219e+00
6.855148749999999680e+00
6.442337499999998940e+00
1.470381249999999973e+01
7.528186249999999191e+00
6.997012500000000301e+00
6.888317500000000315e+00
1.037258750000000163e+01
8.309474999999999056e+00
9.779838749999999692e+00
9.616457499999999214e+00
8.990971249999999415e+00
8.931820000000000093e+00
8.911361250000000567e+00
6.825729999999999187e+00
8.141695000000000348e+00
1.105574999999999974e+01
9.940566249999999826e+00
7.482967499999999994e+00
1.006359625000000158e+01
1.088562500000000099e+01
9.053082500000000366e+00
9.168355000000000032e+00
9.278081250000001390e+00
7.835773750000000426e+00
8.229771250000000649e+00
8.650511250000000985e+00
8.717991250000000747e+00
9.016196250000000134e+00
8.637319999999998998e+00
8.909253749999999528e+00
8.348392499999999217e+00
9.022645000000000692e+00
7.875328750000000433e+00
7.937963750000000651e+00
7.790429999999999744e+00
7.742103749999999174e+00
7.565739999999999910e+00
7.244328750000000205e+00
6.998636250000001446e+00
6.876878749999999485e+00
6.793296249999999148e+00
6.701208750000000158e+00
6.484869999999999912e+00
6.173132500000000356e+00
5.883122499999999810e+00
5.682852500000000973e+00
5.546367499999999673e+00
5.441958750000000400e+00
5.363184999999999647e+00
5.240312499999999929e+00
4.937569999999999126e+00
4.483724999999999739e+00
4.211030000000000939e+00
4.059892499999999238e+00
3.818102500000000177e+00
3.740698749999999517e+00
3.883372499999999672e+00
4.201808749999999648e+00
4.318156250000000362e+00
4.183552499999999341e+00
9.792087499999999611e-01
9.645587500000000203e-01
9.423725000000000573e-01
4.470525000000000193e-01
4.290100000000000025e-01
