1.191624999999999801e+01
1.516113750000000060e+01
1.118267499999999970e+01
9.934507499999998714e+00
9.253387500000000543e+00
8.707891249999999417e+00
8.156098749999999953e+00
7.704466250000000294e+00
7.370486249999999906e+00
7.077939999999999898e+00
6.791987500000000288e+00
6.491002499999999564e+00
6.262925000000000963e+00
5.908244999999999969e+00
5.758822499999999955e+00
5.693786249999999605e+00
5.633561249999999632e+00
5.591965000000000074e+00
5.560477499999999296e+00
5.536103750000000545e+00
5.516333750000000258e+00
5.500210000000000932e+00
5.477378749999999741e+00
5.452481249999999946e+00
5.433901249999999905e+00
5.419474999999999376e+00
5.407463749999999791e+00
5.397534999999999528e+00
5.389127499999999849e+00
5.382022499999999710e+00
5.375607500000000094e+00
5.370007499999998934e+00
5.364957499999999158e+00
5.360391250000001051e+00
5.354617499999998920e+00
5.347834999999999894e+00
5.342046250000000995e+00
5.337073750000000061e+00
5.333323749999999919e+00
5.331172500000000092e+00
5.328442500000000415e+00
5.324811249999999774e+00
5.321523749999999886e+00
5.318646249999999576e+00
5.315834999999999866e+00
5.313996249999999755e+00
5.312818749999999923e+00
5.311651250000000601e+00
5.310485000000000788e+00
5.309719999999999551e+00
5.309355000000000047e+00
5.308998749999999767e+00
5.308636249999999279e+00
5.308271249999999775e+00
5.307912499999999589e+00
5.307549999999999990e+00
5.307189999999999408e+00
5.306831249999999223e+00
5.306467500000000115e+00
5.306108749999999930e+00
5.305747500000000727e+00
5.305387500000000145e+00
5.305024999999999658e+00
5.304666250000000360e+00
5.304028750000000514e+00
5.303130000000000344e+00
5.302228749999999380e+00
5.301325000000000287e+00
5.300191250000000132e+00
5.298841249999999725e+00
5.297481250000000585e+00
5.296103750000000332e+00
5.294745000000000701e+00
5.293092500000000200e+00
5.291123750000000570e+00
5.289148749999999843e+00
5.287421249999999517e+00
5.285879999999999690e+00
5.284601249999999695e+00
5.283266249999999609e+00
5.281829999999999359e+00
5.280591250000000514e+00
5.279438749999999736e+00
5.278265000000000207e+00
5.276966250000000080e+00
5.275594999999999146e+00
5.274277500000000174e+00
5.273153750000000528e+00
5.272156250000000099e+00
5.271518749999999365e+00
5.271117499999999900e+00
5.270380000000000287e+00
5.268186249999999404e+00
5.265513750000000215e+00
5.263549999999999507e+00
5.259726249999999936e+00
5.256267499999999870e+00
5.254282500000000411e+00
5.251412499999999817e+00
5.248972499999999819e+00
5.247639999999999638e+00
5.246529999999999916e+00
5.245102499999999779e+00
5.244175000000000253e+00
5.241571249999999793e+00
5.237193750000000314e+00
5.233192499999999470e+00
5.228471250000000126e+00
5.224752499999999245e+00
5.222112499999999713e+00
5.218758749999999225e+00
5.216083750000000130e+00
5.213734999999999786e+00
5.210970000000000546e+00
5.207792500000000047e+00
5.203562500000000313e+00
5.200263750000000407e+00
5.197910000000000252e+00
5.194914999999999949e+00
5.190630000000000521e+00
5.184482499999999661e+00
5.176819999999999311e+00
5.169315000000000104e+00
5.163643750000000310e+00
5.161055000000000170e+00
5.158136250000000089e+00
5.155167499999999237e+00
5.153102499999999253e+00
5.150526250000000417e+00
5.147553750000000150e+00
5.143565000000000609e+00
5.140657499999999658e+00
5.138296249999999787e+00
5.135643750000000729e+00
5.131576250000000172e+00
5.127427500000001359e+00
5.123588749999999692e+00
5.119551250000000664e+00
5.115412500000000584e+00
5.112607500000000194e+00
5.109632500000000022e+00
5.106250000000001066e+00
5.103173749999998954e+00
5.098002499999999770e+00
5.102822499999999373e+00
5.613472500000000309e+00
2.344890000000000185e+01
5.124368750000000361e+00
5.051548750000000254e+00
5.032930000000000348e+00
5.022497500000000059e+00
5.006808750000000252e+00
4.980187500000000433e+00
4.953133750000000113e+00
4.931194999999999773e+00
4.914394999999999847e+00
4.903629999999999711e+00
4.794203750000000319e+00
4.617512500000000131e+00
4.507521249999999924e+00
4.361916250000000161e+00
2.325156249999999858e+01
4.866235000000000532e+00
4.651851249999999993e+00
5.058240000000000514e+00
3.635217500000000257e+01
6.007513750000000208e+00
4.922336250000000746e+00
1.921818749999999909e+01
6.681988749999999477e+00
2.809922499999999701e+01
1.482892500000000169e+01
6.998048750000001483e+00
4.120183749999999812e+00
7.543878750000000188e+00
4.570068749999999902e+00
6.741957499999998937e+00
2.254855000000000054e+00
2.871788749999999979e+01
2.156059999999999732e+01
9.236388749999999703e+00
7.585447499999999899e+00
6.810533750000001163e+00
6.851173750000000062e+00
6.920787499999999426e+00
7.057814999999999728e+00
7.199372499999999953e+00
7.253798749999999629e+00
7.316426249999999243e+00
7.440967500000000179e+00
7.526009999999999422e+00
7.577581249999999713e+00
7.689049999999999940e+00
7.921641249999999523e+00
8.284596249999999884e+00
8.397386249999998498e+00
8.445472499999999272e+00
8.485267499999999075e+00
8.355902500000000899e+00
8.170543750000000216e+00
8.035940000000000083e+00
7.975609999999999644e+00
7.902927500000000549e+00
7.815895000000000259e+00
7.697468749999999638e+00
7.592912500000000620e+00
7.522551250000000245e+00
7.386542500000000011e+00
7.282104999999999606e+00
7.179947500000000815e+00
7.003742499999999538e+00
6.870142500000000041e+00
6.804106250000000244e+00
6.758761250000000054e+00
6.708073749999999613e+00
6.587312500000000348e+00
6.409830000000000361e+00
6.226799999999999891e+00
6.080686249999999404e+00
5.974571249999999445e+00
5.891144999999999854e+00
5.823624999999999829e+00
5.705633749999999615e+00
5.393136250000000409e+00
4.894436249999999156e+00
4.567641250000000319e+00
4.345628750000000373e+00
3.965396249999999956e+00
3.782237499999999919e+00
3.852797500000000319e+00
4.050845000000000695e+00
4.216289999999998983e+00
4.243182500000000523e+00
1.026898749999999971e+00
1.016331249999999908e+00
9.996774999999999967e-01
4.824387500000000273e-01
4.681637499999999896e-01
