3.704703749999999740e+00
4.411292500000000061e+00
3.013459999999999805e+00
2.538506250000000186e+00
2.266364999999999963e+00
2.038797499999999818e+00
1.796804999999999763e+00
1.587956250000000180e+00
1.424564999999999859e+00
1.273578749999999760e+00
1.118178749999999999e+00
9.429570000000000451e-01
8.017392499999999034e-01
5.607353750000000359e-01
4.516709999999999336e-01
4.015680000000000360e-01
3.540068749999999986e-01
3.203954999999999997e-01
2.945154999999999856e-01
2.742138749999999958e-01
2.575796250000000343e-01
2.438842499999999969e-01
2.243028749999999849e-01
2.027085000000000137e-01
1.864236250000000372e-01
1.736762499999999765e-01
1.629968749999999855e-01
1.541237500000000038e-01
1.465847500000000136e-01
1.401913750000000070e-01
1.344057499999999905e-01
1.293423750000000094e-01
1.247691249999999946e-01
1.206321249999999928e-01
1.153952499999999909e-01
1.092372499999999941e-01
1.039817499999999839e-01
9.947187500000001514e-02
9.606632500000000796e-02
9.412027500000000324e-02
9.165324999999999167e-02
8.837066250000000234e-02
8.540589999999999293e-02
8.281806249999998371e-02
8.029532500000000073e-02
7.865466249999999993e-02
7.760532500000000278e-02
7.656573750000000844e-02
7.552577500000000332e-02
7.484502499999999559e-02
7.452583749999999729e-02
7.421233750000000295e-02
7.389421250000000052e-02
7.357617500000000754e-02
7.326032499999998726e-02
7.294258750000000291e-02
7.262476249999998135e-02
7.230990000000001028e-02
7.199203750000000845e-02
7.167687500000000100e-02
7.135994999999999144e-02
7.104306250000000378e-02
7.072537500000000699e-02
7.040917499999999052e-02
6.985280000000000655e-02
6.906243750000000403e-02
6.827126250000001284e-02
6.747741250000000024e-02
6.649502499999999927e-02
6.533740000000000381e-02
6.417124999999999913e-02
6.299237500000000323e-02
6.182401249999999043e-02
6.042817500000000064e-02
5.878339999999999954e-02
5.713381249999999884e-02
5.571482499999999560e-02
5.446564999999999740e-02
5.342601250000000163e-02
5.237830000000000263e-02
5.127978750000000696e-02
5.032949999999999924e-02
4.944553749999999748e-02
4.854758749999999595e-02
4.755171250000000266e-02
4.650232499999999713e-02
4.549516249999999845e-02
4.468058750000000051e-02
4.399014999999999870e-02
4.354706249999999723e-02
4.326933749999999773e-02
4.275797500000000362e-02
4.123727499999999685e-02
3.944351249999999975e-02
3.821269999999999528e-02
3.588575000000000098e-02
3.390606250000000044e-02
3.286176250000000243e-02
3.143688750000000337e-02
3.022742500000000221e-02
2.961142499999999678e-02
2.914196249999999669e-02
2.853751249999999726e-02
2.814589999999999453e-02
2.709210000000000090e-02
2.548817499999999486e-02
2.417331249999999862e-02
2.283075000000000035e-02
2.185599999999999696e-02
2.117849999999999941e-02
2.044436250000000038e-02
1.988841250000000088e-02
1.940116249999999931e-02
1.889661250000000334e-02
1.835816249999999705e-02
1.767335000000000086e-02
1.720201249999999890e-02
1.687161250000000084e-02
1.648584999999999981e-02
1.599866250000000004e-02
1.532276249999999992e-02
1.461173749999999938e-02
1.403675000000000062e-02
1.368224999999999997e-02
1.352041250000000049e-02
1.333788750000000113e-02
1.315227499999999973e-02
1.302308749999999890e-02
1.287593750000000023e-02
1.278237500000000033e-02
1.266743749999999988e-02
1.258371250000000011e-02
1.251577499999999982e-02
1.243933749999999970e-02
1.232221250000000053e-02
1.227598749999999836e-02
1.231229999999999998e-02
1.237298749999999996e-02
1.259430000000000098e-02
1.277772500000000019e-02
1.300122500000000167e-02
1.348116249999999940e-02
1.419215000000000060e-02
1.864912499999999904e-02
3.394563750000000046e-02
5.509731249999999525e-01
1.832980000000000231e+01
8.228705000000000047e-02
2.140329999999999663e-02
1.400722499999999988e-02
1.180068749999999868e-02
1.007488749999999912e-02
8.648184999999999206e-03
7.856260000000000326e-03
7.481951249999998707e-03
7.298745000000000580e-03
7.207282500000000355e-03
7.741128749999999503e-03
1.245873750000000071e-02
2.194113749999999918e-02
4.245107499999999784e-02
1.438073750000000040e+01
1.356984999999999962e-02
5.524092499999999281e-03
7.175484999999999225e-01
4.100750000000000561e+00
2.184048750000000191e-02
3.508036250000000078e-01
1.773588750000000047e+00
1.001656250000000137e+00
4.344903750000000286e+00
1.842048750000000013e+00
5.144459999999999589e-01
1.173464499999999910e-01
6.259568749999998571e-01
6.406375000000000819e-01
4.311636250000000503e-01
1.857504999999999963e-03
5.114636250000000883e-01
4.865289999999999893e-01
3.174376249999999455e-01
3.278861250000000283e-01
2.676142499999999980e-01
2.199337500000000112e-01
1.772783749999999880e-01
1.457581250000000161e-01
1.224472500000000075e-01
1.153292500000000081e-01
1.090128749999999952e-01
9.791851249999999895e-02
9.153927500000000328e-02
8.849015000000000353e-02
8.584946250000001500e-02
8.240961250000000682e-02
7.635825000000000251e-02
7.353175000000000683e-02
7.141132499999999772e-02
6.921592499999999759e-02
6.880063749999998368e-02
6.042122499999999508e-02
4.512912500000000604e-02
4.325428749999999517e-02
4.132986250000000167e-02
3.947483749999999847e-02
3.786457500000000448e-02
3.713393749999999854e-02
3.696840000000000542e-02
3.715048750000000261e-02
3.751435000000000186e-02
3.754085000000000061e-02
3.671611250000000187e-02
3.519811249999999642e-02
3.412078749999999938e-02
3.324987499999999818e-02
3.213053750000000042e-02
2.892368750000000321e-02
2.680710000000000037e-02
2.646447500000000119e-02
2.619097500000000175e-02
2.597567499999999668e-02
2.579117499999999952e-02
2.564179999999999932e-02
2.538072500000000328e-02
2.459795000000000037e-02
2.310262499999999816e-02
2.190008750000000184e-02
2.084567500000000101e-02
1.828252500000000086e-02
1.296707499999999978e-02
7.243315000000000170e-03
2.226807500000000089e-03
6.525592499999999067e-04
5.404858750000000270e-04
1.923814999999999944e-04
1.983551250000000095e-04
2.039758749999999845e-04
1.055311250000000051e-04
1.028468749999999978e-04
