8.211550000000000793e+00
1.074984999999999857e+01
8.169216250000001622e+00
7.396003750000000210e+00
6.987022500000000136e+00
6.669094999999999551e+00
6.359297500000000269e+00
6.116511250000000288e+00
5.945922499999999999e+00
5.804363750000000266e+00
5.673808750000000067e+00
5.548047500000000021e+00
5.461187499999999417e+00
5.347511250000000160e+00
5.307153750000000336e+00
5.292217499999999575e+00
5.279553750000000711e+00
5.271571250000000930e+00
5.265960000000000640e+00
5.261888749999999781e+00
5.258752499999999941e+00
5.256327499999999375e+00
5.253076249999999447e+00
5.249771250000000222e+00
5.247478750000000858e+00
5.245798750000000510e+00
5.244466249999999441e+00
5.243412499999999810e+00
5.242543750000000280e+00
5.241830000000000211e+00
5.241200000000000081e+00
5.240664999999999907e+00
5.240189999999999237e+00
5.239760000000000417e+00
5.239221250000000829e+00
5.238598749999999526e+00
5.238064999999999749e+00
5.237603749999999891e+00
5.237258749999999630e+00
5.237053749999999397e+00
5.236790000000000056e+00
5.236441250000000380e+00
5.236117499999999758e+00
5.235826249999999682e+00
5.235538749999999908e+00
5.235339999999999883e+00
5.235210000000001251e+00
5.235088749999999180e+00
5.234960000000000058e+00
5.234869999999999912e+00
5.234829999999999650e+00
5.234786250000000862e+00
5.234740000000001281e+00
5.234700000000000131e+00
5.234650000000001135e+00
5.234609999999999985e+00
5.234560000000000990e+00
5.234519999999999840e+00
5.234479999999998689e+00
5.234429999999999694e+00
5.234390000000000320e+00
5.234340000000000437e+00
5.234300000000000175e+00
5.234257500000000007e+00
5.234180000000001165e+00
5.234070000000000000e+00
5.233959999999999724e+00
5.233850000000000335e+00
5.233696250000000383e+00
5.233502500000000168e+00
5.233310000000000350e+00
5.233112499999998946e+00
5.232920000000000016e+00
5.232664999999999900e+00
5.232341250000000166e+00
5.232015000000000526e+00
5.231703749999999431e+00
5.231416250000000545e+00
5.231173749999999956e+00
5.230887499999999690e+00
5.230551250000000429e+00
5.230261249999999862e+00
5.229992499999999822e+00
5.229717499999999575e+00
5.229413749999999972e+00
5.229092500000000143e+00
5.228783749999999841e+00
5.228472499999999634e+00
5.228165000000000617e+00
5.227970000000000006e+00
5.227847500000000203e+00
5.227621250000001218e+00
5.226950000000000429e+00
5.226068750000000485e+00
5.225333749999999888e+00
5.223838750000000530e+00
5.222361250000000510e+00
5.221419999999999284e+00
5.219973749999999413e+00
5.218748749999999603e+00
5.218028749999999327e+00
5.217388750000000464e+00
5.216563749999999722e+00
5.216031250000000341e+00
5.214477500000000099e+00
5.211706249999999763e+00
5.209018750000000253e+00
5.205639999999998935e+00
5.202898749999999239e+00
5.200933749999999023e+00
5.198317499999999924e+00
5.196193749999999945e+00
5.194331250000001177e+00
5.192074999999999996e+00
5.189434999999999576e+00
5.185891250000000063e+00
5.183063749999999636e+00
5.181039999999999424e+00
5.178431250000000041e+00
5.174631250000000016e+00
5.169159999999999755e+00
5.162207500000000060e+00
5.155274999999999608e+00
5.149960000000000093e+00
5.147535000000000416e+00
5.144798750000000531e+00
5.142014999999999780e+00
5.140078749999999808e+00
5.137652499999999733e+00
5.134771250000000009e+00
5.130896250000000158e+00
5.128073749999999542e+00
5.125782499999999686e+00
5.123204999999999565e+00
5.119253749999999492e+00
5.115148750000000355e+00
5.111277499999999918e+00
5.107178750000000989e+00
5.102817499999999562e+00
5.099829999999999863e+00
5.096630000000000216e+00
5.092768750000000288e+00
5.088981250000000678e+00
5.079355000000000508e+00
5.068878750000000544e+00
5.062500000000000000e+00
5.119103749999999842e+00
5.042081249999999848e+00
5.030148750000000391e+00
5.018922500000000397e+00
5.010697500000000026e+00
4.996732499999999355e+00
4.971538750000000562e+00
4.945279999999999454e+00
4.923713750000000111e+00
4.907096250000000381e+00
4.896422499999999900e+00
4.786462499999999842e+00
4.605053749999999724e+00
4.485578749999999282e+00
4.319466249999999619e+00
8.870832500000000564e+00
4.852663750000000498e+00
4.646327499999999944e+00
4.340692500000000287e+00
3.225140000000000384e+01
5.985672499999999729e+00
4.571531249999999602e+00
1.744458749999999725e+01
5.680330000000000545e+00
2.375431249999999750e+01
1.298687499999999773e+01
6.483598750000000521e+00
4.002833749999998858e+00
6.917919999999999625e+00
3.929431249999999487e+00
6.310793749999999314e+00
2.252998750000000161e+00
2.820641250000000255e+01
2.107406249999999659e+01
8.918951250000000996e+00
7.257561250000000186e+00
6.542918749999999228e+00
6.631238749999999627e+00
6.743510000000000559e+00
6.912054999999999616e+00
7.076924999999999244e+00
7.138468749999999474e+00
7.207412500000000222e+00
7.343048749999999458e+00
7.434472500000000039e+00
7.489091249999999533e+00
7.603201250000001465e+00
7.839229999999999698e+00
8.208236250000000567e+00
8.323855000000000004e+00
8.374063749999999473e+00
8.416051249999998873e+00
8.287101250000000974e+00
8.028697499999999820e+00
7.645758750000000603e+00
7.490366249999999226e+00
7.314996250000000977e+00
7.144826249999999490e+00
6.953051250000000572e+00
6.801939999999999209e+00
6.699879999999999391e+00
6.526710000000000456e+00
6.401228749999999579e+00
6.282943749999999383e+00
6.089316250000000430e+00
5.946326250000000258e+00
5.876612499999999351e+00
5.828820000000000334e+00
5.761193749999999447e+00
5.547407500000000269e+00
5.259302500000000435e+00
4.981172499999999559e+00
4.759137500000000465e+00
4.607432499999999820e+00
4.496786249999999541e+00
4.407281250000000483e+00
4.250866249999999624e+00
3.855966250000000262e+00
2.983512499999999790e+00
2.459360000000000213e+00
2.210603749999999756e+00
1.842781249999999815e+00
1.664046249999999949e+00
1.732202499999999867e+00
1.965261249999999738e+00
2.157547499999999729e+00
2.192991249999999948e+00
5.204637500000000028e-01
5.107987499999999681e-01
4.951099999999999945e-01
2.295637500000000109e-01
2.217562499999999881e-01
