-9.101656	45.508280	187.178472	6.0	174
0.000000	54.609936	187.178472	6.0	199
54.609936	-91.016560	205.381784	6.0	286
0.000000	-72.813248	205.381784	6.0	309
-45.508280	-45.508280	205.381784	6.0	335
72.813248	-45.508280	196.280128	6.0	365
-72.813248	-27.304968	196.280128	6.0	378
-45.508280	-27.304968	205.381784	6.0	380
-91.016560	54.609936	205.381784	6.0	612
18.203312	81.914904	196.280128	6.0	673
36.406624	72.813248	205.381784	6.0	678
9.101656	-27.304968	223.585096	6.0	865
-9.101656	-18.203312	214.483440	6.0	910
-9.101656	9.101656	223.585096	6.0	959
45.508280	-91.016560	232.686752	6.0	1227
-9.101656	-63.711592	241.788408	6.0	1248
81.914904	-54.609936	232.686752	6.0	1310
91.016560	-36.406624	241.788408	6.0	1361
-63.711592	-9.101656	241.788408	6.0	1370
-109.219872	0.000000	241.788408	6.0	1415
45.508280	0.000000	232.686752	6.0	1445
81.914904	45.508280	241.788408	6.0	1548
72.813248	63.711592	232.686752	6.0	1593
-27.304968	91.016560	232.686752	6.0	1636
-45.508280	-100.118216	259.991720	6.0	1661
81.914904	-45.508280	259.991720	6.0	1782
-45.508280	-27.304968	259.991720	6.0	1799
0.000000	-27.304968	250.890064	6.0	1813
63.711592	18.203312	250.890064	6.0	1971
-27.304968	-72.813248	269.093376	6.0	2191
0.000000	-63.711592	269.093376	6.0	2200
-45.508280	-36.406624	269.093376	6.0	2273
27.304968	-36.406624	269.093376	6.0	2289
-91.016560	-9.101656	269.093376	6.0	2314
-63.711592	-18.203312	269.093376	6.0	2317
0.000000	63.711592	269.093376	6.0	2523
45.508280	54.609936	269.093376	6.0	2530
9.101656	72.813248	269.093376	6.0	2560
0.000000	109.219872	278.195032	6.0	2605
18.203312	-36.406624	296.398344	6.0	2764
-54.609936	-9.101656	287.296688	6.0	2795
-91.016560	9.101656	287.296688	6.0	2837
-27.304968	72.813248	287.296688	6.0	3025
-9.101656	72.813248	287.296688	6.0	3029
-81.914904	-18.203312	305.500000	6.0	3259
-27.304968	-9.101656	314.601656	6.0	3270
109.219872	-9.101656	305.500000	6.0	3302
100.118216	9.101656	314.601656	6.0	3348
-36.406624	45.508280	305.500000	6.0	3418
0.000000	100.118216	305.500000	6.0	3537
-36.406624	-91.016560	332.804968	6.0	3578
-81.914904	0.000000	323.703312	6.0	3782
-36.406624	0.000000	332.804968	6.0	3796
9.101656	9.101656	332.804968	6.0	3801
-54.609936	45.508280	323.703312	6.0	3887
-63.711592	81.914904	332.804968	6.0	3962
-54.609936	81.914904	323.703312	6.0	3968
36.406624	-100.118216	341.906624	6.0	4041
-45.508280	-63.711592	351.008280	6.0	4078
0.000000	-63.711592	341.906624	6.0	4092
-72.813248	-9.101656	341.906624	6.0	4210
-9.101656	18.203312	341.906624	6.0	4320
27.304968	-100.118216	369.211592	6.0	4510
-9.101656	-54.609936	360.109936	6.0	4601
72.813248	-36.406624	369.211592	6.0	4668
-9.101656	-18.203312	360.109936	6.0	4694
-27.304968	0.000000	360.109936	6.0	4740
72.813248	0.000000	369.211592	6.0	4766
91.016560	54.609936	369.211592	6.0	4906
-18.203312	81.914904	360.109936	6.0	4922
18.203312	81.914904	360.109936	6.0	4930
54.609936	72.813248	369.211592	6.0	4939
54.609936	91.016560	369.211592	6.0	4966
9.101656	-81.914904	387.414904	6.0	5002
45.508280	-72.813248	378.313248	6.0	5045
-72.813248	-45.508280	378.313248	6.0	5063
-54.609936	-45.508280	378.313248	6.0	5067
-27.304968	-54.609936	378.313248	6.0	5070
-27.304968	-36.406624	378.313248	6.0	5115
36.406624	-36.406624	387.414904	6.0	5133
-109.219872	-18.203312	387.414904	6.0	5149
-81.914904	9.101656	387.414904	6.0	5200
-18.203312	27.304968	378.313248	6.0	5267
-72.813248	36.406624	387.414904	6.0	5303
-45.508280	45.508280	387.414904	6.0	5304
18.203312	91.016560	387.414904	6.0	5434
-9.101656	-81.914904	405.618216	6.0	5471
-18.203312	-63.711592	396.516560	6.0	5507
-81.914904	-54.609936	396.516560	6.0	5531
-100.118216	-36.406624	396.516560	6.0	5574
81.914904	9.101656	405.618216	6.0	5709
27.304968	27.304968	405.618216	6.0	5746
-63.711592	45.508280	405.618216	6.0	5773
27.304968	72.813248	396.516560	6.0	5875
54.609936	-27.304968	414.719872	6.0	6082
72.813248	-27.304968	414.719872	6.0	6086
63.711592	-9.101656	423.821528	6.0	6128
-91.016560	36.406624	423.821528	6.0	6245
-72.813248	81.914904	414.719872	6.0	6329
