1.574621249999999861e+01
1.874981250000000088e+01
1.280874999999999808e+01
1.079013750000000016e+01
9.633543749999999406e+00
8.666377499999999401e+00
7.637941249999999904e+00
6.750397500000000051e+00
6.056053750000001124e+00
5.414450000000000429e+00
4.754142499999999494e+00
4.009677500000000450e+00
3.409774999999999778e+00
2.386385000000000201e+00
1.923519999999999897e+00
1.711043749999999752e+00
1.509473749999999947e+00
1.367131250000000131e+00
1.257603750000000131e+00
1.171752500000000197e+00
1.101471250000000124e+00
1.043655000000000221e+00
9.610710000000000086e-01
8.701382500000000020e-01
8.017082499999999001e-01
7.482698750000000842e-01
7.036443750000000996e-01
6.670201250000000748e-01
6.362068749999999495e-01
6.087728749999999911e-01
5.846268750000001013e-01
5.636602500000000848e-01
5.447912499999999492e-01
5.277696250000001310e-01
5.063192499999999985e-01
4.812162500000000120e-01
4.599220000000000530e-01
4.417819999999999525e-01
4.280842499999999995e-01
4.203168750000000342e-01
4.105767500000000458e-01
3.976167500000000188e-01
3.860156249999999734e-01
3.760107500000000047e-01
3.662822499999999759e-01
3.600665000000000115e-01
3.561122499999999635e-01
3.521943750000000040e-01
3.482752499999999252e-01
3.457378750000000278e-01
3.445918749999999919e-01
3.434659999999999935e-01
3.423235000000000028e-01
3.411813749999999534e-01
3.400473750000000406e-01
3.389063749999999819e-01
3.377648750000000200e-01
3.366343749999999857e-01
3.354930000000000412e-01
3.343612499999999987e-01
3.332232499999999709e-01
3.320855000000000334e-01
3.309444999999999748e-01
3.298091249999999808e-01
3.278111249999999810e-01
3.249727499999999769e-01
3.221317499999999945e-01
3.192812500000000164e-01
3.159375000000000377e-01
3.121457499999999996e-01
3.083255000000000301e-01
3.044638749999999949e-01
3.006367500000000081e-01
2.964128750000000201e-01
2.917365000000000097e-01
2.870671249999999786e-01
2.836081249999999887e-01
2.808403750000000310e-01
2.785368750000000171e-01
2.766468749999999588e-01
2.749816250000000073e-01
2.742359999999999798e-01
2.751031250000000039e-01
2.760541249999999835e-01
2.771087500000000148e-01
2.782201249999999848e-01
2.803682499999999855e-01
2.854713749999999717e-01
2.911722499999999658e-01
2.970887499999999570e-01
3.013468750000000140e-01
3.091877499999999834e-01
3.582033750000000460e-01
6.554473749999999432e-01
2.650384999999999991e+00
9.922252500000000586e-01
3.198291250000000030e+00
1.769677500000000236e+01
1.921744999999999814e+00
1.086421249999999894e+00
2.257731249999999967e+00
1.181973750000000045e+01
3.120143750000000438e+01
9.727049999999998420e+00
1.069077499999999903e+00
2.502550000000000052e-01
1.802783749999999907e-01
1.557926250000000179e-01
1.482245000000000090e-01
1.458416250000000025e-01
1.456899999999999862e-01
1.462548749999999786e-01
1.467739999999999878e-01
1.493530000000000135e-01
1.535296250000000029e-01
1.604389999999999983e-01
1.685638750000000297e-01
1.746185000000000098e-01
1.847246250000000034e-01
2.053933749999999892e-01
2.642833749999999871e-01
1.259792500000000093e+00
1.944596249999999671e+01
5.141561249999999639e-01
4.842235000000000289e-01
5.149989999999999846e-01
5.758848750000000738e-01
6.404681250000000547e-01
7.508369999999999767e-01
9.435401250000000628e-01
1.378090000000000037e+00
2.033327500000000398e+00
3.081358750000000146e+00
5.037727499999999736e+01
3.508188749999999345e+02
1.005989374999999910e+02
1.012984124999999949e+03
2.921507499999999879e+01
4.575023749999999723e+00
2.486428749999999965e+00
1.579137500000000083e+00
1.031277500000000069e+00
7.653789999999999205e-01
3.291622499999999718e+01
5.843034999999999712e+01
4.260972500000000940e-01
2.345846249999999633e-01
2.897431250000000458e-01
7.490541249999999707e+00
5.125235000000000207e-01
1.330571249999999983e+00
1.008264999999999816e+02
2.040014999999999912e+00
7.955893749999999542e+00
2.733441249999999911e+01
2.266639999999999944e+01
3.338048750000000009e-01
2.942537500000000250e+01
3.574591249999999887e-01
3.512865000000000126e+00
3.385754999999999737e-01
2.049523750000000177e+01
2.456693750000000342e+00
3.009912500000000080e+01
1.017108500000000149e+01
1.069951250000000087e+01
1.640161249999999882e+01
3.780953750000000113e+00
5.109213750000000331e+00
6.171402500000000124e+00
5.548011250000000061e+00
5.285763749999999206e+00
4.747628749999999620e+00
4.454617500000000341e+00
4.268160000000000842e+00
3.916830000000000478e+00
3.507808749999999698e+00
3.252715000000000245e+00
2.868556249999999697e+00
2.390387500000000109e+00
2.155188750000000208e+00
1.954831249999999798e+00
1.738221250000000273e+00
1.540418749999999948e+00
1.362823749999999778e+00
1.211910000000000043e+00
1.088465000000000016e+00
1.047181249999999952e+00
1.005138749999999970e+00
9.269680000000001252e-01
8.778280000000000527e-01
8.525637499999999536e-01
8.279826250000000831e-01
7.924293749999999914e-01
7.013012499999999871e-01
6.307117500000000154e-01
5.634725000000000428e-01
4.881728750000000061e-01
4.221836250000000068e-01
3.219739999999999269e-01
2.581227500000000119e-01
2.370617499999999878e-01
2.174626249999999927e-01
1.971008750000000087e-01
1.795316249999999725e-01
1.678267499999999968e-01
1.611515000000000031e-01
1.503696250000000068e-01
1.426181249999999845e-01
1.346231249999999824e-01
1.233989999999999948e-01
1.164626250000000002e-01
1.133183749999999990e-01
1.112604999999999983e-01
1.095511249999999992e-01
1.071131250000000035e-01
1.042723750000000005e-01
1.007483750000000011e-01
9.810702500000000048e-02
9.534141249999998624e-02
9.252267499999999867e-02
9.029489999999999739e-02
8.686436250000000026e-02
7.691447499999999604e-02
6.040741250000000034e-02
4.898357500000000142e-02
4.196837500000000221e-02
2.604042499999999899e-02
1.311108750000000017e-02
7.159180000000000231e-03
2.211324999999999662e-03
1.188054999999999927e-03
1.069591249999999813e-03
2.505050000000000419e-04
2.506137499999999923e-04
2.534587499999999558e-04
1.333550000000000132e-04
1.413150000000000116e-04
