5.135150000000000325e+00
6.738672499999999843e+00
5.132690000000000197e+00
4.652916249999998755e+00
4.399547499999999722e+00
4.202831250000000018e+00
4.011384999999999756e+00
3.861513749999999856e+00
3.756301250000000369e+00
3.669039999999999857e+00
3.588582499999999342e+00
3.511079999999999757e+00
3.457545000000000091e+00
3.387411249999999541e+00
3.362456250000000146e+00
3.353177499999999700e+00
3.345273749999999602e+00
3.340253750000000466e+00
3.336694999999999744e+00
3.334080000000000155e+00
3.332046249999999876e+00
3.330447499999999561e+00
3.328266249999999982e+00
3.325968749999999474e+00
3.324297500000000571e+00
3.322999999999999954e+00
3.321918749999999587e+00
3.321011250000000192e+00
3.320229999999999571e+00
3.319508750000000674e+00
3.318858750000000413e+00
3.318259999999999543e+00
3.317699999999999427e+00
3.317175000000000207e+00
3.316450000000000120e+00
3.315528749999999469e+00
3.314664999999999750e+00
3.313839999999999453e+00
3.313215000000000465e+00
3.312819999999999432e+00
3.312249999999999694e+00
3.311489999999999601e+00
3.310739999999999572e+00
3.310008749999999722e+00
3.309280000000000221e+00
3.308737499999999887e+00
3.308373749999999891e+00
3.308017499999999611e+00
3.307661249999999331e+00
3.307410000000000405e+00
3.307266249999999630e+00
3.307128750000000394e+00
3.306981249999999761e+00
3.306840000000000224e+00
3.306699999999999751e+00
3.306560000000000610e+00
3.306418749999999740e+00
3.306278750000000599e+00
3.306133749999999871e+00
3.305991250000000381e+00
3.305852499999999861e+00
3.305710000000000370e+00
3.305571249999999850e+00
3.305428750000000360e+00
3.305178750000000054e+00
3.304826249999999632e+00
3.304473749999999210e+00
3.304120000000000612e+00
3.303588749999999852e+00
3.302890000000000548e+00
3.302179999999999893e+00
3.301464999999999872e+00
3.300758749999999964e+00
3.299768749999999251e+00
3.298474999999999824e+00
3.297171250000000331e+00
3.295856250000000820e+00
3.294603749999999387e+00
3.293561249999999774e+00
3.292229999999999546e+00
3.290633750000000024e+00
3.289225000000000065e+00
3.287854999999999972e+00
3.286459999999999937e+00
3.284915000000000251e+00
3.283285000000000231e+00
3.281673750000000389e+00
3.279882499999999812e+00
3.278079999999999661e+00
3.276853749999999899e+00
3.276068750000000751e+00
3.274622499999999548e+00
3.269806249999999803e+00
3.261364999999999625e+00
3.257788750000000011e+00
3.248508750000000056e+00
3.206093749999999964e+00
3.252957499999999946e+00
3.273285000000000000e+00
3.234692499999999971e+00
3.206932499999999742e+00
3.167973749999999811e+00
3.308862500000000040e+00
3.350292500000000562e+00
3.275293750000000337e+00
3.235963750000000694e+00
3.214995000000000047e+00
3.191866250000000349e+00
3.173392499999999838e+00
3.160010000000000208e+00
3.141287499999999788e+00
3.125932500000000225e+00
3.112424999999999553e+00
3.094512500000000443e+00
3.072657499999999597e+00
3.041940000000000310e+00
3.014626250000000063e+00
2.994825000000000514e+00
2.967170000000000307e+00
2.921796249999999873e+00
2.841263750000000421e+00
2.651731250000000095e+00
2.851751249999999960e+00
2.605211249999999978e+00
2.517156250000000206e+00
2.414721249999999930e+00
2.300496250000000131e+00
2.209813749999999910e+00
2.078532500000000116e+00
1.886376249999999866e+00
1.537452499999999889e+00
1.149611249999999973e+00
7.063975000000000115e-01
1.773113749999999911e+01
1.569830000000000041e+02
3.225607500000000272e+01
3.694567499999999995e+02
2.083173750000000268e+01
8.279932500000001028e+00
6.668826250000000400e+00
5.789831249999999763e+00
5.124419999999999753e+00
4.675514999999999866e+00
8.589168749999998909e+00
1.638114999999999810e+01
4.512620000000000076e+00
4.013507499999999339e+00
3.698409999999999975e+00
3.539156250000000004e+00
3.125931250000000272e+00
2.557091250000000038e+00
2.149136250000000103e+01
4.798049999999999926e+00
4.210334999999999717e+00
5.633166250000000375e+00
7.714598749999999505e+00
3.919697500000000279e+00
1.330165000000000042e+01
5.495661250000001274e+00
4.628298749999999906e+00
3.934720000000000439e+00
1.170733749999999951e+01
3.947048749999999995e+00
1.395676249999999996e+01
9.544844999999998691e+00
1.087875000000000014e+01
1.829851250000000107e+01
3.574681249999999721e+01
7.908217499999999234e+00
8.062631250000000804e+00
7.930288749999999887e+00
7.861404999999999532e+00
7.717016249999999467e+00
7.627237499999999670e+00
7.566143750000000168e+00
7.451031249999999773e+00
7.301742499999999580e+00
7.198253750000000117e+00
7.021103750000000865e+00
6.768954999999999167e+00
6.628557500000000324e+00
6.505291249999999081e+00
6.376274999999999693e+00
6.287799999999999834e+00
6.227269999999999861e+00
6.226736250000000084e+00
6.247532499999999267e+00
6.259512500000000479e+00
6.276209999999999845e+00
6.311078750000000070e+00
6.336050000000000182e+00
6.349772499999999376e+00
6.363624999999999865e+00
6.384248750000001138e+00
6.418532499999999530e+00
6.421559999999999491e+00
6.406626250000000411e+00
6.371174999999999145e+00
6.300058749999999819e+00
6.033819999999999517e+00
5.816172499999999523e+00
5.726969999999999672e+00
5.633022500000000043e+00
5.529126249999999132e+00
5.425230000000000885e+00
5.347676250000000131e+00
5.299884999999999735e+00
5.214883750000000262e+00
5.151838749999999578e+00
5.085939999999999905e+00
4.980162500000000492e+00
4.898556250000000389e+00
4.858030000000000292e+00
4.831068750000000023e+00
4.801309999999999967e+00
4.733637500000000387e+00
4.628052499999999903e+00
4.507333749999999917e+00
4.418337500000000695e+00
4.341558750000000799e+00
4.270974999999999966e+00
4.214937499999999559e+00
4.126445000000000363e+00
3.851826250000000229e+00
3.355296249999999869e+00
2.995309999999999917e+00
2.752366249999999681e+00
2.276287500000000019e+00
1.990974999999999939e+00
1.981842500000000173e+00
2.242927499999999963e+00
2.547857499999999664e+00
2.736353749999999696e+00
6.714949999999999530e-01
6.630749999999999700e-01
6.400474999999999914e-01
2.873375000000000234e-01
2.610737499999999933e-01
