2.088137499999999847e+01
2.548847500000000110e+01
1.794143749999999926e+01
1.544306249999999991e+01
1.403307500000000196e+01
1.286920000000000108e+01
1.164933750000000146e+01
1.061192499999999939e+01
9.812353749999999764e+00
9.083490000000001174e+00
8.342721250000000310e+00
7.520760000000000112e+00
6.867318749999999916e+00
5.773798750000000091e+00
5.285977500000000440e+00
5.064219999999999722e+00
4.854747500000000215e+00
4.707382499999999581e+00
4.594300000000000495e+00
4.505836249999999765e+00
4.433516250000000269e+00
4.374103749999999735e+00
4.289334999999999454e+00
4.196107500000000101e+00
4.126003749999999748e+00
4.071271249999999675e+00
4.025563749999999885e+00
3.988029999999999742e+00
3.956432500000000019e+00
3.928281250000000391e+00
3.903481250000000458e+00
3.881921249999999546e+00
3.862493750000000059e+00
3.844942500000000152e+00
3.822767500000000318e+00
3.796746249999999989e+00
3.774588750000000381e+00
3.755621249999999467e+00
3.741299999999999848e+00
3.733136250000000267e+00
3.722827500000000178e+00
3.709108750000000398e+00
3.696756249999999966e+00
3.686018750000000122e+00
3.675560000000000382e+00
3.668801250000000014e+00
3.664487499999999898e+00
3.660212500000000091e+00
3.655933749999999982e+00
3.653148750000000167e+00
3.651857499999999757e+00
3.650590000000000224e+00
3.649306249999999974e+00
3.648023749999999232e+00
3.646747500000000031e+00
3.645466249999999686e+00
3.644182499999999436e+00
3.642911250000000489e+00
3.641627499999999795e+00
3.640356249999999960e+00
3.639075000000000060e+00
3.637798749999999526e+00
3.636515000000000164e+00
3.635237499999999677e+00
3.632991250000000338e+00
3.629801250000000312e+00
3.626605000000000079e+00
3.623401249999999685e+00
3.619526250000000278e+00
3.615031249999999474e+00
3.610506250000000250e+00
3.605928750000000349e+00
3.601396250000000077e+00
3.596181250000000329e+00
3.590209999999999901e+00
3.584238749999999918e+00
3.579463749999999944e+00
3.575443749999999810e+00
3.572098749999999878e+00
3.568877500000000147e+00
3.565615000000000201e+00
3.563461250000000025e+00
3.562958749999999952e+00
3.562512499999999971e+00
3.562025000000000219e+00
3.561507499999999382e+00
3.562042500000000000e+00
3.565351250000000416e+00
3.569252500000000161e+00
3.573942499999999356e+00
3.577416249999999742e+00
3.583811250000000115e+00
3.628010000000000179e+00
3.916813750000000205e+00
5.908173749999999558e+00
4.240731249999999619e+00
6.404385000000000439e+00
2.094972500000000082e+01
5.195030000000000037e+00
4.321113749999999420e+00
5.464659999999999407e+00
1.498770000000000024e+01
3.451028750000000400e+01
1.307732500000000009e+01
4.344372500000000414e+00
3.486219999999999875e+00
3.395272499999999916e+00
3.347658749999999905e+00
3.321616249999999937e+00
3.305852500000000305e+00
3.286977500000000330e+00
3.272184999999999455e+00
3.259198749999999478e+00
3.243868749999999856e+00
3.226188749999999938e+00
3.202378749999999830e+00
3.183191250000000139e+00
3.169444999999999624e+00
3.151896250000000066e+00
3.127187499999999787e+00
3.105545000000000666e+00
3.911527500000000046e+00
2.229773750000000021e+01
3.119368750000000023e+00
3.001377500000000254e+00
2.929718750000000149e+00
2.876381250000000112e+00
2.850281250000000099e+00
2.829369999999999941e+00
2.829918749999999594e+00
2.915544999999999831e+00
3.182938749999999928e+00
3.787754999999999761e+00
6.810840000000000316e+01
5.078016250000000014e+02
1.328548750000000211e+02
1.382440000000000055e+03
5.004678749999999354e+01
1.285495000000000054e+01
9.155256250000000762e+00
7.368972499999999926e+00
6.155693749999999298e+00
5.440896250000000656e+00
4.150538749999999766e+01
7.481146250000000464e+01
4.938715000000000188e+00
4.248093749999999780e+00
3.988154999999999895e+00
1.102968750000000142e+01
3.638454999999999995e+00
3.887661250000000290e+00
1.223176249999999925e+02
6.838064999999999394e+00
1.216622500000000073e+01
3.296758750000000049e+01
3.038100000000000023e+01
4.253503750000000139e+00
4.272702500000000470e+01
5.853121250000000053e+00
8.141162500000000080e+00
4.273295000000000066e+00
3.220261250000000075e+01
6.403743749999999402e+00
4.405589999999999407e+01
1.971593750000000256e+01
2.157826250000000101e+01
3.470015000000000072e+01
3.952776249999999436e+01
1.301742499999999936e+01
1.423402500000000082e+01
1.347828749999999864e+01
1.314714999999999989e+01
1.246465000000000067e+01
1.208187500000000014e+01
1.183427499999999988e+01
1.136786250000000109e+01
1.080957499999999882e+01
1.045097499999999968e+01
9.889658750000000609e+00
9.159341250000000656e+00
8.783743749999999295e+00
8.460122499999998880e+00
8.114493749999999395e+00
7.828218750000000448e+00
7.590094999999999814e+00
7.438645000000000174e+00
7.336000000000000298e+00
7.306693749999999099e+00
7.281351249999999276e+00
7.238048750000000808e+00
7.213881250000000911e+00
7.202336250000000994e+00
7.191608749999999439e+00
7.176679999999999282e+00
7.123298750000000901e+00
7.081252499999999728e+00
7.034779999999999589e+00
6.969918750000000607e+00
6.904619999999999536e+00
6.852958750000000876e+00
6.819302500000000045e+00
6.803177499999999434e+00
6.785774999999999224e+00
6.766752499999999948e+00
6.737698750000000736e+00
6.712690000000000268e+00
6.694722500000000132e+00
6.658624999999999794e+00
6.632510000000000794e+00
6.603207499999999897e+00
6.549876250000000510e+00
6.504565000000000374e+00
6.481444999999999013e+00
6.466165000000000163e+00
6.447161250000000621e+00
6.398646250000000535e+00
6.318726250000000100e+00
6.225182499999999841e+00
6.156744999999999024e+00
6.096388750000000023e+00
6.040126250000000141e+00
5.995544999999999902e+00
5.925891250000000277e+00
5.696865000000000734e+00
5.250238750000000287e+00
4.904711250000000078e+00
4.672448749999999151e+00
4.218978749999999778e+00
3.956703749999999964e+00
3.947596250000000140e+00
4.139072500000000154e+00
4.404437500000000227e+00
4.563018750000000345e+00
1.127625000000000099e+00
1.118797499999999889e+00
1.092899999999999983e+00
5.084549999999999903e-01
4.773224999999999829e-01
