-25.029554	-25.029554	1.997473	1.5	1
-20.478726	-25.029554	1.997473	1.5	2
-15.927898	-25.029554	1.997473	1.5	3
-11.377070	-25.029554	1.997473	1.5	4
-6.826242	-25.029554	1.997473	1.5	5
-2.275414	-25.029554	1.997473	1.5	6
2.275414	-25.029554	1.997473	1.5	7
6.826242	-25.029554	1.997473	1.5	8
11.377070	-25.029554	1.997473	1.5	9
15.927898	-25.029554	1.997473	1.5	10
20.478726	-25.029554	1.997473	1.5	11
25.029554	-25.029554	1.997473	1.5	12
-25.029554	-20.478726	1.997473	1.5	13
-20.478726	-20.478726	1.997473	1.5	14
-15.927898	-20.478726	1.997473	1.5	15
-11.377070	-20.478726	1.997473	1.5	16
-6.826242	-20.478726	1.997473	1.5	17
-2.275414	-20.478726	1.997473	1.5	18
2.275414	-20.478726	1.997473	1.5	19
6.826242	-20.478726	1.997473	1.5	20
11.377070	-20.478726	1.997473	1.5	21
15.927898	-20.478726	1.997473	1.5	22
20.478726	-20.478726	1.997473	1.5	23
25.029554	-20.478726	1.997473	1.5	24
-25.029554	-15.927898	1.997473	1.5	25
-20.478726	-15.927898	1.997473	1.5	26
-15.927898	-15.927898	1.997473	1.5	27
-11.377070	-15.927898	1.997473	1.5	28
-6.826242	-15.927898	1.997473	1.5	29
-2.275414	-15.927898	1.997473	1.5	30
2.275414	-15.927898	1.997473	1.5	31
6.826242	-15.927898	1.997473	1.5	32
11.377070	-15.927898	1.997473	1.5	33
15.927898	-15.927898	1.997473	1.5	34
20.478726	-15.927898	1.997473	1.5	35
25.029554	-15.927898	1.997473	1.5	36
-25.029554	-11.377070	1.997473	1.5	37
-20.478726	-11.377070	1.997473	1.5	38
-15.927898	-11.377070	1.997473	1.5	39
-11.377070	-11.377070	1.997473	1.5	40
-6.826242	-11.377070	1.997473	1.5	41
-2.275414	-11.377070	1.997473	1.5	42
2.275414	-11.377070	1.997473	1.5	43
6.826242	-11.377070	1.997473	1.5	44
11.377070	-11.377070	1.997473	1.5	45
15.927898	-11.377070	1.997473	1.5	46
20.478726	-11.377070	1.997473	1.5	47
25.029554	-11.377070	1.997473	1.5	48
-25.029554	-6.826242	1.997473	1.5	49
-20.478726	-6.826242	1.997473	1.5	50
-15.927898	-6.826242	1.997473	1.5	51
-11.377070	-6.826242	1.997473	1.5	52
-6.826242	-6.826242	1.997473	1.5	53
-2.275414	-6.826242	1.997473	1.5	54
2.275414	-6.826242	1.997473	1.5	55
6.826242	-6.826242	1.997473	1.5	56
11.377070	-6.826242	1.997473	1.5	57
15.927898	-6.826242	1.997473	1.5	58
20.478726	-6.826242	1.997473	1.5	59
25.029554	-6.826242	1.997473	1.5	60
-25.029554	-2.275414	1.997473	1.5	61
-20.478726	-2.275414	1.997473	1.5	62
-15.927898	-2.275414	1.997473	1.5	63
-11.377070	-2.275414	1.997473	1.5	64
-6.826242	-2.275414	1.997473	1.5	65
-2.275414	-2.275414	1.997473	1.5	66
2.275414	-2.275414	1.997473	1.5	67
6.826242	-2.275414	1.997473	1.5	68
11.377070	-2.275414	1.997473	1.5	69
15.927898	-2.275414	1.997473	1.5	70
20.478726	-2.275414	1.997473	1.5	71
25.029554	-2.275414	1.997473	1.5	72
-25.029554	2.275414	1.997473	1.5	73
-20.478726	2.275414	1.997473	1.5	74
-15.927898	2.275414	1.997473	1.5	75
-11.377070	2.275414	1.997473	1.5	76
-6.826242	2.275414	1.997473	1.5	77
-2.275414	2.275414	1.997473	1.5	78
2.275414	2.275414	1.997473	1.5	79
6.826242	2.275414	1.997473	1.5	80
11.377070	2.275414	1.997473	1.5	81
15.927898	2.275414	1.997473	1.5	82
20.478726	2.275414	1.997473	1.5	83
25.029554	2.275414	1.997473	1.5	84
-25.029554	6.826242	1.997473	1.5	85
-20.478726	6.826242	1.997473	1.5	86
-15.927898	6.826242	1.997473	1.5	87
-11.377070	6.826242	1.997473	1.5	88
-6.826242	6.826242	1.997473	1.5	89
-2.275414	6.826242	1.997473	1.5	90
2.275414	6.826242	1.997473	1.5	91
6.826242	6.826242	1.997473	1.5	92
11.377070	6.826242	1.997473	1.5	93
15.927898	6.826242	1.997473	1.5	94
20.478726	6.826242	1.997473	1.5	95
25.029554	6.826242	1.997473	1.5	96
-25.029554	11.377070	1.997473	1.5	97
-20.478726	11.377070	1.997473	1.5	98
-15.927898	11.377070	1.997473	1.5	99
-11.377070	11.377070	1.997473	1.5	100
-6.826242	11.377070	1.997473	1.5	101
-2.275414	11.377070	1.997473	1.5	102
2.275414	11.377070	1.997473	1.5	103
6.826242	11.377070	1.997473	1.5	104
11.377070	11.377070	1.997473	1.5	105
15.927898	11.377070	1.997473	1.5	106
20.478726	11.377070	1.997473	1.5	107
25.029554	11.377070	1.997473	1.5	108
-25.029554	15.927898	1.997473	1.5	109
-20.478726	15.927898	1.997473	1.5	110
-15.927898	15.927898	1.997473	1.5	111
-11.377070	15.927898	1.997473	1.5	112
-6.826242	15.927898	1.997473	1.5	113
-2.275414	15.927898	1.997473	1.5	114
2.275414	15.927898	1.997473	1.5	115
6.826242	15.927898	1.997473	1.5	116
11.377070	15.927898	1.997473	1.5	117
15.927898	15.927898	1.997473	1.5	118
20.478726	15.927898	1.997473	1.5	119
25.029554	15.927898	1.997473	1.5	120
-25.029554	20.478726	1.997473	1.5	121
-20.478726	20.478726	1.997473	1.5	122
-15.927898	20.478726	1.997473	1.5	123
-11.377070	20.478726	1.997473	1.5	124
-6.826242	20.478726	1.997473	1.5	125
-2.275414	20.478726	1.997473	1.5	126
2.275414	20.478726	1.997473	1.5	127
6.826242	20.478726	1.997473	1.5	128
11.377070	20.478726	1.997473	1.5	129
15.927898	20.478726	1.997473	1.5	130
20.478726	20.478726	1.997473	1.5	131
25.029554	20.478726	1.997473	1.5	132
-25.029554	25.029554	1.997473	1.5	133
-20.478726	25.029554	1.997473	1.5	134
-15.927898	25.029554	1.997473	1.5	135
-11.377070	25.029554	1.997473	1.5	136
-6.826242	25.029554	1.997473	1.5	137
-2.275414	25.029554	1.997473	1.5	138
2.275414	25.029554	1.997473	1.5	139
6.826242	25.029554	1.997473	1.5	140
11.377070	25.029554	1.997473	1.5	141
15.927898	25.029554	1.997473	1.5	142
20.478726	25.029554	1.997473	1.5	143
25.029554	25.029554	1.997473	1.5	144
-25.029554	-25.029554	6.548301	1.5	145
-20.478726	-25.029554	6.548301	1.5	146
-15.927898	-25.029554	6.548301	1.5	147
-11.377070	-25.029554	6.548301	1.5	148
-6.826242	-25.029554	6.548301	1.5	149
-2.275414	-25.029554	6.548301	1.5	150
2.275414	-25.029554	6.548301	1.5	151
6.826242	-25.029554	6.548301	1.5	152
11.377070	-25.029554	6.548301	1.5	153
15.927898	-25.029554	6.548301	1.5	154
20.478726	-25.029554	6.548301	1.5	155
25.029554	-25.029554	6.548301	1.5	156
-25.029554	-20.478726	6.548301	1.5	157
-20.478726	-20.478726	6.548301	1.5	158
-15.927898	-20.478726	6.548301	1.5	159
-11.377070	-20.478726	6.548301	1.5	160
-6.826242	-20.478726	6.548301	1.5	161
-2.275414	-20.478726	6.548301	1.5	162
2.275414	-20.478726	6.548301	1.5	163
6.826242	-20.478726	6.548301	1.5	164
11.377070	-20.478726	6.548301	1.5	165
15.927898	-20.478726	6.548301	1.5	166
20.478726	-20.478726	6.548301	1.5	167
25.029554	-20.478726	6.548301	1.5	168
-25.029554	-15.927898	6.548301	1.5	169
-20.478726	-15.927898	6.548301	1.5	170
-15.927898	-15.927898	6.548301	1.5	171
-11.377070	-15.927898	6.548301	1.5	172
-6.826242	-15.927898	6.548301	1.5	173
-2.275414	-15.927898	6.548301	1.5	174
2.275414	-15.927898	6.548301	1.5	175
6.826242	-15.927898	6.548301	1.5	176
11.377070	-15.927898	6.548301	1.5	177
15.927898	-15.927898	6.548301	1.5	178
20.478726	-15.927898	6.548301	1.5	179
25.029554	-15.927898	6.548301	1.5	180
-25.029554	-11.377070	6.548301	1.5	181
-20.478726	-11.377070	6.548301	1.5	182
-15.927898	-11.377070	6.548301	1.5	183
-11.377070	-11.377070	6.548301	1.5	184
-6.826242	-11.377070	6.548301	1.5	185
-2.275414	-11.377070	6.548301	1.5	186
2.275414	-11.377070	6.548301	1.5	187
6.826242	-11.377070	6.548301	1.5	188
11.377070	-11.377070	6.548301	1.5	189
15.927898	-11.377070	6.548301	1.5	190
20.478726	-11.377070	6.548301	1.5	191
25.029554	-11.377070	6.548301	1.5	192
-25.029554	-6.826242	6.548301	1.5	193
-20.478726	-6.826242	6.548301	1.5	194
-15.927898	-6.826242	6.548301	1.5	195
-11.377070	-6.826242	6.548301	1.5	196
-6.826242	-6.826242	6.548301	1.5	197
-2.275414	-6.826242	6.548301	1.5	198
2.275414	-6.826242	6.548301	1.5	199
6.826242	-6.826242	6.548301	1.5	200
11.377070	-6.826242	6.548301	1.5	201
15.927898	-6.826242	6.548301	1.5	202
20.478726	-6.826242	6.548301	1.5	203
25.029554	-6.826242	6.548301	1.5	204
-25.029554	-2.275414	6.548301	1.5	205
-20.478726	-2.275414	6.548301	1.5	206
-15.927898	-2.275414	6.548301	1.5	207
-11.377070	-2.275414	6.548301	1.5	208
-6.826242	-2.275414	6.548301	1.5	209
-2.275414	-2.275414	6.548301	1.5	210
2.275414	-2.275414	6.548301	1.5	211
6.826242	-2.275414	6.548301	1.5	212
11.377070	-2.275414	6.548301	1.5	213
15.927898	-2.275414	6.548301	1.5	214
20.478726	-2.275414	6.548301	1.5	215
25.029554	-2.275414	6.548301	1.5	216
-25.029554	2.275414	6.548301	1.5	217
-20.478726	2.275414	6.548301	1.5	218
-15.927898	2.275414	6.548301	1.5	219
-11.377070	2.275414	6.548301	1.5	220
-6.826242	2.275414	6.548301	1.5	221
-2.275414	2.275414	6.548301	1.5	222
2.275414	2.275414	6.548301	1.5	223
6.826242	2.275414	6.548301	1.5	224
11.377070	2.275414	6.548301	1.5	225
15.927898	2.275414	6.548301	1.5	226
20.478726	2.275414	6.548301	1.5	227
25.029554	2.275414	6.548301	1.5	228
-25.029554	6.826242	6.548301	1.5	229
-20.478726	6.826242	6.548301	1.5	230
-15.927898	6.826242	6.548301	1.5	231
-11.377070	6.826242	6.548301	1.5	232
-6.826242	6.826242	6.548301	1.5	233
-2.275414	6.826242	6.548301	1.5	234
2.275414	6.826242	6.548301	1.5	235
6.826242	6.826242	6.548301	1.5	236
11.377070	6.826242	6.548301	1.5	237
15.927898	6.826242	6.548301	1.5	238
20.478726	6.826242	6.548301	1.5	239
25.029554	6.826242	6.548301	1.5	240
-25.029554	11.377070	6.548301	1.5	241
-20.478726	11.377070	6.548301	1.5	242
-15.927898	11.377070	6.548301	1.5	243
-11.377070	11.377070	6.548301	1.5	244
-6.826242	11.377070	6.548301	1.5	245
-2.275414	11.377070	6.548301	1.5	246
2.275414	11.377070	6.548301	1.5	247
6.826242	11.377070	6.548301	1.5	248
11.377070	11.377070	6.548301	1.5	249
15.927898	11.377070	6.548301	1.5	250
20.478726	11.377070	6.548301	1.5	251
25.029554	11.377070	6.548301	1.5	252
-25.029554	15.927898	6.548301	1.5	253
-20.478726	15.927898	6.548301	1.5	254
-15.927898	15.927898	6.548301	1.5	255
-11.377070	15.927898	6.548301	1.5	256
-6.826242	15.927898	6.548301	1.5	257
-2.275414	15.927898	6.548301	1.5	258
2.275414	15.927898	6.548301	1.5	259
6.826242	15.927898	6.548301	1.5	260
11.377070	15.927898	6.548301	1.5	261
15.927898	15.927898	6.548301	1.5	262
20.478726	15.927898	6.548301	1.5	263
25.029554	15.927898	6.548301	1.5	264
-25.029554	20.478726	6.548301	1.5	265
-20.478726	20.478726	6.548301	1.5	266
-15.927898	20.478726	6.548301	1.5	267
-11.377070	20.478726	6.548301	1.5	268
-6.826242	20.478726	6.548301	1.5	269
-2.275414	20.478726	6.548301	1.5	270
2.275414	20.478726	6.548301	1.5	271
6.826242	20.478726	6.548301	1.5	272
11.377070	20.478726	6.548301	1.5	273
15.927898	20.478726	6.548301	1.5	274
20.478726	20.478726	6.548301	1.5	275
25.029554	20.478726	6.548301	1.5	276
-25.029554	25.029554	6.548301	1.5	277
-20.478726	25.029554	6.548301	1.5	278
-15.927898	25.029554	6.548301	1.5	279
-11.377070	25.029554	6.548301	1.5	280
-6.826242	25.029554	6.548301	1.5	281
-2.275414	25.029554	6.548301	1.5	282
2.275414	25.029554	6.548301	1.5	283
6.826242	25.029554	6.548301	1.5	284
11.377070	25.029554	6.548301	1.5	285
15.927898	25.029554	6.548301	1.5	286
20.478726	25.029554	6.548301	1.5	287
25.029554	25.029554	6.548301	1.5	288
-25.029554	-25.029554	11.099129	1.5	289
-20.478726	-25.029554	11.099129	1.5	290
-15.927898	-25.029554	11.099129	1.5	291
-11.377070	-25.029554	11.099129	1.5	292
-6.826242	-25.029554	11.099129	1.5	293
-2.275414	-25.029554	11.099129	1.5	294
2.275414	-25.029554	11.099129	1.5	295
6.826242	-25.029554	11.099129	1.5	296
11.377070	-25.029554	11.099129	1.5	297
15.927898	-25.029554	11.099129	1.5	298
20.478726	-25.029554	11.099129	1.5	299
25.029554	-25.029554	11.099129	1.5	300
-25.029554	-20.478726	11.099129	1.5	301
-20.478726	-20.478726	11.099129	1.5	302
-15.927898	-20.478726	11.099129	1.5	303
-11.377070	-20.478726	11.099129	1.5	304
-6.826242	-20.478726	11.099129	1.5	305
-2.275414	-20.478726	11.099129	1.5	306
2.275414	-20.478726	11.099129	1.5	307
6.826242	-20.478726	11.099129	1.5	308
11.377070	-20.478726	11.099129	1.5	309
15.927898	-20.478726	11.099129	1.5	310
20.478726	-20.478726	11.099129	1.5	311
25.029554	-20.478726	11.099129	1.5	312
-25.029554	-15.927898	11.099129	1.5	313
-20.478726	-15.927898	11.099129	1.5	314
-15.927898	-15.927898	11.099129	1.5	315
-11.377070	-15.927898	11.099129	1.5	316
-6.826242	-15.927898	11.099129	1.5	317
-2.275414	-15.927898	11.099129	1.5	318
2.275414	-15.927898	11.099129	1.5	319
6.826242	-15.927898	11.099129	1.5	320
11.377070	-15.927898	11.099129	1.5	321
15.927898	-15.927898	11.099129	1.5	322
20.478726	-15.927898	11.099129	1.5	323
25.029554	-15.927898	11.099129	1.5	324
-25.029554	-11.377070	11.099129	1.5	325
-20.478726	-11.377070	11.099129	1.5	326
-15.927898	-11.377070	11.099129	1.5	327
-11.377070	-11.377070	11.099129	1.5	328
-6.826242	-11.377070	11.099129	1.5	329
-2.275414	-11.377070	11.099129	1.5	330
2.275414	-11.377070	11.099129	1.5	331
6.826242	-11.377070	11.099129	1.5	332
11.377070	-11.377070	11.099129	1.5	333
15.927898	-11.377070	11.099129	1.5	334
20.478726	-11.377070	11.099129	1.5	335
25.029554	-11.377070	11.099129	1.5	336
-25.029554	-6.826242	11.099129	1.5	337
-20.478726	-6.826242	11.099129	1.5	338
-15.927898	-6.826242	11.099129	1.5	339
-11.377070	-6.826242	11.099129	1.5	340
-6.826242	-6.826242	11.099129	1.5	341
-2.275414	-6.826242	11.099129	1.5	342
2.275414	-6.826242	11.099129	1.5	343
6.826242	-6.826242	11.099129	1.5	344
11.377070	-6.826242	11.099129	1.5	345
15.927898	-6.826242	11.099129	1.5	346
20.478726	-6.826242	11.099129	1.5	347
25.029554	-6.826242	11.099129	1.5	348
-25.029554	-2.275414	11.099129	1.5	349
-20.478726	-2.275414	11.099129	1.5	350
-15.927898	-2.275414	11.099129	1.5	351
-11.377070	-2.275414	11.099129	1.5	352
-6.826242	-2.275414	11.099129	1.5	353
-2.275414	-2.275414	11.099129	1.5	354
2.275414	-2.275414	11.099129	1.5	355
6.826242	-2.275414	11.099129	1.5	356
11.377070	-2.275414	11.099129	1.5	357
15.927898	-2.275414	11.099129	1.5	358
20.478726	-2.275414	11.099129	1.5	359
25.029554	-2.275414	11.099129	1.5	360
-25.029554	2.275414	11.099129	1.5	361
-20.478726	2.275414	11.099129	1.5	362
-15.927898	2.275414	11.099129	1.5	363
-11.377070	2.275414	11.099129	1.5	364
-6.826242	2.275414	11.099129	1.5	365
-2.275414	2.275414	11.099129	1.5	366
2.275414	2.275414	11.099129	1.5	367
6.826242	2.275414	11.099129	1.5	368
11.377070	2.275414	11.099129	1.5	369
15.927898	2.275414	11.099129	1.5	370
20.478726	2.275414	11.099129	1.5	371
25.029554	2.275414	11.099129	1.5	372
-25.029554	6.826242	11.099129	1.5	373
-20.478726	6.826242	11.099129	1.5	374
-15.927898	6.826242	11.099129	1.5	375
-11.377070	6.826242	11.099129	1.5	376
-6.826242	6.826242	11.099129	1.5	377
-2.275414	6.826242	11.099129	1.5	378
2.275414	6.826242	11.099129	1.5	379
6.826242	6.826242	11.099129	1.5	380
11.377070	6.826242	11.099129	1.5	381
15.927898	6.826242	11.099129	1.5	382
20.478726	6.826242	11.099129	1.5	383
25.029554	6.826242	11.099129	1.5	384
-25.029554	11.377070	11.099129	1.5	385
-20.478726	11.377070	11.099129	1.5	386
-15.927898	11.377070	11.099129	1.5	387
-11.377070	11.377070	11.099129	1.5	388
-6.826242	11.377070	11.099129	1.5	389
-2.275414	11.377070	11.099129	1.5	390
2.275414	11.377070	11.099129	1.5	391
6.826242	11.377070	11.099129	1.5	392
11.377070	11.377070	11.099129	1.5	393
15.927898	11.377070	11.099129	1.5	394
20.478726	11.377070	11.099129	1.5	395
25.029554	11.377070	11.099129	1.5	396
-25.029554	15.927898	11.099129	1.5	397
-20.478726	15.927898	11.099129	1.5	398
-15.927898	15.927898	11.099129	1.5	399
-11.377070	15.927898	11.099129	1.5	400
-6.826242	15.927898	11.099129	1.5	401
-2.275414	15.927898	11.099129	1.5	402
2.275414	15.927898	11.099129	1.5	403
6.826242	15.927898	11.099129	1.5	404
11.377070	15.927898	11.099129	1.5	405
15.927898	15.927898	11.099129	1.5	406
20.478726	15.927898	11.099129	1.5	407
25.029554	15.927898	11.099129	1.5	408
-25.029554	20.478726	11.099129	1.5	409
-20.478726	20.478726	11.099129	1.5	410
-15.927898	20.478726	11.099129	1.5	411
-11.377070	20.478726	11.099129	1.5	412
-6.826242	20.478726	11.099129	1.5	413
-2.275414	20.478726	11.099129	1.5	414
2.275414	20.478726	11.099129	1.5	415
6.826242	20.478726	11.099129	1.5	416
11.377070	20.478726	11.099129	1.5	417
15.927898	20.478726	11.099129	1.5	418
20.478726	20.478726	11.099129	1.5	419
25.029554	20.478726	11.099129	1.5	420
-25.029554	25.029554	11.099129	1.5	421
-20.478726	25.029554	11.099129	1.5	422
-15.927898	25.029554	11.099129	1.5	423
-11.377070	25.029554	11.099129	1.5	424
-6.826242	25.029554	11.099129	1.5	425
-2.275414	25.029554	11.099129	1.5	426
2.275414	25.029554	11.099129	1.5	427
6.826242	25.029554	11.099129	1.5	428
11.377070	25.029554	11.099129	1.5	429
15.927898	25.029554	11.099129	1.5	430
20.478726	25.029554	11.099129	1.5	431
25.029554	25.029554	11.099129	1.5	432
-25.029554	-25.029554	15.649957	1.5	433
-20.478726	-25.029554	15.649957	1.5	434
-15.927898	-25.029554	15.649957	1.5	435
-11.377070	-25.029554	15.649957	1.5	436
-6.826242	-25.029554	15.649957	1.5	437
-2.275414	-25.029554	15.649957	1.5	438
2.275414	-25.029554	15.649957	1.5	439
6.826242	-25.029554	15.649957	1.5	440
11.377070	-25.029554	15.649957	1.5	441
15.927898	-25.029554	15.649957	1.5	442
20.478726	-25.029554	15.649957	1.5	443
25.029554	-25.029554	15.649957	1.5	444
-25.029554	-20.478726	15.649957	1.5	445
-20.478726	-20.478726	15.649957	1.5	446
-15.927898	-20.478726	15.649957	1.5	447
-11.377070	-20.478726	15.649957	1.5	448
-6.826242	-20.478726	15.649957	1.5	449
-2.275414	-20.478726	15.649957	1.5	450
2.275414	-20.478726	15.649957	1.5	451
6.826242	-20.478726	15.649957	1.5	452
11.377070	-20.478726	15.649957	1.5	453
15.927898	-20.478726	15.649957	1.5	454
20.478726	-20.478726	15.649957	1.5	455
25.029554	-20.478726	15.649957	1.5	456
-25.029554	-15.927898	15.649957	1.5	457
-20.478726	-15.927898	15.649957	1.5	458
-15.927898	-15.927898	15.649957	1.5	459
-11.377070	-15.927898	15.649957	1.5	460
-6.826242	-15.927898	15.649957	1.5	461
-2.275414	-15.927898	15.649957	1.5	462
2.275414	-15.927898	15.649957	1.5	463
6.826242	-15.927898	15.649957	1.5	464
11.377070	-15.927898	15.649957	1.5	465
15.927898	-15.927898	15.649957	1.5	466
20.478726	-15.927898	15.649957	1.5	467
25.029554	-15.927898	15.649957	1.5	468
-25.029554	-11.377070	15.649957	1.5	469
-20.478726	-11.377070	15.649957	1.5	470
-15.927898	-11.377070	15.649957	1.5	471
-11.377070	-11.377070	15.649957	1.5	472
-6.826242	-11.377070	15.649957	1.5	473
-2.275414	-11.377070	15.649957	1.5	474
2.275414	-11.377070	15.649957	1.5	475
6.826242	-11.377070	15.649957	1.5	476
11.377070	-11.377070	15.649957	1.5	477
15.927898	-11.377070	15.649957	1.5	478
20.478726	-11.377070	15.649957	1.5	479
25.029554	-11.377070	15.649957	1.5	480
-25.029554	-6.826242	15.649957	1.5	481
-20.478726	-6.826242	15.649957	1.5	482
-15.927898	-6.826242	15.649957	1.5	483
-11.377070	-6.826242	15.649957	1.5	484
-6.826242	-6.826242	15.649957	1.5	485
-2.275414	-6.826242	15.649957	1.5	486
2.275414	-6.826242	15.649957	1.5	487
6.826242	-6.826242	15.649957	1.5	488
11.377070	-6.826242	15.649957	1.5	489
15.927898	-6.826242	15.649957	1.5	490
20.478726	-6.826242	15.649957	1.5	491
25.029554	-6.826242	15.649957	1.5	492
-25.029554	-2.275414	15.649957	1.5	493
-20.478726	-2.275414	15.649957	1.5	494
-15.927898	-2.275414	15.649957	1.5	495
-11.377070	-2.275414	15.649957	1.5	496
-6.826242	-2.275414	15.649957	1.5	497
-2.275414	-2.275414	15.649957	1.5	498
2.275414	-2.275414	15.649957	1.5	499
6.826242	-2.275414	15.649957	1.5	500
11.377070	-2.275414	15.649957	1.5	501
15.927898	-2.275414	15.649957	1.5	502
20.478726	-2.275414	15.649957	1.5	503
25.029554	-2.275414	15.649957	1.5	504
-25.029554	2.275414	15.649957	1.5	505
-20.478726	2.275414	15.649957	1.5	506
-15.927898	2.275414	15.649957	1.5	507
-11.377070	2.275414	15.649957	1.5	508
-6.826242	2.275414	15.649957	1.5	509
-2.275414	2.275414	15.649957	1.5	510
2.275414	2.275414	15.649957	1.5	511
6.826242	2.275414	15.649957	1.5	512
11.377070	2.275414	15.649957	1.5	513
15.927898	2.275414	15.649957	1.5	514
20.478726	2.275414	15.649957	1.5	515
25.029554	2.275414	15.649957	1.5	516
-25.029554	6.826242	15.649957	1.5	517
-20.478726	6.826242	15.649957	1.5	518
-15.927898	6.826242	15.649957	1.5	519
-11.377070	6.826242	15.649957	1.5	520
-6.826242	6.826242	15.649957	1.5	521
-2.275414	6.826242	15.649957	1.5	522
2.275414	6.826242	15.649957	1.5	523
6.826242	6.826242	15.649957	1.5	524
11.377070	6.826242	15.649957	1.5	525
15.927898	6.826242	15.649957	1.5	526
20.478726	6.826242	15.649957	1.5	527
25.029554	6.826242	15.649957	1.5	528
-25.029554	11.377070	15.649957	1.5	529
-20.478726	11.377070	15.649957	1.5	530
-15.927898	11.377070	15.649957	1.5	531
-11.377070	11.377070	15.649957	1.5	532
-6.826242	11.377070	15.649957	1.5	533
-2.275414	11.377070	15.649957	1.5	534
2.275414	11.377070	15.649957	1.5	535
6.826242	11.377070	15.649957	1.5	536
11.377070	11.377070	15.649957	1.5	537
15.927898	11.377070	15.649957	1.5	538
20.478726	11.377070	15.649957	1.5	539
25.029554	11.377070	15.649957	1.5	540
-25.029554	15.927898	15.649957	1.5	541
-20.478726	15.927898	15.649957	1.5	542
-15.927898	15.927898	15.649957	1.5	543
-11.377070	15.927898	15.649957	1.5	544
-6.826242	15.927898	15.649957	1.5	545
-2.275414	15.927898	15.649957	1.5	546
2.275414	15.927898	15.649957	1.5	547
6.826242	15.927898	15.649957	1.5	548
11.377070	15.927898	15.649957	1.5	549
15.927898	15.927898	15.649957	1.5	550
20.478726	15.927898	15.649957	1.5	551
25.029554	15.927898	15.649957	1.5	552
-25.029554	20.478726	15.649957	1.5	553
-20.478726	20.478726	15.649957	1.5	554
-15.927898	20.478726	15.649957	1.5	555
-11.377070	20.478726	15.649957	1.5	556
-6.826242	20.478726	15.649957	1.5	557
-2.275414	20.478726	15.649957	1.5	558
2.275414	20.478726	15.649957	1.5	559
6.826242	20.478726	15.649957	1.5	560
11.377070	20.478726	15.649957	1.5	561
15.927898	20.478726	15.649957	1.5	562
20.478726	20.478726	15.649957	1.5	563
25.029554	20.478726	15.649957	1.5	564
-25.029554	25.029554	15.649957	1.5	565
-20.478726	25.029554	15.649957	1.5	566
-15.927898	25.029554	15.649957	1.5	567
-11.377070	25.029554	15.649957	1.5	568
-6.826242	25.029554	15.649957	1.5	569
-2.275414	25.029554	15.649957	1.5	570
2.275414	25.029554	15.649957	1.5	571
6.826242	25.029554	15.649957	1.5	572
11.377070	25.029554	15.649957	1.5	573
15.927898	25.029554	15.649957	1.5	574
20.478726	25.029554	15.649957	1.5	575
25.029554	25.029554	15.649957	1.5	576
-25.029554	-25.029554	20.200785	1.5	577
-20.478726	-25.029554	20.200785	1.5	578
-15.927898	-25.029554	20.200785	1.5	579
-11.377070	-25.029554	20.200785	1.5	580
-6.826242	-25.029554	20.200785	1.5	581
-2.275414	-25.029554	20.200785	1.5	582
2.275414	-25.029554	20.200785	1.5	583
6.826242	-25.029554	20.200785	1.5	584
11.377070	-25.029554	20.200785	1.5	585
15.927898	-25.029554	20.200785	1.5	586
20.478726	-25.029554	20.200785	1.5	587
25.029554	-25.029554	20.200785	1.5	588
-25.029554	-20.478726	20.200785	1.5	589
-20.478726	-20.478726	20.200785	1.5	590
-15.927898	-20.478726	20.200785	1.5	591
-11.377070	-20.478726	20.200785	1.5	592
-6.826242	-20.478726	20.200785	1.5	593
-2.275414	-20.478726	20.200785	1.5	594
2.275414	-20.478726	20.200785	1.5	595
6.826242	-20.478726	20.200785	1.5	596
11.377070	-20.478726	20.200785	1.5	597
15.927898	-20.478726	20.200785	1.5	598
20.478726	-20.478726	20.200785	1.5	599
25.029554	-20.478726	20.200785	1.5	600
-25.029554	-15.927898	20.200785	1.5	601
-20.478726	-15.927898	20.200785	1.5	602
-15.927898	-15.927898	20.200785	1.5	603
-11.377070	-15.927898	20.200785	1.5	604
-6.826242	-15.927898	20.200785	1.5	605
-2.275414	-15.927898	20.200785	1.5	606
2.275414	-15.927898	20.200785	1.5	607
6.826242	-15.927898	20.200785	1.5	608
11.377070	-15.927898	20.200785	1.5	609
15.927898	-15.927898	20.200785	1.5	610
20.478726	-15.927898	20.200785	1.5	611
25.029554	-15.927898	20.200785	1.5	612
-25.029554	-11.377070	20.200785	1.5	613
-20.478726	-11.377070	20.200785	1.5	614
-15.927898	-11.377070	20.200785	1.5	615
-11.377070	-11.377070	20.200785	1.5	616
-6.826242	-11.377070	20.200785	1.5	617
-2.275414	-11.377070	20.200785	1.5	618
2.275414	-11.377070	20.200785	1.5	619
6.826242	-11.377070	20.200785	1.5	620
11.377070	-11.377070	20.200785	1.5	621
15.927898	-11.377070	20.200785	1.5	622
20.478726	-11.377070	20.200785	1.5	623
25.029554	-11.377070	20.200785	1.5	624
-25.029554	-6.826242	20.200785	1.5	625
-20.478726	-6.826242	20.200785	1.5	626
-15.927898	-6.826242	20.200785	1.5	627
-11.377070	-6.826242	20.200785	1.5	628
-6.826242	-6.826242	20.200785	1.5	629
-2.275414	-6.826242	20.200785	1.5	630
2.275414	-6.826242	20.200785	1.5	631
6.826242	-6.826242	20.200785	1.5	632
11.377070	-6.826242	20.200785	1.5	633
15.927898	-6.826242	20.200785	1.5	634
20.478726	-6.826242	20.200785	1.5	635
25.029554	-6.826242	20.200785	1.5	636
-25.029554	-2.275414	20.200785	1.5	637
-20.478726	-2.275414	20.200785	1.5	638
-15.927898	-2.275414	20.200785	1.5	639
-11.377070	-2.275414	20.200785	1.5	640
-6.826242	-2.275414	20.200785	1.5	641
-2.275414	-2.275414	20.200785	1.5	642
2.275414	-2.275414	20.200785	1.5	643
6.826242	-2.275414	20.200785	1.5	644
11.377070	-2.275414	20.200785	1.5	645
15.927898	-2.275414	20.200785	1.5	646
20.478726	-2.275414	20.200785	1.5	647
25.029554	-2.275414	20.200785	1.5	648
-25.029554	2.275414	20.200785	1.5	649
-20.478726	2.275414	20.200785	1.5	650
-15.927898	2.275414	20.200785	1.5	651
-11.377070	2.275414	20.200785	1.5	652
-6.826242	2.275414	20.200785	1.5	653
-2.275414	2.275414	20.200785	1.5	654
2.275414	2.275414	20.200785	1.5	655
6.826242	2.275414	20.200785	1.5	656
11.377070	2.275414	20.200785	1.5	657
15.927898	2.275414	20.200785	1.5	658
20.478726	2.275414	20.200785	1.5	659
25.029554	2.275414	20.200785	1.5	660
-25.029554	6.826242	20.200785	1.5	661
-20.478726	6.826242	20.200785	1.5	662
-15.927898	6.826242	20.200785	1.5	663
-11.377070	6.826242	20.200785	1.5	664
-6.826242	6.826242	20.200785	1.5	665
-2.275414	6.826242	20.200785	1.5	666
2.275414	6.826242	20.200785	1.5	667
6.826242	6.826242	20.200785	1.5	668
11.377070	6.826242	20.200785	1.5	669
15.927898	6.826242	20.200785	1.5	670
20.478726	6.826242	20.200785	1.5	671
25.029554	6.826242	20.200785	1.5	672
-25.029554	11.377070	20.200785	1.5	673
-20.478726	11.377070	20.200785	1.5	674
-15.927898	11.377070	20.200785	1.5	675
-11.377070	11.377070	20.200785	1.5	676
-6.826242	11.377070	20.200785	1.5	677
-2.275414	11.377070	20.200785	1.5	678
2.275414	11.377070	20.200785	1.5	679
6.826242	11.377070	20.200785	1.5	680
11.377070	11.377070	20.200785	1.5	681
15.927898	11.377070	20.200785	1.5	682
20.478726	11.377070	20.200785	1.5	683
25.029554	11.377070	20.200785	1.5	684
-25.029554	15.927898	20.200785	1.5	685
-20.478726	15.927898	20.200785	1.5	686
-15.927898	15.927898	20.200785	1.5	687
-11.377070	15.927898	20.200785	1.5	688
-6.826242	15.927898	20.200785	1.5	689
-2.275414	15.927898	20.200785	1.5	690
2.275414	15.927898	20.200785	1.5	691
6.826242	15.927898	20.200785	1.5	692
11.377070	15.927898	20.200785	1.5	693
15.927898	15.927898	20.200785	1.5	694
20.478726	15.927898	20.200785	1.5	695
25.029554	15.927898	20.200785	1.5	696
-25.029554	20.478726	20.200785	1.5	697
-20.478726	20.478726	20.200785	1.5	698
-15.927898	20.478726	20.200785	1.5	699
-11.377070	20.478726	20.200785	1.5	700
-6.826242	20.478726	20.200785	1.5	701
-2.275414	20.478726	20.200785	1.5	702
2.275414	20.478726	20.200785	1.5	703
6.826242	20.478726	20.200785	1.5	704
11.377070	20.478726	20.200785	1.5	705
15.927898	20.478726	20.200785	1.5	706
20.478726	20.478726	20.200785	1.5	707
25.029554	20.478726	20.200785	1.5	708
-25.029554	25.029554	20.200785	1.5	709
-20.478726	25.029554	20.200785	1.5	710
-15.927898	25.029554	20.200785	1.5	711
-11.377070	25.029554	20.200785	1.5	712
-6.826242	25.029554	20.200785	1.5	713
-2.275414	25.029554	20.200785	1.5	714
2.275414	25.029554	20.200785	1.5	715
6.826242	25.029554	20.200785	1.5	716
11.377070	25.029554	20.200785	1.5	717
15.927898	25.029554	20.200785	1.5	718
20.478726	25.029554	20.200785	1.5	719
25.029554	25.029554	20.200785	1.5	720
-25.029554	-25.029554	24.751613	1.5	721
-20.478726	-25.029554	24.751613	1.5	722
-15.927898	-25.029554	24.751613	1.5	723
-11.377070	-25.029554	24.751613	1.5	724
-6.826242	-25.029554	24.751613	1.5	725
-2.275414	-25.029554	24.751613	1.5	726
2.275414	-25.029554	24.751613	1.5	727
6.826242	-25.029554	24.751613	1.5	728
11.377070	-25.029554	24.751613	1.5	729
15.927898	-25.029554	24.751613	1.5	730
20.478726	-25.029554	24.751613	1.5	731
25.029554	-25.029554	24.751613	1.5	732
-25.029554	-20.478726	24.751613	1.5	733
-20.478726	-20.478726	24.751613	1.5	734
-15.927898	-20.478726	24.751613	1.5	735
-11.377070	-20.478726	24.751613	1.5	736
-6.826242	-20.478726	24.751613	1.5	737
-2.275414	-20.478726	24.751613	1.5	738
2.275414	-20.478726	24.751613	1.5	739
6.826242	-20.478726	24.751613	1.5	740
11.377070	-20.478726	24.751613	1.5	741
15.927898	-20.478726	24.751613	1.5	742
20.478726	-20.478726	24.751613	1.5	743
25.029554	-20.478726	24.751613	1.5	744
-25.029554	-15.927898	24.751613	1.5	745
-20.478726	-15.927898	24.751613	1.5	746
-15.927898	-15.927898	24.751613	1.5	747
-11.377070	-15.927898	24.751613	1.5	748
-6.826242	-15.927898	24.751613	1.5	749
-2.275414	-15.927898	24.751613	1.5	750
2.275414	-15.927898	24.751613	1.5	751
6.826242	-15.927898	24.751613	1.5	752
11.377070	-15.927898	24.751613	1.5	753
15.927898	-15.927898	24.751613	1.5	754
20.478726	-15.927898	24.751613	1.5	755
25.029554	-15.927898	24.751613	1.5	756
-25.029554	-11.377070	24.751613	1.5	757
-20.478726	-11.377070	24.751613	1.5	758
-15.927898	-11.377070	24.751613	1.5	759
-11.377070	-11.377070	24.751613	1.5	760
-6.826242	-11.377070	24.751613	1.5	761
-2.275414	-11.377070	24.751613	1.5	762
2.275414	-11.377070	24.751613	1.5	763
6.826242	-11.377070	24.751613	1.5	764
11.377070	-11.377070	24.751613	1.5	765
15.927898	-11.377070	24.751613	1.5	766
20.478726	-11.377070	24.751613	1.5	767
25.029554	-11.377070	24.751613	1.5	768
-25.029554	-6.826242	24.751613	1.5	769
-20.478726	-6.826242	24.751613	1.5	770
-15.927898	-6.826242	24.751613	1.5	771
-11.377070	-6.826242	24.751613	1.5	772
-6.826242	-6.826242	24.751613	1.5	773
-2.275414	-6.826242	24.751613	1.5	774
2.275414	-6.826242	24.751613	1.5	775
6.826242	-6.826242	24.751613	1.5	776
11.377070	-6.826242	24.751613	1.5	777
15.927898	-6.826242	24.751613	1.5	778
20.478726	-6.826242	24.751613	1.5	779
25.029554	-6.826242	24.751613	1.5	780
-25.029554	-2.275414	24.751613	1.5	781
-20.478726	-2.275414	24.751613	1.5	782
-15.927898	-2.275414	24.751613	1.5	783
-11.377070	-2.275414	24.751613	1.5	784
-6.826242	-2.275414	24.751613	1.5	785
-2.275414	-2.275414	24.751613	1.5	786
2.275414	-2.275414	24.751613	1.5	787
6.826242	-2.275414	24.751613	1.5	788
11.377070	-2.275414	24.751613	1.5	789
15.927898	-2.275414	24.751613	1.5	790
20.478726	-2.275414	24.751613	1.5	791
25.029554	-2.275414	24.751613	1.5	792
-25.029554	2.275414	24.751613	1.5	793
-20.478726	2.275414	24.751613	1.5	794
-15.927898	2.275414	24.751613	1.5	795
-11.377070	2.275414	24.751613	1.5	796
-6.826242	2.275414	24.751613	1.5	797
-2.275414	2.275414	24.751613	1.5	798
2.275414	2.275414	24.751613	1.5	799
6.826242	2.275414	24.751613	1.5	800
11.377070	2.275414	24.751613	1.5	801
15.927898	2.275414	24.751613	1.5	802
20.478726	2.275414	24.751613	1.5	803
25.029554	2.275414	24.751613	1.5	804
-25.029554	6.826242	24.751613	1.5	805
-20.478726	6.826242	24.751613	1.5	806
-15.927898	6.826242	24.751613	1.5	807
-11.377070	6.826242	24.751613	1.5	808
-6.826242	6.826242	24.751613	1.5	809
-2.275414	6.826242	24.751613	1.5	810
2.275414	6.826242	24.751613	1.5	811
6.826242	6.826242	24.751613	1.5	812
11.377070	6.826242	24.751613	1.5	813
15.927898	6.826242	24.751613	1.5	814
20.478726	6.826242	24.751613	1.5	815
25.029554	6.826242	24.751613	1.5	816
-25.029554	11.377070	24.751613	1.5	817
-20.478726	11.377070	24.751613	1.5	818
-15.927898	11.377070	24.751613	1.5	819
-11.377070	11.377070	24.751613	1.5	820
-6.826242	11.377070	24.751613	1.5	821
-2.275414	11.377070	24.751613	1.5	822
2.275414	11.377070	24.751613	1.5	823
6.826242	11.377070	24.751613	1.5	824
11.377070	11.377070	24.751613	1.5	825
15.927898	11.377070	24.751613	1.5	826
20.478726	11.377070	24.751613	1.5	827
25.029554	11.377070	24.751613	1.5	828
-25.029554	15.927898	24.751613	1.5	829
-20.478726	15.927898	24.751613	1.5	830
-15.927898	15.927898	24.751613	1.5	831
-11.377070	15.927898	24.751613	1.5	832
-6.826242	15.927898	24.751613	1.5	833
-2.275414	15.927898	24.751613	1.5	834
2.275414	15.927898	24.751613	1.5	835
6.826242	15.927898	24.751613	1.5	836
11.377070	15.927898	24.751613	1.5	837
15.927898	15.927898	24.751613	1.5	838
20.478726	15.927898	24.751613	1.5	839
25.029554	15.927898	24.751613	1.5	840
-25.029554	20.478726	24.751613	1.5	841
-20.478726	20.478726	24.751613	1.5	842
-15.927898	20.478726	24.751613	1.5	843
-11.377070	20.478726	24.751613	1.5	844
-6.826242	20.478726	24.751613	1.5	845
-2.275414	20.478726	24.751613	1.5	846
2.275414	20.478726	24.751613	1.5	847
6.826242	20.478726	24.751613	1.5	848
11.377070	20.478726	24.751613	1.5	849
15.927898	20.478726	24.751613	1.5	850
20.478726	20.478726	24.751613	1.5	851
25.029554	20.478726	24.751613	1.5	852
-25.029554	25.029554	24.751613	1.5	853
-20.478726	25.029554	24.751613	1.5	854
-15.927898	25.029554	24.751613	1.5	855
-11.377070	25.029554	24.751613	1.5	856
-6.826242	25.029554	24.751613	1.5	857
-2.275414	25.029554	24.751613	1.5	858
2.275414	25.029554	24.751613	1.5	859
6.826242	25.029554	24.751613	1.5	860
11.377070	25.029554	24.751613	1.5	861
15.927898	25.029554	24.751613	1.5	862
20.478726	25.029554	24.751613	1.5	863
25.029554	25.029554	24.751613	1.5	864
-25.029554	-25.029554	29.302441	1.5	865
-20.478726	-25.029554	29.302441	1.5	866
-15.927898	-25.029554	29.302441	1.5	867
-11.377070	-25.029554	29.302441	1.5	868
-6.826242	-25.029554	29.302441	1.5	869
-2.275414	-25.029554	29.302441	1.5	870
2.275414	-25.029554	29.302441	1.5	871
6.826242	-25.029554	29.302441	1.5	872
11.377070	-25.029554	29.302441	1.5	873
15.927898	-25.029554	29.302441	1.5	874
20.478726	-25.029554	29.302441	1.5	875
25.029554	-25.029554	29.302441	1.5	876
-25.029554	-20.478726	29.302441	1.5	877
-20.478726	-20.478726	29.302441	1.5	878
-15.927898	-20.478726	29.302441	1.5	879
-11.377070	-20.478726	29.302441	1.5	880
-6.826242	-20.478726	29.302441	1.5	881
-2.275414	-20.478726	29.302441	1.5	882
2.275414	-20.478726	29.302441	1.5	883
6.826242	-20.478726	29.302441	1.5	884
11.377070	-20.478726	29.302441	1.5	885
15.927898	-20.478726	29.302441	1.5	886
20.478726	-20.478726	29.302441	1.5	887
25.029554	-20.478726	29.302441	1.5	888
-25.029554	-15.927898	29.302441	1.5	889
-20.478726	-15.927898	29.302441	1.5	890
-15.927898	-15.927898	29.302441	1.5	891
-11.377070	-15.927898	29.302441	1.5	892
-6.826242	-15.927898	29.302441	1.5	893
-2.275414	-15.927898	29.302441	1.5	894
2.275414	-15.927898	29.302441	1.5	895
6.826242	-15.927898	29.302441	1.5	896
11.377070	-15.927898	29.302441	1.5	897
15.927898	-15.927898	29.302441	1.5	898
20.478726	-15.927898	29.302441	1.5	899
25.029554	-15.927898	29.302441	1.5	900
-25.029554	-11.377070	29.302441	1.5	901
-20.478726	-11.377070	29.302441	1.5	902
-15.927898	-11.377070	29.302441	1.5	903
-11.377070	-11.377070	29.302441	1.5	904
-6.826242	-11.377070	29.302441	1.5	905
-2.275414	-11.377070	29.302441	1.5	906
2.275414	-11.377070	29.302441	1.5	907
6.826242	-11.377070	29.302441	1.5	908
11.377070	-11.377070	29.302441	1.5	909
15.927898	-11.377070	29.302441	1.5	910
20.478726	-11.377070	29.302441	1.5	911
25.029554	-11.377070	29.302441	1.5	912
-25.029554	-6.826242	29.302441	1.5	913
-20.478726	-6.826242	29.302441	1.5	914
-15.927898	-6.826242	29.302441	1.5	915
-11.377070	-6.826242	29.302441	1.5	916
-6.826242	-6.826242	29.302441	1.5	917
-2.275414	-6.826242	29.302441	1.5	918
2.275414	-6.826242	29.302441	1.5	919
6.826242	-6.826242	29.302441	1.5	920
11.377070	-6.826242	29.302441	1.5	921
15.927898	-6.826242	29.302441	1.5	922
20.478726	-6.826242	29.302441	1.5	923
25.029554	-6.826242	29.302441	1.5	924
-25.029554	-2.275414	29.302441	1.5	925
-20.478726	-2.275414	29.302441	1.5	926
-15.927898	-2.275414	29.302441	1.5	927
-11.377070	-2.275414	29.302441	1.5	928
-6.826242	-2.275414	29.302441	1.5	929
-2.275414	-2.275414	29.302441	1.5	930
2.275414	-2.275414	29.302441	1.5	931
6.826242	-2.275414	29.302441	1.5	932
11.377070	-2.275414	29.302441	1.5	933
15.927898	-2.275414	29.302441	1.5	934
20.478726	-2.275414	29.302441	1.5	935
25.029554	-2.275414	29.302441	1.5	936
-25.029554	2.275414	29.302441	1.5	937
-20.478726	2.275414	29.302441	1.5	938
-15.927898	2.275414	29.302441	1.5	939
-11.377070	2.275414	29.302441	1.5	940
-6.826242	2.275414	29.302441	1.5	941
-2.275414	2.275414	29.302441	1.5	942
2.275414	2.275414	29.302441	1.5	943
6.826242	2.275414	29.302441	1.5	944
11.377070	2.275414	29.302441	1.5	945
15.927898	2.275414	29.302441	1.5	946
20.478726	2.275414	29.302441	1.5	947
25.029554	2.275414	29.302441	1.5	948
-25.029554	6.826242	29.302441	1.5	949
-20.478726	6.826242	29.302441	1.5	950
-15.927898	6.826242	29.302441	1.5	951
-11.377070	6.826242	29.302441	1.5	952
-6.826242	6.826242	29.302441	1.5	953
-2.275414	6.826242	29.302441	1.5	954
2.275414	6.826242	29.302441	1.5	955
6.826242	6.826242	29.302441	1.5	956
11.377070	6.826242	29.302441	1.5	957
15.927898	6.826242	29.302441	1.5	958
20.478726	6.826242	29.302441	1.5	959
25.029554	6.826242	29.302441	1.5	960
-25.029554	11.377070	29.302441	1.5	961
-20.478726	11.377070	29.302441	1.5	962
-15.927898	11.377070	29.302441	1.5	963
-11.377070	11.377070	29.302441	1.5	964
-6.826242	11.377070	29.302441	1.5	965
-2.275414	11.377070	29.302441	1.5	966
2.275414	11.377070	29.302441	1.5	967
6.826242	11.377070	29.302441	1.5	968
11.377070	11.377070	29.302441	1.5	969
15.927898	11.377070	29.302441	1.5	970
20.478726	11.377070	29.302441	1.5	971
25.029554	11.377070	29.302441	1.5	972
-25.029554	15.927898	29.302441	1.5	973
-20.478726	15.927898	29.302441	1.5	974
-15.927898	15.927898	29.302441	1.5	975
-11.377070	15.927898	29.302441	1.5	976
-6.826242	15.927898	29.302441	1.5	977
-2.275414	15.927898	29.302441	1.5	978
2.275414	15.927898	29.302441	1.5	979
6.826242	15.927898	29.302441	1.5	980
11.377070	15.927898	29.302441	1.5	981
15.927898	15.927898	29.302441	1.5	982
20.478726	15.927898	29.302441	1.5	983
25.029554	15.927898	29.302441	1.5	984
-25.029554	20.478726	29.302441	1.5	985
-20.478726	20.478726	29.302441	1.5	986
-15.927898	20.478726	29.302441	1.5	987
-11.377070	20.478726	29.302441	1.5	988
-6.826242	20.478726	29.302441	1.5	989
-2.275414	20.478726	29.302441	1.5	990
2.275414	20.478726	29.302441	1.5	991
6.826242	20.478726	29.302441	1.5	992
11.377070	20.478726	29.302441	1.5	993
15.927898	20.478726	29.302441	1.5	994
20.478726	20.478726	29.302441	1.5	995
25.029554	20.478726	29.302441	1.5	996
-25.029554	25.029554	29.302441	1.5	997
-20.478726	25.029554	29.302441	1.5	998
-15.927898	25.029554	29.302441	1.5	999
-11.377070	25.029554	29.302441	1.5	1000
-6.826242	25.029554	29.302441	1.5	1001
-2.275414	25.029554	29.302441	1.5	1002
2.275414	25.029554	29.302441	1.5	1003
6.826242	25.029554	29.302441	1.5	1004
11.377070	25.029554	29.302441	1.5	1005
15.927898	25.029554	29.302441	1.5	1006
20.478726	25.029554	29.302441	1.5	1007
25.029554	25.029554	29.302441	1.5	1008
-25.029554	-25.029554	33.853269	1.5	1009
-20.478726	-25.029554	33.853269	1.5	1010
-15.927898	-25.029554	33.853269	1.5	1011
-11.377070	-25.029554	33.853269	1.5	1012
-6.826242	-25.029554	33.853269	1.5	1013
-2.275414	-25.029554	33.853269	1.5	1014
2.275414	-25.029554	33.853269	1.5	1015
6.826242	-25.029554	33.853269	1.5	1016
11.377070	-25.029554	33.853269	1.5	1017
15.927898	-25.029554	33.853269	1.5	1018
20.478726	-25.029554	33.853269	1.5	1019
25.029554	-25.029554	33.853269	1.5	1020
-25.029554	-20.478726	33.853269	1.5	1021
-20.478726	-20.478726	33.853269	1.5	1022
-15.927898	-20.478726	33.853269	1.5	1023
-11.377070	-20.478726	33.853269	1.5	1024
-6.826242	-20.478726	33.853269	1.5	1025
-2.275414	-20.478726	33.853269	1.5	1026
2.275414	-20.478726	33.853269	1.5	1027
6.826242	-20.478726	33.853269	1.5	1028
11.377070	-20.478726	33.853269	1.5	1029
15.927898	-20.478726	33.853269	1.5	1030
20.478726	-20.478726	33.853269	1.5	1031
25.029554	-20.478726	33.853269	1.5	1032
-25.029554	-15.927898	33.853269	1.5	1033
-20.478726	-15.927898	33.853269	1.5	1034
-15.927898	-15.927898	33.853269	1.5	1035
-11.377070	-15.927898	33.853269	1.5	1036
-6.826242	-15.927898	33.853269	1.5	1037
-2.275414	-15.927898	33.853269	1.5	1038
2.275414	-15.927898	33.853269	1.5	1039
6.826242	-15.927898	33.853269	1.5	1040
11.377070	-15.927898	33.853269	1.5	1041
15.927898	-15.927898	33.853269	1.5	1042
20.478726	-15.927898	33.853269	1.5	1043
25.029554	-15.927898	33.853269	1.5	1044
-25.029554	-11.377070	33.853269	1.5	1045
-20.478726	-11.377070	33.853269	1.5	1046
-15.927898	-11.377070	33.853269	1.5	1047
-11.377070	-11.377070	33.853269	1.5	1048
-6.826242	-11.377070	33.853269	1.5	1049
-2.275414	-11.377070	33.853269	1.5	1050
2.275414	-11.377070	33.853269	1.5	1051
6.826242	-11.377070	33.853269	1.5	1052
11.377070	-11.377070	33.853269	1.5	1053
15.927898	-11.377070	33.853269	1.5	1054
20.478726	-11.377070	33.853269	1.5	1055
25.029554	-11.377070	33.853269	1.5	1056
-25.029554	-6.826242	33.853269	1.5	1057
-20.478726	-6.826242	33.853269	1.5	1058
-15.927898	-6.826242	33.853269	1.5	1059
-11.377070	-6.826242	33.853269	1.5	1060
-6.826242	-6.826242	33.853269	1.5	1061
-2.275414	-6.826242	33.853269	1.5	1062
2.275414	-6.826242	33.853269	1.5	1063
6.826242	-6.826242	33.853269	1.5	1064
11.377070	-6.826242	33.853269	1.5	1065
15.927898	-6.826242	33.853269	1.5	1066
20.478726	-6.826242	33.853269	1.5	1067
25.029554	-6.826242	33.853269	1.5	1068
-25.029554	-2.275414	33.853269	1.5	1069
-20.478726	-2.275414	33.853269	1.5	1070
-15.927898	-2.275414	33.853269	1.5	1071
-11.377070	-2.275414	33.853269	1.5	1072
-6.826242	-2.275414	33.853269	1.5	1073
-2.275414	-2.275414	33.853269	1.5	1074
2.275414	-2.275414	33.853269	1.5	1075
6.826242	-2.275414	33.853269	1.5	1076
11.377070	-2.275414	33.853269	1.5	1077
15.927898	-2.275414	33.853269	1.5	1078
20.478726	-2.275414	33.853269	1.5	1079
25.029554	-2.275414	33.853269	1.5	1080
-25.029554	2.275414	33.853269	1.5	1081
-20.478726	2.275414	33.853269	1.5	1082
-15.927898	2.275414	33.853269	1.5	1083
-11.377070	2.275414	33.853269	1.5	1084
-6.826242	2.275414	33.853269	1.5	1085
-2.275414	2.275414	33.853269	1.5	1086
2.275414	2.275414	33.853269	1.5	1087
6.826242	2.275414	33.853269	1.5	1088
11.377070	2.275414	33.853269	1.5	1089
15.927898	2.275414	33.853269	1.5	1090
20.478726	2.275414	33.853269	1.5	1091
25.029554	2.275414	33.853269	1.5	1092
-25.029554	6.826242	33.853269	1.5	1093
-20.478726	6.826242	33.853269	1.5	1094
-15.927898	6.826242	33.853269	1.5	1095
-11.377070	6.826242	33.853269	1.5	1096
-6.826242	6.826242	33.853269	1.5	1097
-2.275414	6.826242	33.853269	1.5	1098
2.275414	6.826242	33.853269	1.5	1099
6.826242	6.826242	33.853269	1.5	1100
11.377070	6.826242	33.853269	1.5	1101
15.927898	6.826242	33.853269	1.5	1102
20.478726	6.826242	33.853269	1.5	1103
25.029554	6.826242	33.853269	1.5	1104
-25.029554	11.377070	33.853269	1.5	1105
-20.478726	11.377070	33.853269	1.5	1106
-15.927898	11.377070	33.853269	1.5	1107
-11.377070	11.377070	33.853269	1.5	1108
-6.826242	11.377070	33.853269	1.5	1109
-2.275414	11.377070	33.853269	1.5	1110
2.275414	11.377070	33.853269	1.5	1111
6.826242	11.377070	33.853269	1.5	1112
11.377070	11.377070	33.853269	1.5	1113
15.927898	11.377070	33.853269	1.5	1114
20.478726	11.377070	33.853269	1.5	1115
25.029554	11.377070	33.853269	1.5	1116
-25.029554	15.927898	33.853269	1.5	1117
-20.478726	15.927898	33.853269	1.5	1118
-15.927898	15.927898	33.853269	1.5	1119
-11.377070	15.927898	33.853269	1.5	1120
-6.826242	15.927898	33.853269	1.5	1121
-2.275414	15.927898	33.853269	1.5	1122
2.275414	15.927898	33.853269	1.5	1123
6.826242	15.927898	33.853269	1.5	1124
11.377070	15.927898	33.853269	1.5	1125
15.927898	15.927898	33.853269	1.5	1126
20.478726	15.927898	33.853269	1.5	1127
25.029554	15.927898	33.853269	1.5	1128
-25.029554	20.478726	33.853269	1.5	1129
-20.478726	20.478726	33.853269	1.5	1130
-15.927898	20.478726	33.853269	1.5	1131
-11.377070	20.478726	33.853269	1.5	1132
-6.826242	20.478726	33.853269	1.5	1133
-2.275414	20.478726	33.853269	1.5	1134
2.275414	20.478726	33.853269	1.5	1135
6.826242	20.478726	33.853269	1.5	1136
11.377070	20.478726	33.853269	1.5	1137
15.927898	20.478726	33.853269	1.5	1138
20.478726	20.478726	33.853269	1.5	1139
25.029554	20.478726	33.853269	1.5	1140
-25.029554	25.029554	33.853269	1.5	1141
-20.478726	25.029554	33.853269	1.5	1142
-15.927898	25.029554	33.853269	1.5	1143
-11.377070	25.029554	33.853269	1.5	1144
-6.826242	25.029554	33.853269	1.5	1145
-2.275414	25.029554	33.853269	1.5	1146
2.275414	25.029554	33.853269	1.5	1147
6.826242	25.029554	33.853269	1.5	1148
11.377070	25.029554	33.853269	1.5	1149
15.927898	25.029554	33.853269	1.5	1150
20.478726	25.029554	33.853269	1.5	1151
25.029554	25.029554	33.853269	1.5	1152
-25.029554	-25.029554	38.404097	1.5	1153
-20.478726	-25.029554	38.404097	1.5	1154
-15.927898	-25.029554	38.404097	1.5	1155
-11.377070	-25.029554	38.404097	1.5	1156
-6.826242	-25.029554	38.404097	1.5	1157
-2.275414	-25.029554	38.404097	1.5	1158
2.275414	-25.029554	38.404097	1.5	1159
6.826242	-25.029554	38.404097	1.5	1160
11.377070	-25.029554	38.404097	1.5	1161
15.927898	-25.029554	38.404097	1.5	1162
20.478726	-25.029554	38.404097	1.5	1163
25.029554	-25.029554	38.404097	1.5	1164
-25.029554	-20.478726	38.404097	1.5	1165
-20.478726	-20.478726	38.404097	1.5	1166
-15.927898	-20.478726	38.404097	1.5	1167
-11.377070	-20.478726	38.404097	1.5	1168
-6.826242	-20.478726	38.404097	1.5	1169
-2.275414	-20.478726	38.404097	1.5	1170
2.275414	-20.478726	38.404097	1.5	1171
6.826242	-20.478726	38.404097	1.5	1172
11.377070	-20.478726	38.404097	1.5	1173
15.927898	-20.478726	38.404097	1.5	1174
20.478726	-20.478726	38.404097	1.5	1175
25.029554	-20.478726	38.404097	1.5	1176
-25.029554	-15.927898	38.404097	1.5	1177
-20.478726	-15.927898	38.404097	1.5	1178
-15.927898	-15.927898	38.404097	1.5	1179
-11.377070	-15.927898	38.404097	1.5	1180
-6.826242	-15.927898	38.404097	1.5	1181
-2.275414	-15.927898	38.404097	1.5	1182
2.275414	-15.927898	38.404097	1.5	1183
6.826242	-15.927898	38.404097	1.5	1184
11.377070	-15.927898	38.404097	1.5	1185
15.927898	-15.927898	38.404097	1.5	1186
20.478726	-15.927898	38.404097	1.5	1187
25.029554	-15.927898	38.404097	1.5	1188
-25.029554	-11.377070	38.404097	1.5	1189
-20.478726	-11.377070	38.404097	1.5	1190
-15.927898	-11.377070	38.404097	1.5	1191
-11.377070	-11.377070	38.404097	1.5	1192
-6.826242	-11.377070	38.404097	1.5	1193
-2.275414	-11.377070	38.404097	1.5	1194
2.275414	-11.377070	38.404097	1.5	1195
6.826242	-11.377070	38.404097	1.5	1196
11.377070	-11.377070	38.404097	1.5	1197
15.927898	-11.377070	38.404097	1.5	1198
20.478726	-11.377070	38.404097	1.5	1199
25.029554	-11.377070	38.404097	1.5	1200
-25.029554	-6.826242	38.404097	1.5	1201
-20.478726	-6.826242	38.404097	1.5	1202
-15.927898	-6.826242	38.404097	1.5	1203
-11.377070	-6.826242	38.404097	1.5	1204
-6.826242	-6.826242	38.404097	1.5	1205
-2.275414	-6.826242	38.404097	1.5	1206
2.275414	-6.826242	38.404097	1.5	1207
6.826242	-6.826242	38.404097	1.5	1208
11.377070	-6.826242	38.404097	1.5	1209
15.927898	-6.826242	38.404097	1.5	1210
20.478726	-6.826242	38.404097	1.5	1211
25.029554	-6.826242	38.404097	1.5	1212
-25.029554	-2.275414	38.404097	1.5	1213
-20.478726	-2.275414	38.404097	1.5	1214
-15.927898	-2.275414	38.404097	1.5	1215
-11.377070	-2.275414	38.404097	1.5	1216
-6.826242	-2.275414	38.404097	1.5	1217
-2.275414	-2.275414	38.404097	1.5	1218
2.275414	-2.275414	38.404097	1.5	1219
6.826242	-2.275414	38.404097	1.5	1220
11.377070	-2.275414	38.404097	1.5	1221
15.927898	-2.275414	38.404097	1.5	1222
20.478726	-2.275414	38.404097	1.5	1223
25.029554	-2.275414	38.404097	1.5	1224
-25.029554	2.275414	38.404097	1.5	1225
-20.478726	2.275414	38.404097	1.5	1226
-15.927898	2.275414	38.404097	1.5	1227
-11.377070	2.275414	38.404097	1.5	1228
-6.826242	2.275414	38.404097	1.5	1229
-2.275414	2.275414	38.404097	1.5	1230
2.275414	2.275414	38.404097	1.5	1231
6.826242	2.275414	38.404097	1.5	1232
11.377070	2.275414	38.404097	1.5	1233
15.927898	2.275414	38.404097	1.5	1234
20.478726	2.275414	38.404097	1.5	1235
25.029554	2.275414	38.404097	1.5	1236
-25.029554	6.826242	38.404097	1.5	1237
-20.478726	6.826242	38.404097	1.5	1238
-15.927898	6.826242	38.404097	1.5	1239
-11.377070	6.826242	38.404097	1.5	1240
-6.826242	6.826242	38.404097	1.5	1241
-2.275414	6.826242	38.404097	1.5	1242
2.275414	6.826242	38.404097	1.5	1243
6.826242	6.826242	38.404097	1.5	1244
11.377070	6.826242	38.404097	1.5	1245
15.927898	6.826242	38.404097	1.5	1246
20.478726	6.826242	38.404097	1.5	1247
25.029554	6.826242	38.404097	1.5	1248
-25.029554	11.377070	38.404097	1.5	1249
-20.478726	11.377070	38.404097	1.5	1250
-15.927898	11.377070	38.404097	1.5	1251
-11.377070	11.377070	38.404097	1.5	1252
-6.826242	11.377070	38.404097	1.5	1253
-2.275414	11.377070	38.404097	1.5	1254
2.275414	11.377070	38.404097	1.5	1255
6.826242	11.377070	38.404097	1.5	1256
11.377070	11.377070	38.404097	1.5	1257
15.927898	11.377070	38.404097	1.5	1258
20.478726	11.377070	38.404097	1.5	1259
25.029554	11.377070	38.404097	1.5	1260
-25.029554	15.927898	38.404097	1.5	1261
-20.478726	15.927898	38.404097	1.5	1262
-15.927898	15.927898	38.404097	1.5	1263
-11.377070	15.927898	38.404097	1.5	1264
-6.826242	15.927898	38.404097	1.5	1265
-2.275414	15.927898	38.404097	1.5	1266
2.275414	15.927898	38.404097	1.5	1267
6.826242	15.927898	38.404097	1.5	1268
11.377070	15.927898	38.404097	1.5	1269
15.927898	15.927898	38.404097	1.5	1270
20.478726	15.927898	38.404097	1.5	1271
25.029554	15.927898	38.404097	1.5	1272
-25.029554	20.478726	38.404097	1.5	1273
-20.478726	20.478726	38.404097	1.5	1274
-15.927898	20.478726	38.404097	1.5	1275
-11.377070	20.478726	38.404097	1.5	1276
-6.826242	20.478726	38.404097	1.5	1277
-2.275414	20.478726	38.404097	1.5	1278
2.275414	20.478726	38.404097	1.5	1279
6.826242	20.478726	38.404097	1.5	1280
11.377070	20.478726	38.404097	1.5	1281
15.927898	20.478726	38.404097	1.5	1282
20.478726	20.478726	38.404097	1.5	1283
25.029554	20.478726	38.404097	1.5	1284
-25.029554	25.029554	38.404097	1.5	1285
-20.478726	25.029554	38.404097	1.5	1286
-15.927898	25.029554	38.404097	1.5	1287
-11.377070	25.029554	38.404097	1.5	1288
-6.826242	25.029554	38.404097	1.5	1289
-2.275414	25.029554	38.404097	1.5	1290
2.275414	25.029554	38.404097	1.5	1291
6.826242	25.029554	38.404097	1.5	1292
11.377070	25.029554	38.404097	1.5	1293
15.927898	25.029554	38.404097	1.5	1294
20.478726	25.029554	38.404097	1.5	1295
25.029554	25.029554	38.404097	1.5	1296
-25.029554	-25.029554	42.954925	1.5	1297
-20.478726	-25.029554	42.954925	1.5	1298
-15.927898	-25.029554	42.954925	1.5	1299
-11.377070	-25.029554	42.954925	1.5	1300
-6.826242	-25.029554	42.954925	1.5	1301
-2.275414	-25.029554	42.954925	1.5	1302
2.275414	-25.029554	42.954925	1.5	1303
6.826242	-25.029554	42.954925	1.5	1304
11.377070	-25.029554	42.954925	1.5	1305
15.927898	-25.029554	42.954925	1.5	1306
20.478726	-25.029554	42.954925	1.5	1307
25.029554	-25.029554	42.954925	1.5	1308
-25.029554	-20.478726	42.954925	1.5	1309
-20.478726	-20.478726	42.954925	1.5	1310
-15.927898	-20.478726	42.954925	1.5	1311
-11.377070	-20.478726	42.954925	1.5	1312
-6.826242	-20.478726	42.954925	1.5	1313
-2.275414	-20.478726	42.954925	1.5	1314
2.275414	-20.478726	42.954925	1.5	1315
6.826242	-20.478726	42.954925	1.5	1316
11.377070	-20.478726	42.954925	1.5	1317
15.927898	-20.478726	42.954925	1.5	1318
20.478726	-20.478726	42.954925	1.5	1319
25.029554	-20.478726	42.954925	1.5	1320
-25.029554	-15.927898	42.954925	1.5	1321
-20.478726	-15.927898	42.954925	1.5	1322
-15.927898	-15.927898	42.954925	1.5	1323
-11.377070	-15.927898	42.954925	1.5	1324
-6.826242	-15.927898	42.954925	1.5	1325
-2.275414	-15.927898	42.954925	1.5	1326
2.275414	-15.927898	42.954925	1.5	1327
6.826242	-15.927898	42.954925	1.5	1328
11.377070	-15.927898	42.954925	1.5	1329
15.927898	-15.927898	42.954925	1.5	1330
20.478726	-15.927898	42.954925	1.5	1331
25.029554	-15.927898	42.954925	1.5	1332
-25.029554	-11.377070	42.954925	1.5	1333
-20.478726	-11.377070	42.954925	1.5	1334
-15.927898	-11.377070	42.954925	1.5	1335
-11.377070	-11.377070	42.954925	1.5	1336
-6.826242	-11.377070	42.954925	1.5	1337
-2.275414	-11.377070	42.954925	1.5	1338
2.275414	-11.377070	42.954925	1.5	1339
6.826242	-11.377070	42.954925	1.5	1340
11.377070	-11.377070	42.954925	1.5	1341
15.927898	-11.377070	42.954925	1.5	1342
20.478726	-11.377070	42.954925	1.5	1343
25.029554	-11.377070	42.954925	1.5	1344
-25.029554	-6.826242	42.954925	1.5	1345
-20.478726	-6.826242	42.954925	1.5	1346
-15.927898	-6.826242	42.954925	1.5	1347
-11.377070	-6.826242	42.954925	1.5	1348
-6.826242	-6.826242	42.954925	1.5	1349
-2.275414	-6.826242	42.954925	1.5	1350
2.275414	-6.826242	42.954925	1.5	1351
6.826242	-6.826242	42.954925	1.5	1352
11.377070	-6.826242	42.954925	1.5	1353
15.927898	-6.826242	42.954925	1.5	1354
20.478726	-6.826242	42.954925	1.5	1355
25.029554	-6.826242	42.954925	1.5	1356
-25.029554	-2.275414	42.954925	1.5	1357
-20.478726	-2.275414	42.954925	1.5	1358
-15.927898	-2.275414	42.954925	1.5	1359
-11.377070	-2.275414	42.954925	1.5	1360
-6.826242	-2.275414	42.954925	1.5	1361
-2.275414	-2.275414	42.954925	1.5	1362
2.275414	-2.275414	42.954925	1.5	1363
6.826242	-2.275414	42.954925	1.5	1364
11.377070	-2.275414	42.954925	1.5	1365
15.927898	-2.275414	42.954925	1.5	1366
20.478726	-2.275414	42.954925	1.5	1367
25.029554	-2.275414	42.954925	1.5	1368
-25.029554	2.275414	42.954925	1.5	1369
-20.478726	2.275414	42.954925	1.5	1370
-15.927898	2.275414	42.954925	1.5	1371
-11.377070	2.275414	42.954925	1.5	1372
-6.826242	2.275414	42.954925	1.5	1373
-2.275414	2.275414	42.954925	1.5	1374
2.275414	2.275414	42.954925	1.5	1375
6.826242	2.275414	42.954925	1.5	1376
11.377070	2.275414	42.954925	1.5	1377
15.927898	2.275414	42.954925	1.5	1378
20.478726	2.275414	42.954925	1.5	1379
25.029554	2.275414	42.954925	1.5	1380
-25.029554	6.826242	42.954925	1.5	1381
-20.478726	6.826242	42.954925	1.5	1382
-15.927898	6.826242	42.954925	1.5	1383
-11.377070	6.826242	42.954925	1.5	1384
-6.826242	6.826242	42.954925	1.5	1385
-2.275414	6.826242	42.954925	1.5	1386
2.275414	6.826242	42.954925	1.5	1387
6.826242	6.826242	42.954925	1.5	1388
11.377070	6.826242	42.954925	1.5	1389
15.927898	6.826242	42.954925	1.5	1390
20.478726	6.826242	42.954925	1.5	1391
25.029554	6.826242	42.954925	1.5	1392
-25.029554	11.377070	42.954925	1.5	1393
-20.478726	11.377070	42.954925	1.5	1394
-15.927898	11.377070	42.954925	1.5	1395
-11.377070	11.377070	42.954925	1.5	1396
-6.826242	11.377070	42.954925	1.5	1397
-2.275414	11.377070	42.954925	1.5	1398
2.275414	11.377070	42.954925	1.5	1399
6.826242	11.377070	42.954925	1.5	1400
11.377070	11.377070	42.954925	1.5	1401
15.927898	11.377070	42.954925	1.5	1402
20.478726	11.377070	42.954925	1.5	1403
25.029554	11.377070	42.954925	1.5	1404
-25.029554	15.927898	42.954925	1.5	1405
-20.478726	15.927898	42.954925	1.5	1406
-15.927898	15.927898	42.954925	1.5	1407
-11.377070	15.927898	42.954925	1.5	1408
-6.826242	15.927898	42.954925	1.5	1409
-2.275414	15.927898	42.954925	1.5	1410
2.275414	15.927898	42.954925	1.5	1411
6.826242	15.927898	42.954925	1.5	1412
11.377070	15.927898	42.954925	1.5	1413
15.927898	15.927898	42.954925	1.5	1414
20.478726	15.927898	42.954925	1.5	1415
25.029554	15.927898	42.954925	1.5	1416
-25.029554	20.478726	42.954925	1.5	1417
-20.478726	20.478726	42.954925	1.5	1418
-15.927898	20.478726	42.954925	1.5	1419
-11.377070	20.478726	42.954925	1.5	1420
-6.826242	20.478726	42.954925	1.5	1421
-2.275414	20.478726	42.954925	1.5	1422
2.275414	20.478726	42.954925	1.5	1423
6.826242	20.478726	42.954925	1.5	1424
11.377070	20.478726	42.954925	1.5	1425
15.927898	20.478726	42.954925	1.5	1426
20.478726	20.478726	42.954925	1.5	1427
25.029554	20.478726	42.954925	1.5	1428
-25.029554	25.029554	42.954925	1.5	1429
-20.478726	25.029554	42.954925	1.5	1430
-15.927898	25.029554	42.954925	1.5	1431
-11.377070	25.029554	42.954925	1.5	1432
-6.826242	25.029554	42.954925	1.5	1433
-2.275414	25.029554	42.954925	1.5	1434
2.275414	25.029554	42.954925	1.5	1435
6.826242	25.029554	42.954925	1.5	1436
11.377070	25.029554	42.954925	1.5	1437
15.927898	25.029554	42.954925	1.5	1438
20.478726	25.029554	42.954925	1.5	1439
25.029554	25.029554	42.954925	1.5	1440
-25.029554	-25.029554	47.505753	1.5	1441
-20.478726	-25.029554	47.505753	1.5	1442
-15.927898	-25.029554	47.505753	1.5	1443
-11.377070	-25.029554	47.505753	1.5	1444
-6.826242	-25.029554	47.505753	1.5	1445
-2.275414	-25.029554	47.505753	1.5	1446
2.275414	-25.029554	47.505753	1.5	1447
6.826242	-25.029554	47.505753	1.5	1448
11.377070	-25.029554	47.505753	1.5	1449
15.927898	-25.029554	47.505753	1.5	1450
20.478726	-25.029554	47.505753	1.5	1451
25.029554	-25.029554	47.505753	1.5	1452
-25.029554	-20.478726	47.505753	1.5	1453
-20.478726	-20.478726	47.505753	1.5	1454
-15.927898	-20.478726	47.505753	1.5	1455
-11.377070	-20.478726	47.505753	1.5	1456
-6.826242	-20.478726	47.505753	1.5	1457
-2.275414	-20.478726	47.505753	1.5	1458
2.275414	-20.478726	47.505753	1.5	1459
6.826242	-20.478726	47.505753	1.5	1460
11.377070	-20.478726	47.505753	1.5	1461
15.927898	-20.478726	47.505753	1.5	1462
20.478726	-20.478726	47.505753	1.5	1463
25.029554	-20.478726	47.505753	1.5	1464
-25.029554	-15.927898	47.505753	1.5	1465
-20.478726	-15.927898	47.505753	1.5	1466
-15.927898	-15.927898	47.505753	1.5	1467
-11.377070	-15.927898	47.505753	1.5	1468
-6.826242	-15.927898	47.505753	1.5	1469
-2.275414	-15.927898	47.505753	1.5	1470
2.275414	-15.927898	47.505753	1.5	1471
6.826242	-15.927898	47.505753	1.5	1472
11.377070	-15.927898	47.505753	1.5	1473
15.927898	-15.927898	47.505753	1.5	1474
20.478726	-15.927898	47.505753	1.5	1475
25.029554	-15.927898	47.505753	1.5	1476
-25.029554	-11.377070	47.505753	1.5	1477
-20.478726	-11.377070	47.505753	1.5	1478
-15.927898	-11.377070	47.505753	1.5	1479
-11.377070	-11.377070	47.505753	1.5	1480
-6.826242	-11.377070	47.505753	1.5	1481
-2.275414	-11.377070	47.505753	1.5	1482
2.275414	-11.377070	47.505753	1.5	1483
6.826242	-11.377070	47.505753	1.5	1484
11.377070	-11.377070	47.505753	1.5	1485
15.927898	-11.377070	47.505753	1.5	1486
20.478726	-11.377070	47.505753	1.5	1487
25.029554	-11.377070	47.505753	1.5	1488
-25.029554	-6.826242	47.505753	1.5	1489
-20.478726	-6.826242	47.505753	1.5	1490
-15.927898	-6.826242	47.505753	1.5	1491
-11.377070	-6.826242	47.505753	1.5	1492
-6.826242	-6.826242	47.505753	1.5	1493
-2.275414	-6.826242	47.505753	1.5	1494
2.275414	-6.826242	47.505753	1.5	1495
6.826242	-6.826242	47.505753	1.5	1496
11.377070	-6.826242	47.505753	1.5	1497
15.927898	-6.826242	47.505753	1.5	1498
20.478726	-6.826242	47.505753	1.5	1499
25.029554	-6.826242	47.505753	1.5	1500
-25.029554	-2.275414	47.505753	1.5	1501
-20.478726	-2.275414	47.505753	1.5	1502
-15.927898	-2.275414	47.505753	1.5	1503
-11.377070	-2.275414	47.505753	1.5	1504
-6.826242	-2.275414	47.505753	1.5	1505
-2.275414	-2.275414	47.505753	1.5	1506
2.275414	-2.275414	47.505753	1.5	1507
6.826242	-2.275414	47.505753	1.5	1508
11.377070	-2.275414	47.505753	1.5	1509
15.927898	-2.275414	47.505753	1.5	1510
20.478726	-2.275414	47.505753	1.5	1511
25.029554	-2.275414	47.505753	1.5	1512
-25.029554	2.275414	47.505753	1.5	1513
-20.478726	2.275414	47.505753	1.5	1514
-15.927898	2.275414	47.505753	1.5	1515
-11.377070	2.275414	47.505753	1.5	1516
-6.826242	2.275414	47.505753	1.5	1517
-2.275414	2.275414	47.505753	1.5	1518
2.275414	2.275414	47.505753	1.5	1519
6.826242	2.275414	47.505753	1.5	1520
11.377070	2.275414	47.505753	1.5	1521
15.927898	2.275414	47.505753	1.5	1522
20.478726	2.275414	47.505753	1.5	1523
25.029554	2.275414	47.505753	1.5	1524
-25.029554	6.826242	47.505753	1.5	1525
-20.478726	6.826242	47.505753	1.5	1526
-15.927898	6.826242	47.505753	1.5	1527
-11.377070	6.826242	47.505753	1.5	1528
-6.826242	6.826242	47.505753	1.5	1529
-2.275414	6.826242	47.505753	1.5	1530
2.275414	6.826242	47.505753	1.5	1531
6.826242	6.826242	47.505753	1.5	1532
11.377070	6.826242	47.505753	1.5	1533
15.927898	6.826242	47.505753	1.5	1534
20.478726	6.826242	47.505753	1.5	1535
25.029554	6.826242	47.505753	1.5	1536
-25.029554	11.377070	47.505753	1.5	1537
-20.478726	11.377070	47.505753	1.5	1538
-15.927898	11.377070	47.505753	1.5	1539
-11.377070	11.377070	47.505753	1.5	1540
-6.826242	11.377070	47.505753	1.5	1541
-2.275414	11.377070	47.505753	1.5	1542
2.275414	11.377070	47.505753	1.5	1543
6.826242	11.377070	47.505753	1.5	1544
11.377070	11.377070	47.505753	1.5	1545
15.927898	11.377070	47.505753	1.5	1546
20.478726	11.377070	47.505753	1.5	1547
25.029554	11.377070	47.505753	1.5	1548
-25.029554	15.927898	47.505753	1.5	1549
-20.478726	15.927898	47.505753	1.5	1550
-15.927898	15.927898	47.505753	1.5	1551
-11.377070	15.927898	47.505753	1.5	1552
-6.826242	15.927898	47.505753	1.5	1553
-2.275414	15.927898	47.505753	1.5	1554
2.275414	15.927898	47.505753	1.5	1555
6.826242	15.927898	47.505753	1.5	1556
11.377070	15.927898	47.505753	1.5	1557
15.927898	15.927898	47.505753	1.5	1558
20.478726	15.927898	47.505753	1.5	1559
25.029554	15.927898	47.505753	1.5	1560
-25.029554	20.478726	47.505753	1.5	1561
-20.478726	20.478726	47.505753	1.5	1562
-15.927898	20.478726	47.505753	1.5	1563
-11.377070	20.478726	47.505753	1.5	1564
-6.826242	20.478726	47.505753	1.5	1565
-2.275414	20.478726	47.505753	1.5	1566
2.275414	20.478726	47.505753	1.5	1567
6.826242	20.478726	47.505753	1.5	1568
11.377070	20.478726	47.505753	1.5	1569
15.927898	20.478726	47.505753	1.5	1570
20.478726	20.478726	47.505753	1.5	1571
25.029554	20.478726	47.505753	1.5	1572
-25.029554	25.029554	47.505753	1.5	1573
-20.478726	25.029554	47.505753	1.5	1574
-15.927898	25.029554	47.505753	1.5	1575
-11.377070	25.029554	47.505753	1.5	1576
-6.826242	25.029554	47.505753	1.5	1577
-2.275414	25.029554	47.505753	1.5	1578
2.275414	25.029554	47.505753	1.5	1579
6.826242	25.029554	47.505753	1.5	1580
11.377070	25.029554	47.505753	1.5	1581
15.927898	25.029554	47.505753	1.5	1582
20.478726	25.029554	47.505753	1.5	1583
25.029554	25.029554	47.505753	1.5	1584
-25.029554	-25.029554	52.056581	1.5	1585
-20.478726	-25.029554	52.056581	1.5	1586
-15.927898	-25.029554	52.056581	1.5	1587
-11.377070	-25.029554	52.056581	1.5	1588
-6.826242	-25.029554	52.056581	1.5	1589
-2.275414	-25.029554	52.056581	1.5	1590
2.275414	-25.029554	52.056581	1.5	1591
6.826242	-25.029554	52.056581	1.5	1592
11.377070	-25.029554	52.056581	1.5	1593
15.927898	-25.029554	52.056581	1.5	1594
20.478726	-25.029554	52.056581	1.5	1595
25.029554	-25.029554	52.056581	1.5	1596
-25.029554	-20.478726	52.056581	1.5	1597
-20.478726	-20.478726	52.056581	1.5	1598
-15.927898	-20.478726	52.056581	1.5	1599
-11.377070	-20.478726	52.056581	1.5	1600
-6.826242	-20.478726	52.056581	1.5	1601
-2.275414	-20.478726	52.056581	1.5	1602
2.275414	-20.478726	52.056581	1.5	1603
6.826242	-20.478726	52.056581	1.5	1604
11.377070	-20.478726	52.056581	1.5	1605
15.927898	-20.478726	52.056581	1.5	1606
20.478726	-20.478726	52.056581	1.5	1607
25.029554	-20.478726	52.056581	1.5	1608
-25.029554	-15.927898	52.056581	1.5	1609
-20.478726	-15.927898	52.056581	1.5	1610
-15.927898	-15.927898	52.056581	1.5	1611
-11.377070	-15.927898	52.056581	1.5	1612
-6.826242	-15.927898	52.056581	1.5	1613
-2.275414	-15.927898	52.056581	1.5	1614
2.275414	-15.927898	52.056581	1.5	1615
6.826242	-15.927898	52.056581	1.5	1616
11.377070	-15.927898	52.056581	1.5	1617
15.927898	-15.927898	52.056581	1.5	1618
20.478726	-15.927898	52.056581	1.5	1619
25.029554	-15.927898	52.056581	1.5	1620
-25.029554	-11.377070	52.056581	1.5	1621
-20.478726	-11.377070	52.056581	1.5	1622
-15.927898	-11.377070	52.056581	1.5	1623
-11.377070	-11.377070	52.056581	1.5	1624
-6.826242	-11.377070	52.056581	1.5	1625
-2.275414	-11.377070	52.056581	1.5	1626
2.275414	-11.377070	52.056581	1.5	1627
6.826242	-11.377070	52.056581	1.5	1628
11.377070	-11.377070	52.056581	1.5	1629
15.927898	-11.377070	52.056581	1.5	1630
20.478726	-11.377070	52.056581	1.5	1631
25.029554	-11.377070	52.056581	1.5	1632
-25.029554	-6.826242	52.056581	1.5	1633
-20.478726	-6.826242	52.056581	1.5	1634
-15.927898	-6.826242	52.056581	1.5	1635
-11.377070	-6.826242	52.056581	1.5	1636
-6.826242	-6.826242	52.056581	1.5	1637
-2.275414	-6.826242	52.056581	1.5	1638
2.275414	-6.826242	52.056581	1.5	1639
6.826242	-6.826242	52.056581	1.5	1640
11.377070	-6.826242	52.056581	1.5	1641
15.927898	-6.826242	52.056581	1.5	1642
20.478726	-6.826242	52.056581	1.5	1643
25.029554	-6.826242	52.056581	1.5	1644
-25.029554	-2.275414	52.056581	1.5	1645
-20.478726	-2.275414	52.056581	1.5	1646
-15.927898	-2.275414	52.056581	1.5	1647
-11.377070	-2.275414	52.056581	1.5	1648
-6.826242	-2.275414	52.056581	1.5	1649
-2.275414	-2.275414	52.056581	1.5	1650
2.275414	-2.275414	52.056581	1.5	1651
6.826242	-2.275414	52.056581	1.5	1652
11.377070	-2.275414	52.056581	1.5	1653
15.927898	-2.275414	52.056581	1.5	1654
20.478726	-2.275414	52.056581	1.5	1655
25.029554	-2.275414	52.056581	1.5	1656
-25.029554	2.275414	52.056581	1.5	1657
-20.478726	2.275414	52.056581	1.5	1658
-15.927898	2.275414	52.056581	1.5	1659
-11.377070	2.275414	52.056581	1.5	1660
-6.826242	2.275414	52.056581	1.5	1661
-2.275414	2.275414	52.056581	1.5	1662
2.275414	2.275414	52.056581	1.5	1663
6.826242	2.275414	52.056581	1.5	1664
11.377070	2.275414	52.056581	1.5	1665
15.927898	2.275414	52.056581	1.5	1666
20.478726	2.275414	52.056581	1.5	1667
25.029554	2.275414	52.056581	1.5	1668
-25.029554	6.826242	52.056581	1.5	1669
-20.478726	6.826242	52.056581	1.5	1670
-15.927898	6.826242	52.056581	1.5	1671
-11.377070	6.826242	52.056581	1.5	1672
-6.826242	6.826242	52.056581	1.5	1673
-2.275414	6.826242	52.056581	1.5	1674
2.275414	6.826242	52.056581	1.5	1675
6.826242	6.826242	52.056581	1.5	1676
11.377070	6.826242	52.056581	1.5	1677
15.927898	6.826242	52.056581	1.5	1678
20.478726	6.826242	52.056581	1.5	1679
25.029554	6.826242	52.056581	1.5	1680
-25.029554	11.377070	52.056581	1.5	1681
-20.478726	11.377070	52.056581	1.5	1682
-15.927898	11.377070	52.056581	1.5	1683
-11.377070	11.377070	52.056581	1.5	1684
-6.826242	11.377070	52.056581	1.5	1685
-2.275414	11.377070	52.056581	1.5	1686
2.275414	11.377070	52.056581	1.5	1687
6.826242	11.377070	52.056581	1.5	1688
11.377070	11.377070	52.056581	1.5	1689
15.927898	11.377070	52.056581	1.5	1690
20.478726	11.377070	52.056581	1.5	1691
25.029554	11.377070	52.056581	1.5	1692
-25.029554	15.927898	52.056581	1.5	1693
-20.478726	15.927898	52.056581	1.5	1694
-15.927898	15.927898	52.056581	1.5	1695
-11.377070	15.927898	52.056581	1.5	1696
-6.826242	15.927898	52.056581	1.5	1697
-2.275414	15.927898	52.056581	1.5	1698
2.275414	15.927898	52.056581	1.5	1699
6.826242	15.927898	52.056581	1.5	1700
11.377070	15.927898	52.056581	1.5	1701
15.927898	15.927898	52.056581	1.5	1702
20.478726	15.927898	52.056581	1.5	1703
25.029554	15.927898	52.056581	1.5	1704
-25.029554	20.478726	52.056581	1.5	1705
-20.478726	20.478726	52.056581	1.5	1706
-15.927898	20.478726	52.056581	1.5	1707
-11.377070	20.478726	52.056581	1.5	1708
-6.826242	20.478726	52.056581	1.5	1709
-2.275414	20.478726	52.056581	1.5	1710
2.275414	20.478726	52.056581	1.5	1711
6.826242	20.478726	52.056581	1.5	1712
11.377070	20.478726	52.056581	1.5	1713
15.927898	20.478726	52.056581	1.5	1714
20.478726	20.478726	52.056581	1.5	1715
25.029554	20.478726	52.056581	1.5	1716
-25.029554	25.029554	52.056581	1.5	1717
-20.478726	25.029554	52.056581	1.5	1718
-15.927898	25.029554	52.056581	1.5	1719
-11.377070	25.029554	52.056581	1.5	1720
-6.826242	25.029554	52.056581	1.5	1721
-2.275414	25.029554	52.056581	1.5	1722
2.275414	25.029554	52.056581	1.5	1723
6.826242	25.029554	52.056581	1.5	1724
11.377070	25.029554	52.056581	1.5	1725
15.927898	25.029554	52.056581	1.5	1726
20.478726	25.029554	52.056581	1.5	1727
25.029554	25.029554	52.056581	1.5	1728
