-72.813248	0.000000	214.483440	12.0	70
-36.406624	0.000000	214.483440	12.0	74
0.000000	18.203312	196.280128	12.0	77
-36.406624	36.406624	214.483440	12.0	99
-72.813248	18.203312	232.686752	12.0	206
-18.203312	18.203312	250.890064	12.0	208
72.813248	18.203312	232.686752	12.0	222
-18.203312	91.016560	250.890064	12.0	255
-91.016560	-72.813248	269.093376	12.0	290
-72.813248	-36.406624	287.296688	12.0	318
18.203312	-36.406624	269.093376	12.0	324
0.000000	18.203312	269.093376	12.0	351
54.609936	54.609936	287.296688	12.0	378
54.609936	36.406624	269.093376	12.0	379
-18.203312	91.016560	287.296688	12.0	392
-109.219872	-36.406624	323.703312	12.0	451
0.000000	-36.406624	323.703312	12.0	463
-109.219872	0.000000	323.703312	12.0	477
54.609936	18.203312	323.703312	12.0	490
72.813248	18.203312	305.500000	12.0	496
-72.813248	-72.813248	360.109936	12.0	568
18.203312	-72.813248	341.906624	12.0	574
0.000000	-54.609936	341.906624	12.0	575
-72.813248	18.203312	341.906624	12.0	617
-18.203312	36.406624	341.906624	12.0	645
-36.406624	54.609936	341.906624	12.0	646
-18.203312	18.203312	396.516560	12.0	756
-54.609936	54.609936	396.516560	12.0	777
-18.203312	54.609936	396.516560	12.0	781
0.000000	36.406624	396.516560	12.0	788
