-54.609936	-91.016560	214.483440	12.0
-72.813248	-91.016560	196.280128	12.0
-18.203312	-91.016560	214.483440	12.0
-18.203312	-109.219872	196.280128	12.0
-36.406624	-91.016560	196.280128	12.0
-36.406624	-109.219872	214.483440	12.0
18.203312	-91.016560	214.483440	12.0
18.203312	-109.219872	196.280128	12.0
0.000000	-91.016560	196.280128	12.0
0.000000	-109.219872	214.483440	12.0
54.609936	-91.016560	214.483440	12.0
36.406624	-91.016560	196.280128	12.0
36.406624	-109.219872	214.483440	12.0
72.813248	-91.016560	196.280128	12.0
-91.016560	-54.609936	214.483440	12.0
-91.016560	-72.813248	196.280128	12.0
-54.609936	-54.609936	214.483440	12.0
-54.609936	-72.813248	196.280128	12.0
-72.813248	-54.609936	196.280128	12.0
-72.813248	-72.813248	214.483440	12.0
-18.203312	-54.609936	214.483440	12.0
-18.203312	-72.813248	196.280128	12.0
-36.406624	-54.609936	196.280128	12.0
-36.406624	-72.813248	214.483440	12.0
18.203312	-54.609936	214.483440	12.0
18.203312	-72.813248	196.280128	12.0
0.000000	-54.609936	196.280128	12.0
0.000000	-72.813248	214.483440	12.0
54.609936	-54.609936	214.483440	12.0
54.609936	-72.813248	196.280128	12.0
36.406624	-54.609936	196.280128	12.0
36.406624	-72.813248	214.483440	12.0
91.016560	-54.609936	214.483440	12.0
91.016560	-72.813248	196.280128	12.0
72.813248	-54.609936	196.280128	12.0
72.813248	-72.813248	214.483440	12.0
-91.016560	-18.203312	214.483440	12.0
-91.016560	-36.406624	196.280128	12.0
-109.219872	-18.203312	196.280128	12.0
-109.219872	-36.406624	214.483440	12.0
-54.609936	-18.203312	214.483440	12.0
-54.609936	-36.406624	196.280128	12.0
-72.813248	-18.203312	196.280128	12.0
-72.813248	-36.406624	214.483440	12.0
-18.203312	-18.203312	214.483440	12.0
-18.203312	-36.406624	196.280128	12.0
-36.406624	-18.203312	196.280128	12.0
-36.406624	-36.406624	214.483440	12.0
18.203312	-18.203312	214.483440	12.0
18.203312	-36.406624	196.280128	12.0
0.000000	-18.203312	196.280128	12.0
0.000000	-36.406624	214.483440	12.0
54.609936	-18.203312	214.483440	12.0
54.609936	-36.406624	196.280128	12.0
36.406624	-18.203312	196.280128	12.0
36.406624	-36.406624	214.483440	12.0
91.016560	-18.203312	214.483440	12.0
91.016560	-36.406624	196.280128	12.0
72.813248	-18.203312	196.280128	12.0
72.813248	-36.406624	214.483440	12.0
109.219872	-18.203312	196.280128	12.0
109.219872	-36.406624	214.483440	12.0
-91.016560	18.203312	214.483440	12.0
-91.016560	0.000000	196.280128	12.0
-109.219872	18.203312	196.280128	12.0
-109.219872	0.000000	214.483440	12.0
-54.609936	18.203312	214.483440	12.0
-54.609936	0.000000	196.280128	12.0
-72.813248	18.203312	196.280128	12.0
-72.813248	0.000000	214.483440	12.0
-18.203312	18.203312	214.483440	12.0
-18.203312	0.000000	196.280128	12.0
-36.406624	18.203312	196.280128	12.0
-36.406624	0.000000	214.483440	12.0
18.203312	18.203312	214.483440	12.0
18.203312	0.000000	196.280128	12.0
0.000000	18.203312	196.280128	12.0
0.000000	0.000000	214.483440	12.0
54.609936	18.203312	214.483440	12.0
54.609936	0.000000	196.280128	12.0
36.406624	18.203312	196.280128	12.0
36.406624	0.000000	214.483440	12.0
91.016560	18.203312	214.483440	12.0
91.016560	0.000000	196.280128	12.0
72.813248	18.203312	196.280128	12.0
72.813248	0.000000	214.483440	12.0
109.219872	18.203312	196.280128	12.0
109.219872	0.000000	214.483440	12.0
-91.016560	54.609936	214.483440	12.0
-91.016560	36.406624	196.280128	12.0
-109.219872	36.406624	214.483440	12.0
-54.609936	54.609936	214.483440	12.0
-54.609936	36.406624	196.280128	12.0
-72.813248	54.609936	196.280128	12.0
-72.813248	36.406624	214.483440	12.0
-18.203312	54.609936	214.483440	12.0
-18.203312	36.406624	196.280128	12.0
-36.406624	54.609936	196.280128	12.0
-36.406624	36.406624	214.483440	12.0
18.203312	54.609936	214.483440	12.0
18.203312	36.406624	196.280128	12.0
0.000000	54.609936	196.280128	12.0
0.000000	36.406624	214.483440	12.0
54.609936	54.609936	214.483440	12.0
54.609936	36.406624	196.280128	12.0
36.406624	54.609936	196.280128	12.0
36.406624	36.406624	214.483440	12.0
91.016560	54.609936	214.483440	12.0
91.016560	36.406624	196.280128	12.0
72.813248	54.609936	196.280128	12.0
72.813248	36.406624	214.483440	12.0
109.219872	36.406624	214.483440	12.0
-91.016560	72.813248	196.280128	12.0
-54.609936	91.016560	214.483440	12.0
-54.609936	72.813248	196.280128	12.0
-72.813248	91.016560	196.280128	12.0
-72.813248	72.813248	214.483440	12.0
-18.203312	91.016560	214.483440	12.0
-18.203312	72.813248	196.280128	12.0
-36.406624	91.016560	196.280128	12.0
-36.406624	72.813248	214.483440	12.0
18.203312	91.016560	214.483440	12.0
18.203312	72.813248	196.280128	12.0
0.000000	91.016560	196.280128	12.0
0.000000	72.813248	214.483440	12.0
54.609936	91.016560	214.483440	12.0
54.609936	72.813248	196.280128	12.0
36.406624	91.016560	196.280128	12.0
36.406624	72.813248	214.483440	12.0
91.016560	72.813248	196.280128	12.0
72.813248	91.016560	196.280128	12.0
72.813248	72.813248	214.483440	12.0
-18.203312	109.219872	196.280128	12.0
-36.406624	109.219872	214.483440	12.0
18.203312	109.219872	196.280128	12.0
0.000000	109.219872	214.483440	12.0
36.406624	109.219872	214.483440	12.0
-54.609936	-91.016560	250.890064	12.0
-72.813248	-91.016560	232.686752	12.0
-18.203312	-91.016560	250.890064	12.0
-18.203312	-109.219872	232.686752	12.0
-36.406624	-91.016560	232.686752	12.0
-36.406624	-109.219872	250.890064	12.0
18.203312	-91.016560	250.890064	12.0
18.203312	-109.219872	232.686752	12.0
0.000000	-91.016560	232.686752	12.0
0.000000	-109.219872	250.890064	12.0
54.609936	-91.016560	250.890064	12.0
36.406624	-91.016560	232.686752	12.0
36.406624	-109.219872	250.890064	12.0
72.813248	-91.016560	232.686752	12.0
-91.016560	-54.609936	250.890064	12.0
-91.016560	-72.813248	232.686752	12.0
-54.609936	-54.609936	250.890064	12.0
-54.609936	-72.813248	232.686752	12.0
-72.813248	-54.609936	232.686752	12.0
-72.813248	-72.813248	250.890064	12.0
-18.203312	-54.609936	250.890064	12.0
-18.203312	-72.813248	232.686752	12.0
-36.406624	-54.609936	232.686752	12.0
-36.406624	-72.813248	250.890064	12.0
18.203312	-54.609936	250.890064	12.0
18.203312	-72.813248	232.686752	12.0
0.000000	-54.609936	232.686752	12.0
0.000000	-72.813248	250.890064	12.0
54.609936	-54.609936	250.890064	12.0
54.609936	-72.813248	232.686752	12.0
36.406624	-54.609936	232.686752	12.0
36.406624	-72.813248	250.890064	12.0
91.016560	-54.609936	250.890064	12.0
91.016560	-72.813248	232.686752	12.0
72.813248	-54.609936	232.686752	12.0
72.813248	-72.813248	250.890064	12.0
-91.016560	-18.203312	250.890064	12.0
-91.016560	-36.406624	232.686752	12.0
-109.219872	-18.203312	232.686752	12.0
-109.219872	-36.406624	250.890064	12.0
-54.609936	-18.203312	250.890064	12.0
-54.609936	-36.406624	232.686752	12.0
-72.813248	-18.203312	232.686752	12.0
-72.813248	-36.406624	250.890064	12.0
-18.203312	-18.203312	250.890064	12.0
-18.203312	-36.406624	232.686752	12.0
-36.406624	-18.203312	232.686752	12.0
-36.406624	-36.406624	250.890064	12.0
18.203312	-18.203312	250.890064	12.0
18.203312	-36.406624	232.686752	12.0
0.000000	-18.203312	232.686752	12.0
0.000000	-36.406624	250.890064	12.0
54.609936	-18.203312	250.890064	12.0
54.609936	-36.406624	232.686752	12.0
36.406624	-18.203312	232.686752	12.0
36.406624	-36.406624	250.890064	12.0
91.016560	-18.203312	250.890064	12.0
91.016560	-36.406624	232.686752	12.0
72.813248	-18.203312	232.686752	12.0
72.813248	-36.406624	250.890064	12.0
109.219872	-18.203312	232.686752	12.0
109.219872	-36.406624	250.890064	12.0
-91.016560	18.203312	250.890064	12.0
-91.016560	0.000000	232.686752	12.0
-109.219872	18.203312	232.686752	12.0
-109.219872	0.000000	250.890064	12.0
-54.609936	18.203312	250.890064	12.0
-54.609936	0.000000	232.686752	12.0
-72.813248	18.203312	232.686752	12.0
-72.813248	0.000000	250.890064	12.0
-18.203312	18.203312	250.890064	12.0
-18.203312	0.000000	232.686752	12.0
-36.406624	18.203312	232.686752	12.0
-36.406624	0.000000	250.890064	12.0
18.203312	18.203312	250.890064	12.0
18.203312	0.000000	232.686752	12.0
0.000000	18.203312	232.686752	12.0
0.000000	0.000000	250.890064	12.0
54.609936	18.203312	250.890064	12.0
54.609936	0.000000	232.686752	12.0
36.406624	18.203312	232.686752	12.0
36.406624	0.000000	250.890064	12.0
91.016560	18.203312	250.890064	12.0
91.016560	0.000000	232.686752	12.0
72.813248	18.203312	232.686752	12.0
72.813248	0.000000	250.890064	12.0
109.219872	18.203312	232.686752	12.0
109.219872	0.000000	250.890064	12.0
-91.016560	54.609936	250.890064	12.0
-91.016560	36.406624	232.686752	12.0
-109.219872	36.406624	250.890064	12.0
-54.609936	54.609936	250.890064	12.0
-54.609936	36.406624	232.686752	12.0
-72.813248	54.609936	232.686752	12.0
-72.813248	36.406624	250.890064	12.0
-18.203312	54.609936	250.890064	12.0
-18.203312	36.406624	232.686752	12.0
-36.406624	54.609936	232.686752	12.0
-36.406624	36.406624	250.890064	12.0
18.203312	54.609936	250.890064	12.0
18.203312	36.406624	232.686752	12.0
0.000000	54.609936	232.686752	12.0
0.000000	36.406624	250.890064	12.0
54.609936	54.609936	250.890064	12.0
54.609936	36.406624	232.686752	12.0
36.406624	54.609936	232.686752	12.0
36.406624	36.406624	250.890064	12.0
91.016560	54.609936	250.890064	12.0
91.016560	36.406624	232.686752	12.0
72.813248	54.609936	232.686752	12.0
72.813248	36.406624	250.890064	12.0
109.219872	36.406624	250.890064	12.0
-91.016560	72.813248	232.686752	12.0
-54.609936	91.016560	250.890064	12.0
-54.609936	72.813248	232.686752	12.0
-72.813248	91.016560	232.686752	12.0
-72.813248	72.813248	250.890064	12.0
-18.203312	91.016560	250.890064	12.0
-18.203312	72.813248	232.686752	12.0
-36.406624	91.016560	232.686752	12.0
-36.406624	72.813248	250.890064	12.0
18.203312	91.016560	250.890064	12.0
18.203312	72.813248	232.686752	12.0
0.000000	91.016560	232.686752	12.0
0.000000	72.813248	250.890064	12.0
54.609936	91.016560	250.890064	12.0
54.609936	72.813248	232.686752	12.0
36.406624	91.016560	232.686752	12.0
36.406624	72.813248	250.890064	12.0
91.016560	72.813248	232.686752	12.0
72.813248	91.016560	232.686752	12.0
72.813248	72.813248	250.890064	12.0
-18.203312	109.219872	232.686752	12.0
-36.406624	109.219872	250.890064	12.0
18.203312	109.219872	232.686752	12.0
0.000000	109.219872	250.890064	12.0
36.406624	109.219872	250.890064	12.0
-54.609936	-91.016560	287.296688	12.0
-72.813248	-91.016560	269.093376	12.0
-18.203312	-91.016560	287.296688	12.0
-18.203312	-109.219872	269.093376	12.0
-36.406624	-91.016560	269.093376	12.0
-36.406624	-109.219872	287.296688	12.0
18.203312	-91.016560	287.296688	12.0
18.203312	-109.219872	269.093376	12.0
0.000000	-91.016560	269.093376	12.0
0.000000	-109.219872	287.296688	12.0
54.609936	-91.016560	287.296688	12.0
36.406624	-91.016560	269.093376	12.0
36.406624	-109.219872	287.296688	12.0
72.813248	-91.016560	269.093376	12.0
-91.016560	-54.609936	287.296688	12.0
-91.016560	-72.813248	269.093376	12.0
-54.609936	-54.609936	287.296688	12.0
-54.609936	-72.813248	269.093376	12.0
-72.813248	-54.609936	269.093376	12.0
-72.813248	-72.813248	287.296688	12.0
-18.203312	-54.609936	287.296688	12.0
-18.203312	-72.813248	269.093376	12.0
-36.406624	-54.609936	269.093376	12.0
-36.406624	-72.813248	287.296688	12.0
18.203312	-54.609936	287.296688	12.0
18.203312	-72.813248	269.093376	12.0
0.000000	-54.609936	269.093376	12.0
0.000000	-72.813248	287.296688	12.0
54.609936	-54.609936	287.296688	12.0
54.609936	-72.813248	269.093376	12.0
36.406624	-54.609936	269.093376	12.0
36.406624	-72.813248	287.296688	12.0
91.016560	-54.609936	287.296688	12.0
91.016560	-72.813248	269.093376	12.0
72.813248	-54.609936	269.093376	12.0
72.813248	-72.813248	287.296688	12.0
-91.016560	-18.203312	287.296688	12.0
-91.016560	-36.406624	269.093376	12.0
-109.219872	-18.203312	269.093376	12.0
-109.219872	-36.406624	287.296688	12.0
-54.609936	-18.203312	287.296688	12.0
-54.609936	-36.406624	269.093376	12.0
-72.813248	-18.203312	269.093376	12.0
-72.813248	-36.406624	287.296688	12.0
-18.203312	-18.203312	287.296688	12.0
-18.203312	-36.406624	269.093376	12.0
-36.406624	-18.203312	269.093376	12.0
-36.406624	-36.406624	287.296688	12.0
18.203312	-18.203312	287.296688	12.0
18.203312	-36.406624	269.093376	12.0
0.000000	-18.203312	269.093376	12.0
0.000000	-36.406624	287.296688	12.0
54.609936	-18.203312	287.296688	12.0
54.609936	-36.406624	269.093376	12.0
36.406624	-18.203312	269.093376	12.0
36.406624	-36.406624	287.296688	12.0
91.016560	-18.203312	287.296688	12.0
91.016560	-36.406624	269.093376	12.0
72.813248	-18.203312	269.093376	12.0
72.813248	-36.406624	287.296688	12.0
109.219872	-18.203312	269.093376	12.0
109.219872	-36.406624	287.296688	12.0
-91.016560	18.203312	287.296688	12.0
-91.016560	0.000000	269.093376	12.0
-109.219872	18.203312	269.093376	12.0
-109.219872	0.000000	287.296688	12.0
-54.609936	18.203312	287.296688	12.0
-54.609936	0.000000	269.093376	12.0
-72.813248	18.203312	269.093376	12.0
-72.813248	0.000000	287.296688	12.0
-18.203312	18.203312	287.296688	12.0
-18.203312	0.000000	269.093376	12.0
-36.406624	18.203312	269.093376	12.0
-36.406624	0.000000	287.296688	12.0
18.203312	18.203312	287.296688	12.0
18.203312	0.000000	269.093376	12.0
0.000000	18.203312	269.093376	12.0
0.000000	0.000000	287.296688	12.0
54.609936	18.203312	287.296688	12.0
54.609936	0.000000	269.093376	12.0
36.406624	18.203312	269.093376	12.0
36.406624	0.000000	287.296688	12.0
91.016560	18.203312	287.296688	12.0
91.016560	0.000000	269.093376	12.0
72.813248	18.203312	269.093376	12.0
72.813248	0.000000	287.296688	12.0
109.219872	18.203312	269.093376	12.0
109.219872	0.000000	287.296688	12.0
-91.016560	54.609936	287.296688	12.0
-91.016560	36.406624	269.093376	12.0
-109.219872	36.406624	287.296688	12.0
-54.609936	54.609936	287.296688	12.0
-54.609936	36.406624	269.093376	12.0
-72.813248	54.609936	269.093376	12.0
-72.813248	36.406624	287.296688	12.0
-18.203312	54.609936	287.296688	12.0
-18.203312	36.406624	269.093376	12.0
-36.406624	54.609936	269.093376	12.0
-36.406624	36.406624	287.296688	12.0
18.203312	54.609936	287.296688	12.0
18.203312	36.406624	269.093376	12.0
0.000000	54.609936	269.093376	12.0
0.000000	36.406624	287.296688	12.0
54.609936	54.609936	287.296688	12.0
54.609936	36.406624	269.093376	12.0
36.406624	54.609936	269.093376	12.0
36.406624	36.406624	287.296688	12.0
91.016560	54.609936	287.296688	12.0
91.016560	36.406624	269.093376	12.0
72.813248	54.609936	269.093376	12.0
72.813248	36.406624	287.296688	12.0
109.219872	36.406624	287.296688	12.0
-91.016560	72.813248	269.093376	12.0
-54.609936	91.016560	287.296688	12.0
-54.609936	72.813248	269.093376	12.0
-72.813248	91.016560	269.093376	12.0
-72.813248	72.813248	287.296688	12.0
-18.203312	91.016560	287.296688	12.0
-18.203312	72.813248	269.093376	12.0
-36.406624	91.016560	269.093376	12.0
-36.406624	72.813248	287.296688	12.0
18.203312	91.016560	287.296688	12.0
18.203312	72.813248	269.093376	12.0
0.000000	91.016560	269.093376	12.0
0.000000	72.813248	287.296688	12.0
54.609936	91.016560	287.296688	12.0
54.609936	72.813248	269.093376	12.0
36.406624	91.016560	269.093376	12.0
36.406624	72.813248	287.296688	12.0
91.016560	72.813248	269.093376	12.0
72.813248	91.016560	269.093376	12.0
72.813248	72.813248	287.296688	12.0
-18.203312	109.219872	269.093376	12.0
-36.406624	109.219872	287.296688	12.0
18.203312	109.219872	269.093376	12.0
0.000000	109.219872	287.296688	12.0
36.406624	109.219872	287.296688	12.0
-54.609936	-91.016560	323.703312	12.0
-72.813248	-91.016560	305.500000	12.0
-18.203312	-91.016560	323.703312	12.0
-18.203312	-109.219872	305.500000	12.0
-36.406624	-91.016560	305.500000	12.0
-36.406624	-109.219872	323.703312	12.0
18.203312	-91.016560	323.703312	12.0
18.203312	-109.219872	305.500000	12.0
0.000000	-91.016560	305.500000	12.0
0.000000	-109.219872	323.703312	12.0
54.609936	-91.016560	323.703312	12.0
36.406624	-91.016560	305.500000	12.0
36.406624	-109.219872	323.703312	12.0
72.813248	-91.016560	305.500000	12.0
-91.016560	-54.609936	323.703312	12.0
-91.016560	-72.813248	305.500000	12.0
-54.609936	-54.609936	323.703312	12.0
-54.609936	-72.813248	305.500000	12.0
-72.813248	-54.609936	305.500000	12.0
-72.813248	-72.813248	323.703312	12.0
-18.203312	-54.609936	323.703312	12.0
-18.203312	-72.813248	305.500000	12.0
-36.406624	-54.609936	305.500000	12.0
-36.406624	-72.813248	323.703312	12.0
18.203312	-54.609936	323.703312	12.0
18.203312	-72.813248	305.500000	12.0
0.000000	-54.609936	305.500000	12.0
0.000000	-72.813248	323.703312	12.0
54.609936	-54.609936	323.703312	12.0
54.609936	-72.813248	305.500000	12.0
36.406624	-54.609936	305.500000	12.0
36.406624	-72.813248	323.703312	12.0
91.016560	-54.609936	323.703312	12.0
91.016560	-72.813248	305.500000	12.0
72.813248	-54.609936	305.500000	12.0
72.813248	-72.813248	323.703312	12.0
-91.016560	-18.203312	323.703312	12.0
-91.016560	-36.406624	305.500000	12.0
-109.219872	-18.203312	305.500000	12.0
-109.219872	-36.406624	323.703312	12.0
-54.609936	-18.203312	323.703312	12.0
-54.609936	-36.406624	305.500000	12.0
-72.813248	-18.203312	305.500000	12.0
-72.813248	-36.406624	323.703312	12.0
-18.203312	-18.203312	323.703312	12.0
-18.203312	-36.406624	305.500000	12.0
-36.406624	-18.203312	305.500000	12.0
-36.406624	-36.406624	323.703312	12.0
18.203312	-18.203312	323.703312	12.0
18.203312	-36.406624	305.500000	12.0
0.000000	-18.203312	305.500000	12.0
0.000000	-36.406624	323.703312	12.0
54.609936	-18.203312	323.703312	12.0
54.609936	-36.406624	305.500000	12.0
36.406624	-18.203312	305.500000	12.0
36.406624	-36.406624	323.703312	12.0
91.016560	-18.203312	323.703312	12.0
91.016560	-36.406624	305.500000	12.0
72.813248	-18.203312	305.500000	12.0
72.813248	-36.406624	323.703312	12.0
109.219872	-18.203312	305.500000	12.0
109.219872	-36.406624	323.703312	12.0
-91.016560	18.203312	323.703312	12.0
-91.016560	0.000000	305.500000	12.0
-109.219872	18.203312	305.500000	12.0
-109.219872	0.000000	323.703312	12.0
-54.609936	18.203312	323.703312	12.0
-54.609936	0.000000	305.500000	12.0
-72.813248	18.203312	305.500000	12.0
-72.813248	0.000000	323.703312	12.0
-18.203312	18.203312	323.703312	12.0
-18.203312	0.000000	305.500000	12.0
-36.406624	18.203312	305.500000	12.0
-36.406624	0.000000	323.703312	12.0
18.203312	18.203312	323.703312	12.0
18.203312	0.000000	305.500000	12.0
0.000000	18.203312	305.500000	12.0
0.000000	0.000000	323.703312	12.0
54.609936	18.203312	323.703312	12.0
54.609936	0.000000	305.500000	12.0
36.406624	18.203312	305.500000	12.0
36.406624	0.000000	323.703312	12.0
91.016560	18.203312	323.703312	12.0
91.016560	0.000000	305.500000	12.0
72.813248	18.203312	305.500000	12.0
72.813248	0.000000	323.703312	12.0
109.219872	18.203312	305.500000	12.0
109.219872	0.000000	323.703312	12.0
-91.016560	54.609936	323.703312	12.0
-91.016560	36.406624	305.500000	12.0
-109.219872	36.406624	323.703312	12.0
-54.609936	54.609936	323.703312	12.0
-54.609936	36.406624	305.500000	12.0
-72.813248	54.609936	305.500000	12.0
-72.813248	36.406624	323.703312	12.0
-18.203312	54.609936	323.703312	12.0
-18.203312	36.406624	305.500000	12.0
-36.406624	54.609936	305.500000	12.0
-36.406624	36.406624	323.703312	12.0
18.203312	54.609936	323.703312	12.0
18.203312	36.406624	305.500000	12.0
0.000000	54.609936	305.500000	12.0
0.000000	36.406624	323.703312	12.0
54.609936	54.609936	323.703312	12.0
54.609936	36.406624	305.500000	12.0
36.406624	54.609936	305.500000	12.0
36.406624	36.406624	323.703312	12.0
91.016560	54.609936	323.703312	12.0
91.016560	36.406624	305.500000	12.0
72.813248	54.609936	305.500000	12.0
72.813248	36.406624	323.703312	12.0
109.219872	36.406624	323.703312	12.0
-91.016560	72.813248	305.500000	12.0
-54.609936	91.016560	323.703312	12.0
-54.609936	72.813248	305.500000	12.0
-72.813248	91.016560	305.500000	12.0
-72.813248	72.813248	323.703312	12.0
-18.203312	91.016560	323.703312	12.0
-18.203312	72.813248	305.500000	12.0
-36.406624	91.016560	305.500000	12.0
-36.406624	72.813248	323.703312	12.0
18.203312	91.016560	323.703312	12.0
18.203312	72.813248	305.500000	12.0
0.000000	91.016560	305.500000	12.0
0.000000	72.813248	323.703312	12.0
54.609936	91.016560	323.703312	12.0
54.609936	72.813248	305.500000	12.0
36.406624	91.016560	305.500000	12.0
36.406624	72.813248	323.703312	12.0
91.016560	72.813248	305.500000	12.0
72.813248	91.016560	305.500000	12.0
72.813248	72.813248	323.703312	12.0
-18.203312	109.219872	305.500000	12.0
-36.406624	109.219872	323.703312	12.0
18.203312	109.219872	305.500000	12.0
0.000000	109.219872	323.703312	12.0
36.406624	109.219872	323.703312	12.0
-54.609936	-91.016560	360.109936	12.0
-72.813248	-91.016560	341.906624	12.0
-18.203312	-91.016560	360.109936	12.0
-18.203312	-109.219872	341.906624	12.0
-36.406624	-91.016560	341.906624	12.0
-36.406624	-109.219872	360.109936	12.0
18.203312	-91.016560	360.109936	12.0
18.203312	-109.219872	341.906624	12.0
0.000000	-91.016560	341.906624	12.0
0.000000	-109.219872	360.109936	12.0
54.609936	-91.016560	360.109936	12.0
36.406624	-91.016560	341.906624	12.0
36.406624	-109.219872	360.109936	12.0
72.813248	-91.016560	341.906624	12.0
-91.016560	-54.609936	360.109936	12.0
-91.016560	-72.813248	341.906624	12.0
-54.609936	-54.609936	360.109936	12.0
-54.609936	-72.813248	341.906624	12.0
-72.813248	-54.609936	341.906624	12.0
-72.813248	-72.813248	360.109936	12.0
-18.203312	-54.609936	360.109936	12.0
-18.203312	-72.813248	341.906624	12.0
-36.406624	-54.609936	341.906624	12.0
-36.406624	-72.813248	360.109936	12.0
18.203312	-54.609936	360.109936	12.0
18.203312	-72.813248	341.906624	12.0
0.000000	-54.609936	341.906624	12.0
0.000000	-72.813248	360.109936	12.0
54.609936	-54.609936	360.109936	12.0
54.609936	-72.813248	341.906624	12.0
36.406624	-54.609936	341.906624	12.0
36.406624	-72.813248	360.109936	12.0
91.016560	-54.609936	360.109936	12.0
91.016560	-72.813248	341.906624	12.0
72.813248	-54.609936	341.906624	12.0
72.813248	-72.813248	360.109936	12.0
-91.016560	-18.203312	360.109936	12.0
-91.016560	-36.406624	341.906624	12.0
-109.219872	-18.203312	341.906624	12.0
-109.219872	-36.406624	360.109936	12.0
-54.609936	-18.203312	360.109936	12.0
-54.609936	-36.406624	341.906624	12.0
-72.813248	-18.203312	341.906624	12.0
-72.813248	-36.406624	360.109936	12.0
-18.203312	-18.203312	360.109936	12.0
-18.203312	-36.406624	341.906624	12.0
-36.406624	-18.203312	341.906624	12.0
-36.406624	-36.406624	360.109936	12.0
18.203312	-18.203312	360.109936	12.0
18.203312	-36.406624	341.906624	12.0
0.000000	-18.203312	341.906624	12.0
0.000000	-36.406624	360.109936	12.0
54.609936	-18.203312	360.109936	12.0
54.609936	-36.406624	341.906624	12.0
36.406624	-18.203312	341.906624	12.0
36.406624	-36.406624	360.109936	12.0
91.016560	-18.203312	360.109936	12.0
91.016560	-36.406624	341.906624	12.0
72.813248	-18.203312	341.906624	12.0
72.813248	-36.406624	360.109936	12.0
109.219872	-18.203312	341.906624	12.0
109.219872	-36.406624	360.109936	12.0
-91.016560	18.203312	360.109936	12.0
-91.016560	0.000000	341.906624	12.0
-109.219872	18.203312	341.906624	12.0
-109.219872	0.000000	360.109936	12.0
-54.609936	18.203312	360.109936	12.0
-54.609936	0.000000	341.906624	12.0
-72.813248	18.203312	341.906624	12.0
-72.813248	0.000000	360.109936	12.0
-18.203312	18.203312	360.109936	12.0
-18.203312	0.000000	341.906624	12.0
-36.406624	18.203312	341.906624	12.0
-36.406624	0.000000	360.109936	12.0
18.203312	18.203312	360.109936	12.0
18.203312	0.000000	341.906624	12.0
0.000000	18.203312	341.906624	12.0
0.000000	0.000000	360.109936	12.0
54.609936	18.203312	360.109936	12.0
54.609936	0.000000	341.906624	12.0
36.406624	18.203312	341.906624	12.0
36.406624	0.000000	360.109936	12.0
91.016560	18.203312	360.109936	12.0
91.016560	0.000000	341.906624	12.0
72.813248	18.203312	341.906624	12.0
72.813248	0.000000	360.109936	12.0
109.219872	18.203312	341.906624	12.0
109.219872	0.000000	360.109936	12.0
-91.016560	54.609936	360.109936	12.0
-91.016560	36.406624	341.906624	12.0
-109.219872	36.406624	360.109936	12.0
-54.609936	54.609936	360.109936	12.0
-54.609936	36.406624	341.906624	12.0
-72.813248	54.609936	341.906624	12.0
-72.813248	36.406624	360.109936	12.0
-18.203312	54.609936	360.109936	12.0
-18.203312	36.406624	341.906624	12.0
-36.406624	54.609936	341.906624	12.0
-36.406624	36.406624	360.109936	12.0
18.203312	54.609936	360.109936	12.0
18.203312	36.406624	341.906624	12.0
0.000000	54.609936	341.906624	12.0
0.000000	36.406624	360.109936	12.0
54.609936	54.609936	360.109936	12.0
54.609936	36.406624	341.906624	12.0
36.406624	54.609936	341.906624	12.0
36.406624	36.406624	360.109936	12.0
91.016560	54.609936	360.109936	12.0
91.016560	36.406624	341.906624	12.0
72.813248	54.609936	341.906624	12.0
72.813248	36.406624	360.109936	12.0
109.219872	36.406624	360.109936	12.0
-91.016560	72.813248	341.906624	12.0
-54.609936	91.016560	360.109936	12.0
-54.609936	72.813248	341.906624	12.0
-72.813248	91.016560	341.906624	12.0
-72.813248	72.813248	360.109936	12.0
-18.203312	91.016560	360.109936	12.0
-18.203312	72.813248	341.906624	12.0
-36.406624	91.016560	341.906624	12.0
-36.406624	72.813248	360.109936	12.0
18.203312	91.016560	360.109936	12.0
18.203312	72.813248	341.906624	12.0
0.000000	91.016560	341.906624	12.0
0.000000	72.813248	360.109936	12.0
54.609936	91.016560	360.109936	12.0
54.609936	72.813248	341.906624	12.0
36.406624	91.016560	341.906624	12.0
36.406624	72.813248	360.109936	12.0
91.016560	72.813248	341.906624	12.0
72.813248	91.016560	341.906624	12.0
72.813248	72.813248	360.109936	12.0
-18.203312	109.219872	341.906624	12.0
-36.406624	109.219872	360.109936	12.0
18.203312	109.219872	341.906624	12.0
0.000000	109.219872	360.109936	12.0
36.406624	109.219872	360.109936	12.0
-54.609936	-91.016560	396.516560	12.0
-72.813248	-91.016560	378.313248	12.0
-18.203312	-91.016560	396.516560	12.0
-18.203312	-109.219872	378.313248	12.0
-36.406624	-91.016560	378.313248	12.0
-36.406624	-109.219872	396.516560	12.0
18.203312	-91.016560	396.516560	12.0
18.203312	-109.219872	378.313248	12.0
0.000000	-91.016560	378.313248	12.0
0.000000	-109.219872	396.516560	12.0
54.609936	-91.016560	396.516560	12.0
36.406624	-91.016560	378.313248	12.0
36.406624	-109.219872	396.516560	12.0
72.813248	-91.016560	378.313248	12.0
-91.016560	-54.609936	396.516560	12.0
-91.016560	-72.813248	378.313248	12.0
-54.609936	-54.609936	396.516560	12.0
-54.609936	-72.813248	378.313248	12.0
-72.813248	-54.609936	378.313248	12.0
-72.813248	-72.813248	396.516560	12.0
-18.203312	-54.609936	396.516560	12.0
-18.203312	-72.813248	378.313248	12.0
-36.406624	-54.609936	378.313248	12.0
-36.406624	-72.813248	396.516560	12.0
18.203312	-54.609936	396.516560	12.0
18.203312	-72.813248	378.313248	12.0
0.000000	-54.609936	378.313248	12.0
0.000000	-72.813248	396.516560	12.0
54.609936	-54.609936	396.516560	12.0
54.609936	-72.813248	378.313248	12.0
36.406624	-54.609936	378.313248	12.0
36.406624	-72.813248	396.516560	12.0
91.016560	-54.609936	396.516560	12.0
91.016560	-72.813248	378.313248	12.0
72.813248	-54.609936	378.313248	12.0
72.813248	-72.813248	396.516560	12.0
-91.016560	-18.203312	396.516560	12.0
-91.016560	-36.406624	378.313248	12.0
-109.219872	-18.203312	378.313248	12.0
-109.219872	-36.406624	396.516560	12.0
-54.609936	-18.203312	396.516560	12.0
-54.609936	-36.406624	378.313248	12.0
-72.813248	-18.203312	378.313248	12.0
-72.813248	-36.406624	396.516560	12.0
-18.203312	-18.203312	396.516560	12.0
-18.203312	-36.406624	378.313248	12.0
-36.406624	-18.203312	378.313248	12.0
-36.406624	-36.406624	396.516560	12.0
18.203312	-18.203312	396.516560	12.0
18.203312	-36.406624	378.313248	12.0
0.000000	-18.203312	378.313248	12.0
0.000000	-36.406624	396.516560	12.0
54.609936	-18.203312	396.516560	12.0
54.609936	-36.406624	378.313248	12.0
36.406624	-18.203312	378.313248	12.0
36.406624	-36.406624	396.516560	12.0
91.016560	-18.203312	396.516560	12.0
91.016560	-36.406624	378.313248	12.0
72.813248	-18.203312	378.313248	12.0
72.813248	-36.406624	396.516560	12.0
109.219872	-18.203312	378.313248	12.0
109.219872	-36.406624	396.516560	12.0
-91.016560	18.203312	396.516560	12.0
-91.016560	0.000000	378.313248	12.0
-109.219872	18.203312	378.313248	12.0
-109.219872	0.000000	396.516560	12.0
-54.609936	18.203312	396.516560	12.0
-54.609936	0.000000	378.313248	12.0
-72.813248	18.203312	378.313248	12.0
-72.813248	0.000000	396.516560	12.0
-18.203312	18.203312	396.516560	12.0
-18.203312	0.000000	378.313248	12.0
-36.406624	18.203312	378.313248	12.0
-36.406624	0.000000	396.516560	12.0
18.203312	18.203312	396.516560	12.0
18.203312	0.000000	378.313248	12.0
0.000000	18.203312	378.313248	12.0
0.000000	0.000000	396.516560	12.0
54.609936	18.203312	396.516560	12.0
54.609936	0.000000	378.313248	12.0
36.406624	18.203312	378.313248	12.0
36.406624	0.000000	396.516560	12.0
91.016560	18.203312	396.516560	12.0
91.016560	0.000000	378.313248	12.0
72.813248	18.203312	378.313248	12.0
72.813248	0.000000	396.516560	12.0
109.219872	18.203312	378.313248	12.0
109.219872	0.000000	396.516560	12.0
-91.016560	54.609936	396.516560	12.0
-91.016560	36.406624	378.313248	12.0
-109.219872	36.406624	396.516560	12.0
-54.609936	54.609936	396.516560	12.0
-54.609936	36.406624	378.313248	12.0
-72.813248	54.609936	378.313248	12.0
-72.813248	36.406624	396.516560	12.0
-18.203312	54.609936	396.516560	12.0
-18.203312	36.406624	378.313248	12.0
-36.406624	54.609936	378.313248	12.0
-36.406624	36.406624	396.516560	12.0
18.203312	54.609936	396.516560	12.0
18.203312	36.406624	378.313248	12.0
0.000000	54.609936	378.313248	12.0
0.000000	36.406624	396.516560	12.0
54.609936	54.609936	396.516560	12.0
54.609936	36.406624	378.313248	12.0
36.406624	54.609936	378.313248	12.0
36.406624	36.406624	396.516560	12.0
91.016560	54.609936	396.516560	12.0
91.016560	36.406624	378.313248	12.0
72.813248	54.609936	378.313248	12.0
72.813248	36.406624	396.516560	12.0
109.219872	36.406624	396.516560	12.0
-91.016560	72.813248	378.313248	12.0
-54.609936	91.016560	396.516560	12.0
-54.609936	72.813248	378.313248	12.0
-72.813248	91.016560	378.313248	12.0
-72.813248	72.813248	396.516560	12.0
-18.203312	91.016560	396.516560	12.0
-18.203312	72.813248	378.313248	12.0
-36.406624	91.016560	378.313248	12.0
-36.406624	72.813248	396.516560	12.0
18.203312	91.016560	396.516560	12.0
18.203312	72.813248	378.313248	12.0
0.000000	91.016560	378.313248	12.0
0.000000	72.813248	396.516560	12.0
54.609936	91.016560	396.516560	12.0
54.609936	72.813248	378.313248	12.0
36.406624	91.016560	378.313248	12.0
36.406624	72.813248	396.516560	12.0
91.016560	72.813248	378.313248	12.0
72.813248	91.016560	378.313248	12.0
72.813248	72.813248	396.516560	12.0
-18.203312	109.219872	378.313248	12.0
-36.406624	109.219872	396.516560	12.0
18.203312	109.219872	378.313248	12.0
0.000000	109.219872	396.516560	12.0
36.406624	109.219872	396.516560	12.0
-72.813248	-91.016560	414.719872	12.0
-18.203312	-109.219872	414.719872	12.0
-36.406624	-91.016560	414.719872	12.0
18.203312	-109.219872	414.719872	12.0
0.000000	-91.016560	414.719872	12.0
36.406624	-91.016560	414.719872	12.0
72.813248	-91.016560	414.719872	12.0
-91.016560	-72.813248	414.719872	12.0
-54.609936	-72.813248	414.719872	12.0
-72.813248	-54.609936	414.719872	12.0
-18.203312	-72.813248	414.719872	12.0
-36.406624	-54.609936	414.719872	12.0
18.203312	-72.813248	414.719872	12.0
0.000000	-54.609936	414.719872	12.0
54.609936	-72.813248	414.719872	12.0
36.406624	-54.609936	414.719872	12.0
91.016560	-72.813248	414.719872	12.0
72.813248	-54.609936	414.719872	12.0
-91.016560	-36.406624	414.719872	12.0
-109.219872	-18.203312	414.719872	12.0
-54.609936	-36.406624	414.719872	12.0
-72.813248	-18.203312	414.719872	12.0
-18.203312	-36.406624	414.719872	12.0
-36.406624	-18.203312	414.719872	12.0
18.203312	-36.406624	414.719872	12.0
0.000000	-18.203312	414.719872	12.0
54.609936	-36.406624	414.719872	12.0
36.406624	-18.203312	414.719872	12.0
91.016560	-36.406624	414.719872	12.0
72.813248	-18.203312	414.719872	12.0
109.219872	-18.203312	414.719872	12.0
-91.016560	0.000000	414.719872	12.0
-109.219872	18.203312	414.719872	12.0
-54.609936	0.000000	414.719872	12.0
-72.813248	18.203312	414.719872	12.0
-18.203312	0.000000	414.719872	12.0
-36.406624	18.203312	414.719872	12.0
18.203312	0.000000	414.719872	12.0
0.000000	18.203312	414.719872	12.0
54.609936	0.000000	414.719872	12.0
36.406624	18.203312	414.719872	12.0
91.016560	0.000000	414.719872	12.0
72.813248	18.203312	414.719872	12.0
109.219872	18.203312	414.719872	12.0
-91.016560	36.406624	414.719872	12.0
-54.609936	36.406624	414.719872	12.0
-72.813248	54.609936	414.719872	12.0
-18.203312	36.406624	414.719872	12.0
-36.406624	54.609936	414.719872	12.0
18.203312	36.406624	414.719872	12.0
0.000000	54.609936	414.719872	12.0
54.609936	36.406624	414.719872	12.0
36.406624	54.609936	414.719872	12.0
91.016560	36.406624	414.719872	12.0
72.813248	54.609936	414.719872	12.0
-91.016560	72.813248	414.719872	12.0
-54.609936	72.813248	414.719872	12.0
-72.813248	91.016560	414.719872	12.0
-18.203312	72.813248	414.719872	12.0
-36.406624	91.016560	414.719872	12.0
18.203312	72.813248	414.719872	12.0
0.000000	91.016560	414.719872	12.0
54.609936	72.813248	414.719872	12.0
36.406624	91.016560	414.719872	12.0
91.016560	72.813248	414.719872	12.0
72.813248	91.016560	414.719872	12.0
-18.203312	109.219872	414.719872	12.0
18.203312	109.219872	414.719872	12.0
