9.478862499999999969e+00
1.361027499999999968e+01
1.116068749999999987e+01
1.049699999999999811e+01
1.016143750000000168e+01
9.908481249999999463e+00
9.668333750000000393e+00
9.483705000000000496e+00
9.355578750000001165e+00
9.249863749999999385e+00
9.152553750000000932e+00
9.058712500000000389e+00
8.993629999999999569e+00
8.906761249999998853e+00
8.874542500000000445e+00
8.861577499999999219e+00
8.849643750000000253e+00
8.841207499999999442e+00
8.834502499999999259e+00
8.828949999999998965e+00
8.824080000000000368e+00
8.819733749999999262e+00
8.812858750000000185e+00
8.804006249999998701e+00
8.795892499999999004e+00
8.788191249999998789e+00
8.780725000000000335e+00
8.773426249999999982e+00
8.766251249999999828e+00
8.759124999999999162e+00
8.752041249999999550e+00
8.745012499999999633e+00
8.738006249999999753e+00
8.730979999999998853e+00
8.720633749999999296e+00
8.706528750000000372e+00
8.692362499999999770e+00
8.678017499999999274e+00
8.667180000000000106e+00
8.659982499999999916e+00
8.649081250000000054e+00
8.634573749999999492e+00
8.619726249999999368e+00
8.604739999999999611e+00
8.589722500000000593e+00
8.578105000000000757e+00
8.570323749999998242e+00
8.562618749999998613e+00
8.554906250000000156e+00
8.549440000000000595e+00
8.546224999999999739e+00
8.543068749999999767e+00
8.539866249999999326e+00
8.536664999999999281e+00
8.533481249999999463e+00
8.530281249999999815e+00
8.527081250000000168e+00
8.523909999999998988e+00
8.520707500000000323e+00
8.517536249999999143e+00
8.514342499999999703e+00
8.511134999999999451e+00
8.507828749999999829e+00
8.504522500000000207e+00
8.498703749999998891e+00
8.490437500000000526e+00
8.482162499999999383e+00
8.473860000000000170e+00
8.460914999999999964e+00
8.443517500000000453e+00
8.425991249999999155e+00
8.408274999999999721e+00
8.390716250000000542e+00
8.364956249999998761e+00
8.330482500000000456e+00
8.295650000000000190e+00
8.258656250000001364e+00
8.222597500000000892e+00
8.192588750000000530e+00
8.151344999999999175e+00
8.100036250000000493e+00
8.055649999999999977e+00
8.014347499999999513e+00
7.967171249999999816e+00
7.910765000000000491e+00
7.851324999999999221e+00
7.793708749999999519e+00
7.726642499999998748e+00
7.655924999999999869e+00
7.606805000000000483e+00
7.574618749999999956e+00
7.515001250000000077e+00
7.308736249999999934e+00
6.979684999999999917e+00
6.617188750000000397e+00
5.343693749999999909e+00
2.823421250000000438e+00
6.472030000000000882e+01
1.995649999999999977e+02
1.784506250000000094e+01
1.516337499999999849e+01
1.386032500000000134e+01
1.283721250000000147e+01
1.237230000000000096e+01
1.154536249999999953e+01
1.072428749999999908e+01
1.029485000000000028e+01
9.967612499999999542e+00
9.774044999999999206e+00
9.666055000000000064e+00
9.542321250000000532e+00
9.455675000000001162e+00
9.387170000000001124e+00
9.311926249999999072e+00
9.229008749999998429e+00
9.126705000000001178e+00
9.048736249999999259e+00
8.994803750000000875e+00
8.925562500000001620e+00
8.823952500000000754e+00
8.667741250000000619e+00
8.427039999999999864e+00
8.289872499999999533e+00
8.653982499999999689e+00
8.011126250000000226e+00
7.507743749999999494e+00
6.274582500000000174e+00
2.231854999999999833e+01
9.270984999999999587e+00
8.261861250000000823e+00
7.656791249999999494e+00
7.234928749999999908e+00
6.833592499999999959e+00
6.201713749999999692e+00
4.481182500000000068e+00
3.309213750000000118e+02
2.287801249999999982e+02
1.526201250000000087e+01
1.198010000000000019e+01
1.111274999999999835e+01
1.054777499999999968e+01
1.007521250000000101e+01
9.732516249999999758e+00
9.103552500000001046e+00
8.495686250000000328e+00
7.922268749999998860e+00
6.922602500000000880e+00
1.228787499999999966e+02
1.772358750000000072e+01
9.336486250000000098e+00
7.756122499999999143e+00
1.145722499999999968e+02
1.130186250000000037e+01
9.217568749999999866e+00
7.575670000000000570e+00
4.295361250000000020e+00
4.130178750000000036e+02
1.735253750000000039e+01
5.706487499999999713e+00
5.788821249999999452e+01
4.546141249999999800e+00
6.039583749999999895e+01
1.556362500000000004e+01
5.326483749999999873e+01
1.947038749999999752e+01
3.062467499999999987e+01
2.799378749999999982e+01
2.225723750000000223e+01
3.149139999999999873e+01
1.913918749999999847e+01
2.073806249999999807e+01
2.035412499999999980e+01
1.964463750000000175e+01
1.919872499999999960e+01
1.889061249999999603e+01
1.841716249999999988e+01
1.780843750000000014e+01
1.740808750000000060e+01
1.676436249999999717e+01
1.590567500000000045e+01
1.544192500000000123e+01
1.503279999999999994e+01
1.460606250000000017e+01
1.420971250000000019e+01
1.391902499999999954e+01
1.365636249999999841e+01
1.345104999999999862e+01
1.338478749999999984e+01
1.331113750000000095e+01
1.316571249999999971e+01
1.306541250000000076e+01
1.300979999999999848e+01
1.294935000000000080e+01
1.285546249999999979e+01
1.245945000000000036e+01
1.168953750000000014e+01
1.076965000000000039e+01
9.477561249999999049e+00
8.336353749999998897e+00
7.692713750000000239e+00
7.301132499999999581e+00
7.140593749999999851e+00
6.952462499999999324e+00
6.735001250000000717e+00
6.458265000000000811e+00
6.225508750000001257e+00
6.079478749999999820e+00
5.808825000000000571e+00
5.617312500000000597e+00
5.397523750000000398e+00
5.054102500000000830e+00
4.814416249999999842e+00
4.708383750000000312e+00
4.634221249999999515e+00
4.542238750000000103e+00
4.360730000000000217e+00
4.042687500000000433e+00
3.714238750000000255e+00
3.526902500000000273e+00
3.394219999999999793e+00
3.301492500000000163e+00
3.250106249999999974e+00
3.221222500000000544e+00
3.236541250000000147e+00
3.439575000000000493e+00
3.756140000000000256e+00
4.064452499999999802e+00
4.480069999999999553e+00
4.519491249999999738e+00
4.243005000000000138e+00
3.520694999999999908e+00
2.781156250000000441e+00
2.588667500000000121e+00
6.747462499999999919e-01
6.867974999999999497e-01
7.005187500000000789e-01
3.747187499999999893e-01
3.902937499999999948e-01
