4.999537500000000279e+01
6.185673750000000126e+01
4.412091250000000286e+01
3.826357500000000300e+01
3.495224999999999937e+01
3.221099999999999852e+01
2.932502500000000012e+01
2.685711249999999950e+01
2.494279999999999831e+01
2.318666250000000417e+01
2.139087499999999764e+01
1.938252499999999756e+01
1.777537500000000037e+01
1.505876249999999850e+01
1.383823750000000175e+01
1.328003750000000061e+01
1.275203749999999836e+01
1.237950000000000017e+01
1.209266249999999943e+01
1.186781249999999943e+01
1.168396249999999981e+01
1.153270000000000017e+01
1.131598750000000031e+01
1.107673750000000013e+01
1.089594999999999914e+01
1.075424999999999898e+01
1.063508749999999914e+01
1.053676250000000003e+01
1.045347500000000096e+01
1.037889999999999979e+01
1.031279999999999930e+01
1.025490000000000101e+01
1.020239999999999903e+01
1.015459999999999852e+01
1.009348749999999839e+01
1.002094999999999914e+01
9.958244999999999791e+00
9.903582500000000621e+00
9.862303750000000591e+00
9.838350000000000151e+00
9.807333750000001515e+00
9.766067500000000123e+00
9.728253749999998590e+00
9.694613749999998475e+00
9.661696250000000319e+00
9.639734999999999943e+00
9.625581249999999756e+00
9.611559999999998993e+00
9.597533750000000197e+00
9.588083749999999128e+00
9.583233750000001550e+00
9.578469999999999374e+00
9.573634999999999451e+00
9.568801250000001701e+00
9.564005000000001644e+00
9.559174999999997979e+00
9.554344999999999644e+00
9.549558749999999208e+00
9.544728750000000872e+00
9.539942500000000436e+00
9.535123750000000342e+00
9.530386249999999393e+00
9.526107500000000172e+00
9.521928749999998942e+00
9.514577499999999688e+00
9.504133750000001157e+00
9.493680000000001229e+00
9.483191249999999073e+00
9.469148750000000447e+00
9.451744999999998953e+00
9.434211250000000604e+00
9.416488749999999186e+00
9.398923749999999799e+00
9.377584999999999837e+00
9.352140000000000342e+00
9.326629999999997978e+00
9.304878750000000309e+00
9.285828750000000298e+00
9.269975000000000520e+00
9.254461250000000305e+00
9.238531249999999417e+00
9.224752500000001021e+00
9.211953750000001051e+00
9.204390000000000072e+00
9.200265000000001692e+00
9.195918750000000585e+00
9.191936249999999475e+00
9.195652499999999563e+00
9.203983749999999020e+00
9.214051250000000692e+00
9.222128749999999542e+00
9.237521250000000350e+00
9.326637499999998582e+00
9.544239999999998503e+00
9.910402500000000003e+00
1.275406249999999986e+01
2.627366249999999681e+01
9.615223750000002383e+02
2.097038749999999709e+03
3.275218749999999801e+01
2.274801250000000152e+01
1.864988750000000195e+01
1.584207499999999946e+01
1.468796250000000114e+01
1.287710000000000043e+01
1.132881249999999973e+01
1.064248749999999788e+01
1.017922499999999886e+01
9.924924999999999997e+00
9.790708750000000293e+00
9.641963749999998612e+00
9.541048749999999856e+00
9.463083750000002681e+00
9.379382499999998402e+00
9.288487499999998676e+00
9.178876250000000070e+00
9.096655000000000157e+00
9.040741249999999951e+00
8.969569999999999155e+00
8.866725000000000634e+00
8.712431250000001626e+00
8.486240000000000450e+00
2.665643749999999912e+01
1.252341249999999917e+01
8.199295000000001110e+00
7.872256250000000399e+00
1.162255000000000038e+01
2.052444999999999879e+02
1.030428749999999916e+01
8.488377500000000353e+00
7.803742500000000248e+00
7.395373750000000079e+00
7.028414999999998969e+00
6.490093749999999773e+00
5.255518750000000239e+00
6.275543750000000500e+02
4.008812500000000227e+02
1.608728749999999863e+01
1.222196250000000006e+01
1.126185000000000080e+01
1.065212499999999984e+01
1.015135000000000076e+01
9.794087500000001612e+00
9.154073750000000231e+00
8.551505000000000578e+00
8.544522500000001131e+00
7.105766249999999395e+00
2.526848750000000052e+02
2.116496249999999790e+01
9.501953749999998422e+00
7.941563749999999366e+00
1.821451249999999789e+02
1.140953750000000078e+01
1.129896250000000180e+01
7.662841249999999604e+00
4.778249999999999886e+00
5.748134999999999764e+02
2.370483750000000001e+01
7.427260000000000417e+00
8.153726249999999709e+01
4.972568749999999760e+00
7.312048750000001007e+01
1.976639999999999731e+01
6.925164999999999793e+01
2.391526249999999720e+01
3.618507499999999766e+01
3.465732500000000016e+01
2.571105000000000018e+01
3.495382500000000192e+01
2.140536249999999896e+01
2.281322500000000275e+01
2.232453749999999815e+01
2.143310000000000315e+01
2.088222499999999826e+01
2.050370000000000203e+01
1.992937500000000028e+01
1.920023749999999652e+01
1.872542500000000132e+01
1.796911249999999782e+01
1.696310000000000073e+01
1.641625000000000156e+01
1.592552500000000038e+01
1.540268749999999898e+01
1.490097499999999897e+01
1.452396249999999966e+01
1.417959999999999887e+01
1.393743749999999793e+01
1.391022499999999873e+01
1.388421250000000029e+01
1.383523750000000163e+01
1.380552499999999938e+01
1.378836249999999986e+01
1.376902500000000096e+01
1.373227500000000134e+01
1.346344999999999992e+01
1.281373749999999845e+01
1.203206249999999855e+01
1.090165000000000006e+01
9.912832499999998603e+00
9.380787499999998502e+00
9.058702500000000768e+00
8.925603749999998726e+00
8.770391250000001193e+00
8.592907500000000809e+00
8.369891250000000227e+00
8.182142499999999430e+00
8.064996250000000089e+00
7.851530000000000342e+00
7.697503750000000089e+00
7.562121250000000572e+00
7.350850000000000328e+00
7.213103749999999259e+00
7.152419999999999334e+00
7.114243750000000865e+00
7.072970000000000645e+00
6.989106249999999854e+00
6.898296250000000462e+00
6.841423750000000581e+00
6.825486250000000865e+00
6.833375000000000199e+00
6.845829999999999416e+00
6.859797499999999992e+00
6.895160000000000622e+00
7.054256249999999007e+00
7.386802499999999938e+00
7.624558749999999385e+00
7.776887500000000841e+00
7.930876250000000738e+00
7.775863749999999186e+00
7.365470000000000184e+00
6.578708749999999661e+00
5.959298749999999423e+00
5.688790000000000013e+00
1.436511249999999906e+00
1.447128750000000075e+00
1.464830000000000076e+00
7.521437499999999998e-01
7.659475000000000033e-01
