4.014914999999999878e+01
4.780906249999999602e+01
3.266138750000000357e+01
2.751482499999999831e+01
2.456602499999999978e+01
2.210028749999999675e+01
1.947845000000000226e+01
1.721587500000000048e+01
1.544588749999999955e+01
1.381042500000000040e+01
1.212731249999999861e+01
1.023016250000000049e+01
8.702042499999999237e+00
6.096119999999999983e+00
4.918551249999999264e+00
4.378244999999999720e+00
3.866843749999999691e+00
3.506005000000000038e+00
3.228388750000000584e+00
3.011082499999999662e+00
2.833682500000000104e+00
2.688092499999999774e+00
2.480116250000000466e+00
2.251787500000000275e+00
2.080658750000000001e+00
1.947852499999999765e+00
1.837126250000000072e+00
1.746907500000000280e+00
1.671478750000000124e+00
1.604608749999999917e+00
1.546092500000000092e+00
1.495667499999999706e+00
1.450556249999999991e+00
1.410138749999999996e+00
1.359812500000000091e+00
1.301871250000000035e+00
1.253722499999999851e+00
1.213736250000000183e+00
1.183542500000000164e+00
1.166918750000000227e+00
1.146962499999999885e+00
1.120412500000000033e+00
1.097613749999999833e+00
1.079096250000000090e+00
1.061323750000000121e+00
1.051046250000000182e+00
1.044712499999999933e+00
1.038438750000000077e+00
1.032163750000000046e+00
1.028200000000000003e+00
1.026573750000000063e+00
1.024973750000000017e+00
1.023351249999999935e+00
1.021731249999999980e+00
1.020118749999999963e+00
1.018497500000000056e+00
1.016877500000000101e+00
1.015272500000000022e+00
1.013648749999999987e+00
1.012041250000000003e+00
1.010425000000000129e+00
1.008898750000000177e+00
1.007928750000000040e+00
1.007059999999999844e+00
1.005527500000000130e+00
1.003351250000000139e+00
1.001171250000000068e+00
9.989877499999999522e-01
9.978688749999999885e-01
9.978233750000000679e-01
9.977777500000001298e-01
9.977317500000000283e-01
9.976863750000000142e-01
1.002011250000000020e+00
1.010877500000000095e+00
1.020034999999999803e+00
1.035048750000000073e+00
1.051817499999999850e+00
1.065772500000000012e+00
1.091161250000000082e+00
1.126086249999999955e+00
1.156294999999999851e+00
1.184435000000000127e+00
1.223553749999999996e+00
1.275193750000000126e+00
1.329609999999999737e+00
1.382584999999999953e+00
1.452513750000000048e+00
1.530608750000000073e+00
1.589090000000000114e+00
1.628870000000000040e+00
1.702988750000000051e+00
1.994864999999999888e+00
2.535064999999999902e+00
3.255156250000000195e+00
7.324085000000000178e+00
2.317627500000000040e+01
8.863121250000001510e+02
1.875277500000000146e+03
1.473296249999999930e+01
7.496109999999999829e+00
4.733723750000000230e+00
2.969896250000000570e+00
2.288701250000000353e+00
1.316305000000000058e+00
5.975537499999999946e-01
3.436178750000000170e-01
2.091809999999999781e-01
1.491231249999999953e-01
1.231953749999999820e-01
9.845582499999999682e-02
8.434336249999999091e-02
7.498332500000000345e-02
6.661467499999998432e-02
5.871508749999999888e-02
5.147870000000000223e-02
4.726044999999999552e-02
4.529353750000000151e-02
4.337542500000000217e-02
4.213685000000000347e-02
4.401061250000000424e-02
5.834342499999999737e-02
1.821662499999999696e+01
3.837341250000000148e+00
1.859256249999999833e-01
3.605296249999999647e-01
5.298273750000000781e+00
1.812518750000000125e+02
1.022793249999999876e+00
2.231116249999999801e-01
1.436721250000000116e-01
1.562675000000000036e-01
1.893378750000000166e-01
2.797739999999999672e-01
7.500536249999999461e-01
2.871358749999999986e+02
1.665913749999999709e+02
7.992302500000000309e-01
2.345213750000000041e-01
1.447189999999999865e-01
1.014091250000000027e-01
7.414540000000001407e-02
6.005252500000000243e-02
4.947457499999999980e-02
5.485880000000000617e-02
6.114642499999998204e-01
1.805383750000000009e-01
1.280379999999999825e+02
3.394382499999999858e+00
1.630112499999999964e-01
1.825009999999999966e-01
6.645311250000000314e+01
1.059857499999999897e-01
2.045914999999999928e+00
8.621186249999999995e-02
4.777266249999999603e-01
1.600181249999999977e+02
6.316087500000000077e+00
1.688026250000000061e+00
2.305777499999999947e+01
4.198878750000000215e-01
1.253206250000000033e+01
4.126680000000000348e+00
1.558123750000000030e+01
4.359056250000000077e+00
5.469299999999999606e+00
6.546638750000000506e+00
3.395496249999999439e+00
3.406625000000000014e+00
2.230003750000000284e+00
2.040932500000000260e+00
1.938031249999999872e+00
1.759377500000000039e+00
1.656282500000000102e+00
1.587145000000000028e+00
1.488079999999999847e+00
1.369815000000000227e+00
1.296694999999999931e+00
1.186118749999999888e+00
1.041392500000000165e+00
9.597008750000000088e-01
8.794652499999998652e-01
7.849120000000000541e-01
6.811760000000000037e-01
5.961195000000000244e-01
5.155587499999999546e-01
4.544267500000000459e-01
4.359222500000000111e-01
4.161253750000000196e-01
3.782113750000000718e-01
3.530273750000000321e-01
3.393587499999999868e-01
3.247706249999999795e-01
3.026632499999999948e-01
2.485385000000000233e-01
2.210148749999999995e-01
2.086958750000000029e-01
1.939513750000000092e-01
1.808252500000000484e-01
1.720922500000000022e-01
1.673373750000000104e-01
1.656816249999999990e-01
1.643447500000000117e-01
1.642381249999999848e-01
1.668273750000000000e-01
1.698396249999999663e-01
1.720196249999999816e-01
1.770875000000000088e-01
1.806931249999999822e-01
1.820528750000000029e-01
1.794438750000000027e-01
1.756437499999999874e-01
1.735676250000000032e-01
1.721178750000000035e-01
1.701522500000000049e-01
1.635841249999999969e-01
1.511822500000000180e-01
1.371613750000000020e-01
1.248027500000000040e-01
1.144853750000000142e-01
1.059801250000000084e-01
9.965621250000002151e-02
9.055815000000000392e-02
7.418892500000000279e-02
5.328192500000000081e-02
4.075713749999999858e-02
3.314257500000000745e-02
1.966702500000000117e-02
1.083493749999999908e-02
7.002801249999999339e-03
4.047148750000000017e-03
3.131508750000000767e-03
2.667393750000000580e-03
5.432987500000000403e-04
5.187262500000000380e-04
4.868262499999999673e-04
2.198599999999999990e-04
2.134449999999999867e-04
