9.428474999999998829e+00
1.122675000000000090e+01
7.669266249999998841e+00
6.460509999999999309e+00
5.767911250000000045e+00
5.188741250000000527e+00
4.572868749999999594e+00
4.041356249999999761e+00
3.625524999999999665e+00
3.241265000000000285e+00
2.845779999999999532e+00
2.399834999999999940e+00
2.040434999999999555e+00
1.427083749999999984e+00
1.149520000000000097e+00
1.022018749999999976e+00
9.009682499999999150e-01
8.154264999999999430e-01
7.495723750000000685e-01
6.979114999999999069e-01
6.555751250000001473e-01
6.207171249999999807e-01
5.708886250000000384e-01
5.159405000000000241e-01
4.745023750000000318e-01
4.420593749999999766e-01
4.148880000000000345e-01
3.923134999999999817e-01
3.731307500000000110e-01
3.568600000000000105e-01
3.421389999999999709e-01
3.292573750000000188e-01
3.176237499999999825e-01
3.070997500000000047e-01
2.937962500000000365e-01
2.782622500000000443e-01
2.649691250000000275e-01
2.534929999999999684e-01
2.448267500000000096e-01
2.398737499999999967e-01
2.335918749999999766e-01
2.252336249999999929e-01
2.180141249999999753e-01
2.120972500000000149e-01
2.061902500000000193e-01
2.017166250000000105e-01
1.987362500000000032e-01
1.957837500000000064e-01
1.928301249999999911e-01
1.909392500000000048e-01
1.901202500000000184e-01
1.893153749999999802e-01
1.884988749999999824e-01
1.876826250000000196e-01
1.868719999999999826e-01
1.860565000000000135e-01
1.852406249999999921e-01
1.844323749999999817e-01
1.836166250000000333e-01
1.828074999999999839e-01
1.819941249999999788e-01
1.811806249999999840e-01
1.803653749999999945e-01
1.795536250000000222e-01
1.781254999999999922e-01
1.760966250000000066e-01
1.740659999999999985e-01
1.720285000000000009e-01
1.695191249999999927e-01
1.665723749999999947e-01
1.636039999999999994e-01
1.606033749999999927e-01
1.576293750000000160e-01
1.542880000000000085e-01
1.505337499999999940e-01
1.467502499999999988e-01
1.429979999999999862e-01
1.394468749999999979e-01
1.364917499999999950e-01
1.336956250000000124e-01
1.308982499999999938e-01
1.284778749999999914e-01
1.262267499999999987e-01
1.239399999999999946e-01
1.214034999999999975e-01
1.187310000000000171e-01
1.161659999999999915e-01
1.140877500000000017e-01
1.123240000000000072e-01
1.111921250000000028e-01
1.104826250000000010e-01
1.091762500000000025e-01
1.052913749999999926e-01
1.007115000000000093e-01
9.757218750000000440e-02
9.164974999999998817e-02
8.663673749999999119e-02
8.399094999999999478e-02
8.037694999999998868e-02
7.730918750000000117e-02
7.574627500000000180e-02
7.455470000000000153e-02
7.302042499999999992e-02
7.202642500000000503e-02
6.942711249999999890e-02
6.568094999999998795e-02
6.214478750000000662e-02
5.854613750000000477e-02
5.606276250000000183e-02
5.433665000000000023e-02
5.246577499999999922e-02
5.104878750000000492e-02
4.980774999999999786e-02
4.859590000000000437e-02
4.735368749999999821e-02
4.568597499999999673e-02
4.435311249999999289e-02
4.339901249999999350e-02
4.236523749999999283e-02
4.122408749999999927e-02
3.958108750000000065e-02
3.748793750000000563e-02
3.574551249999999292e-02
3.468800000000000355e-02
3.420517499999999739e-02
3.366078750000000425e-02
3.310700000000000448e-02
3.272167499999999868e-02
3.226062500000000111e-02
3.183378750000000201e-02
3.127566249999999548e-02
3.086902500000000479e-02
3.053913750000000066e-02
3.016789999999999750e-02
2.959903749999999792e-02
2.907321250000000079e-02
2.864530000000000201e-02
2.819312499999999944e-02
2.771191249999999801e-02
2.738187500000000343e-02
2.703872499999999957e-02
2.670191250000000099e-02
2.638876249999999937e-02
2.559201250000000399e-02
2.472186250000000043e-02
2.408499999999999877e-02
2.351827499999999821e-02
2.292830000000000215e-02
2.222380000000000189e-02
2.169025000000000467e-02
2.134182500000000177e-02
2.075283750000000288e-02
1.969986250000000175e-02
1.876603749999999904e-02
1.816516250000000179e-02
1.771511249999999787e-02
1.742917500000000161e-02
4.047053749999999894e+00
3.608405000000000307e+00
3.424938749999999921e+00
3.329907499999999576e+00
3.193220000000000169e+00
2.873861250000000034e+00
2.593353750000000346e+00
2.085862499999999731e+00
1.601146249999999993e+00
1.505341249999999853e+00
1.353337499999999860e+00
1.166948749999999979e+00
1.039636250000000040e+00
9.486085000000000766e-01
9.102997500000000741e-01
8.312342499999999523e-01
7.865092499999999376e-01
7.574540000000000717e-01
7.027072500000000055e-01
6.352056250000001070e-01
5.905470000000000441e-01
5.167223750000000670e-01
4.140997500000000442e-01
3.569784999999999764e-01
3.048251249999999746e-01
2.466161250000000194e-01
1.951874999999999860e-01
1.510210000000000163e-01
1.201801249999999988e-01
9.802692500000000086e-02
9.139555000000000595e-02
8.541719999999999868e-02
7.493391250000000503e-02
6.889757499999998869e-02
6.598492499999999983e-02
6.331779999999999353e-02
5.965426250000000624e-02
5.172872500000000318e-02
4.642122499999999652e-02
4.182436250000001049e-02
3.757744999999999835e-02
3.507686250000000006e-02
3.391281250000000025e-02
3.326388749999999866e-02
3.300924999999999693e-02
3.270916250000000663e-02
3.237746250000000242e-02
3.215463749999999954e-02
3.208440000000000597e-02
3.203987500000000238e-02
3.195640000000000286e-02
3.189462499999999590e-02
3.191011249999999716e-02
3.209792499999999937e-02
3.235803749999999895e-02
3.251355000000000217e-02
3.261754999999999516e-02
3.275959999999999983e-02
3.303252499999999314e-02
3.338693749999999821e-02
3.405717500000000203e-02
3.417327500000000295e-02
3.423857500000000026e-02
3.446226250000000019e-02
3.459677500000000322e-02
3.481544999999999779e-02
3.416586250000000491e-02
2.819184999999999747e-02
2.305711250000000087e-02
2.146761250000000371e-02
1.191942500000000085e-02
2.889303750000000223e-03
1.304273749999999930e-03
4.009536249999999503e-04
5.840546250000000798e-04
1.050838749999999941e-03
2.557937499999999665e-04
2.502010000000000258e-04
2.449988749999999879e-04
1.218302499999999945e-04
1.250912500000000028e-04
