1.876740000000000208e+01
2.336346250000000069e+01
1.682751250000000098e+01
1.471828750000000063e+01
1.354703750000000007e+01
1.259426249999999925e+01
1.161289999999999978e+01
1.079387500000000166e+01
1.017542500000000061e+01
9.622702499999999048e+00
9.071663750000000803e+00
8.475776249999999123e+00
8.012801250000000763e+00
7.263918749999999314e+00
6.938252499999999934e+00
6.792964999999999698e+00
6.656847499999999584e+00
6.561818750000000477e+00
6.489309999999999690e+00
6.432822499999998556e+00
6.386782500000000695e+00
6.349064999999999515e+00
6.295417499999999222e+00
6.236616249999999084e+00
6.192523749999999438e+00
6.158163749999999936e+00
6.129484999999999850e+00
6.105739999999999945e+00
6.085608749999999567e+00
6.068572500000000147e+00
6.053182499999999244e+00
6.039744999999999919e+00
6.027627499999999472e+00
6.016680000000000916e+00
6.002858749999999688e+00
5.986747499999999889e+00
5.972988749999999847e+00
5.961133750000001008e+00
5.952182500000000154e+00
5.947072499999999984e+00
5.940604999999999691e+00
5.931993750000000176e+00
5.924572500000000908e+00
5.918496250000000458e+00
5.912433749999999932e+00
5.907839999999998426e+00
5.904783750000000886e+00
5.901752500000000623e+00
5.898719999999999963e+00
5.896781250000000085e+00
5.895941249999999911e+00
5.895118749999999075e+00
5.894284999999999108e+00
5.893450000000000522e+00
5.892620000000000857e+00
5.891784999999999606e+00
5.890952499999999148e+00
5.890123749999999880e+00
5.889287500000000009e+00
5.888460000000001138e+00
5.887628750000000188e+00
5.886797499999999239e+00
5.885963750000000161e+00
5.885131250000000591e+00
5.883668750000000891e+00
5.881592500000000889e+00
5.879518749999999905e+00
5.877432499999999393e+00
5.874867500000000575e+00
5.871860000000000746e+00
5.868828749999999594e+00
5.865763750000000165e+00
5.862727500000000092e+00
5.859321249999999814e+00
5.855496250000000735e+00
5.851641250000000127e+00
5.847818749999999177e+00
5.844198750000000331e+00
5.841190000000000104e+00
5.838346249999999849e+00
5.835503749999999101e+00
5.833043749999999861e+00
5.830758749999999324e+00
5.828433750000000302e+00
5.825857500000000577e+00
5.823141249999999047e+00
5.820536249999999967e+00
5.818425000000000402e+00
5.816637500000000571e+00
5.815491250000000001e+00
5.814771249999999725e+00
5.813447499999999657e+00
5.809507500000000491e+00
5.804867499999999403e+00
5.801687499999999886e+00
5.795691249999999961e+00
5.790621250000000053e+00
5.787944999999999673e+00
5.784293749999999790e+00
5.781193749999999909e+00
5.779616250000000122e+00
5.778412499999999952e+00
5.776863750000000408e+00
5.775861250000000169e+00
5.773238749999999975e+00
5.769458750000000080e+00
5.765893750000000040e+00
5.762268749999999606e+00
5.759767500000000595e+00
5.758026250000000346e+00
5.756144999999999179e+00
5.754716250000000421e+00
5.753467500000000179e+00
5.752250000000000973e+00
5.750998749999999937e+00
5.749322499999999891e+00
5.747979999999999201e+00
5.747020000000000906e+00
5.745980000000001198e+00
5.744833749999999739e+00
5.743182500000000523e+00
5.741078750000000674e+00
5.739327500000000803e+00
5.738263749999999774e+00
5.737780000000000769e+00
5.737233749999999688e+00
5.736678750000000271e+00
5.736291250000000730e+00
5.735826250000000570e+00
5.735398749999999879e+00
5.734839999999999272e+00
5.734431250000000091e+00
5.734099999999998865e+00
5.733726250000000135e+00
5.733155000000000889e+00
5.732628749999999940e+00
5.732198749999999343e+00
5.731743749999999693e+00
5.731262499999999704e+00
5.730931250000000254e+00
5.730586250000000881e+00
5.730246249999999542e+00
5.729935000000000223e+00
5.729136249999999819e+00
5.728261250000000082e+00
5.727622499999999839e+00
5.727053749999999610e+00
5.726462500000000233e+00
5.725754999999999484e+00
5.725219999999999310e+00
5.724870000000001014e+00
5.724282500000000162e+00
5.723226249999999737e+00
5.722290000000000099e+00
5.721686250000000307e+00
5.721235000000000070e+00
5.720948750000001581e+00
1.789544999999999675e+01
1.722555000000000192e+01
1.684741249999999724e+01
1.663873749999999774e+01
1.632545000000000357e+01
1.559346249999999756e+01
1.494986249999999828e+01
1.365178749999999930e+01
1.230643749999999947e+01
1.201228750000000112e+01
1.153188749999999807e+01
1.091461249999999872e+01
1.046906250000000149e+01
1.014957500000000046e+01
1.001395000000000124e+01
9.735675000000000523e+00
9.584235000000001392e+00
9.487896249999998588e+00
9.306373750000000555e+00
9.097128749999999542e+00
8.968056250000000063e+00
8.780847500000000139e+00
8.565850000000001074e+00
8.479495000000000005e+00
8.430157499999999970e+00
8.405615000000000947e+00
8.441776250000000203e+00
8.502342499999999248e+00
8.615317499999999740e+00
8.730166249999999906e+00
8.773824999999998653e+00
8.823489999999999611e+00
8.921385000000000787e+00
8.987467499999999276e+00
9.022856249999998468e+00
9.058477500000002181e+00
9.111396249999998531e+00
9.196312500000001222e+00
9.262565000000000381e+00
9.287209999999999965e+00
9.220262499999998695e+00
9.023052500000002141e+00
8.741237500000000438e+00
8.561952500000000299e+00
8.491696250000000390e+00
8.408921249999998793e+00
8.317513749999999817e+00
8.156722500000000764e+00
7.998820000000000263e+00
7.900272499999999809e+00
7.718576249999999916e+00
7.586058749999999407e+00
7.453096250000000644e+00
7.211253750000000018e+00
7.026682500000001497e+00
6.936955000000000204e+00
6.877933750000000401e+00
6.810241249999999802e+00
6.646217500000000555e+00
6.396654999999999980e+00
6.153572500000000112e+00
5.974235000000000184e+00
5.839693750000000350e+00
5.729548750000000190e+00
5.641243749999999224e+00
5.499776250000000033e+00
5.131273750000000078e+00
4.583177499999999682e+00
4.253903750000000095e+00
4.045509999999999273e+00
3.738958750000000109e+00
3.720685000000000020e+00
3.895039999999999836e+00
4.264918750000000536e+00
4.458126249999999402e+00
4.449044999999999916e+00
1.089649999999999785e+00
1.083827499999999944e+00
1.067830000000000057e+00
5.006500000000000394e-01
4.693599999999999994e-01
