9.338924999999999699e+00
1.213670000000000115e+01
9.158257500000001272e+00
8.257782499999997583e+00
7.779110000000000191e+00
7.405522500000000008e+00
7.040013749999999959e+00
6.752522499999999539e+00
6.549904999999999866e+00
6.381437499999999652e+00
6.225882500000000874e+00
6.075937500000000213e+00
5.972364999999999924e+00
5.836833750000001153e+00
5.788732500000000947e+00
5.770946249999999722e+00
5.755876250000000027e+00
5.746392499999999792e+00
5.739738750000000778e+00
5.734912500000000080e+00
5.731206249999999613e+00
5.728347499999999926e+00
5.724528750000000166e+00
5.720674999999999955e+00
5.718021250000000499e+00
5.716104999999999769e+00
5.714599999999999902e+00
5.713427500000000769e+00
5.712480000000000224e+00
5.711710000000000065e+00
5.711046249999999880e+00
5.710490000000000066e+00
5.710003750000000267e+00
5.709580000000000766e+00
5.709061250000000420e+00
5.708488749999999889e+00
5.708019999999999428e+00
5.707639999999998714e+00
5.707357500000000528e+00
5.707200000000000273e+00
5.707010000000000360e+00
5.706761250000000452e+00
5.706559999999999633e+00
5.706400000000001249e+00
5.706242500000000106e+00
5.706128750000000416e+00
5.706049999999999400e+00
5.705969999999999764e+00
5.705890000000000128e+00
5.705840000000001133e+00
5.705820000000001002e+00
5.705799999999999983e+00
5.705787500000000456e+00
5.705770000000000231e+00
5.705750000000000988e+00
5.705730000000000857e+00
5.705709999999999837e+00
5.705689999999998818e+00
5.705669999999998687e+00
5.705649999999999444e+00
5.705630000000000202e+00
5.705619999999999692e+00
5.705599999999998673e+00
5.705579999999999430e+00
5.705543750000000358e+00
5.705499999999999794e+00
5.705449999999999910e+00
5.705399999999999139e+00
5.705350000000001032e+00
5.705289999999998862e+00
5.705221249999999245e+00
5.705160000000000231e+00
5.705100000000000726e+00
5.705029999999999824e+00
5.704959999999999809e+00
5.704889999999999795e+00
5.704819999999998892e+00
5.704749999999998877e+00
5.704700000000000770e+00
5.704649999999999999e+00
5.704604999999999926e+00
5.704570000000000363e+00
5.704529999999999212e+00
5.704489999999999839e+00
5.704450000000000465e+00
5.704410000000001091e+00
5.704369999999999052e+00
5.704340000000001076e+00
5.704310000000000436e+00
5.704299999999999926e+00
5.704290000000000305e+00
5.704270000000000174e+00
5.704218749999999893e+00
5.704149999999999388e+00
5.704111250000000410e+00
5.704039999999999999e+00
5.703980000000000494e+00
5.703953750000000156e+00
5.703920000000000101e+00
5.703890000000000349e+00
5.703870000000001106e+00
5.703859999999999708e+00
5.703839999999999577e+00
5.703829999999999956e+00
5.703809999999998936e+00
5.703780000000000960e+00
5.703750000000000320e+00
5.703719999999998791e+00
5.703699999999999548e+00
5.703690000000000815e+00
5.703679999999999417e+00
5.703670000000000684e+00
5.703660000000000174e+00
5.703649999999999665e+00
5.703649999999999665e+00
5.703640000000000043e+00
5.703630000000000422e+00
5.703619999999999912e+00
5.703619999999999912e+00
5.703609999999999403e+00
5.703600000000000669e+00
5.703589999999999272e+00
5.703580000000000538e+00
5.703580000000000538e+00
5.703580000000000538e+00
5.703570000000000029e+00
5.703570000000000029e+00
5.703570000000000029e+00
5.703570000000000029e+00
5.703570000000000029e+00
5.703560000000001295e+00
5.703560000000001295e+00
5.703560000000001295e+00
5.703560000000001295e+00
5.703560000000001295e+00
5.703549999999999898e+00
5.703549999999999898e+00
5.703549999999999898e+00
5.703549999999999898e+00
5.703549999999999898e+00
5.703549999999999898e+00
5.703549999999999898e+00
5.703549999999999898e+00
5.703540000000000276e+00
5.703540000000000276e+00
5.703540000000000276e+00
5.703540000000000276e+00
5.703529999999999767e+00
5.703529999999999767e+00
5.703529999999999767e+00
5.703529999999999767e+00
5.703529999999999767e+00
5.703529999999999767e+00
5.703519999999999257e+00
5.703519999999999257e+00
5.703519999999999257e+00
5.703519999999999257e+00
1.384837500000000077e+01
1.361715000000000231e+01
1.342248750000000079e+01
1.330881250000000016e+01
1.313223749999999868e+01
1.271961250000000021e+01
1.235651250000000090e+01
1.156591250000000137e+01
1.070527500000000032e+01
1.050692500000000074e+01
1.017856250000000173e+01
9.747673750000000581e+00
9.429412499999997976e+00
9.200956249999999059e+00
9.103642499999999416e+00
8.904440000000001021e+00
8.797726250000001968e+00
8.730443749999999170e+00
8.603666249999999849e+00
8.461923750000000410e+00
8.377506249999999710e+00
8.264124999999999943e+00
8.151751250000000226e+00
8.122514999999999930e+00
8.125333749999999355e+00
8.158999999999998920e+00
8.246588749999999024e+00
8.351322500000001980e+00
8.495138750000000627e+00
8.632138749999999305e+00
8.682430000000000092e+00
8.738072499999999465e+00
8.846453750000000227e+00
8.918570000000000775e+00
8.956868749999999935e+00
8.995160000000000267e+00
9.051741250000000960e+00
9.144583749999998901e+00
9.216145000000000920e+00
9.245385000000000630e+00
9.182687500000000114e+00
8.987976250000000888e+00
8.707327499999999887e+00
8.528687500000000199e+00
8.458686249999999518e+00
8.376210000000000377e+00
8.285136249999998981e+00
8.124567500000001274e+00
7.966736250000000297e+00
7.868232499999999519e+00
7.686623749999998978e+00
7.554166250000000637e+00
7.421187499999998494e+00
7.179152499999999826e+00
6.994326249999999412e+00
6.904443749999998658e+00
6.845315000000000261e+00
6.777483750000000029e+00
6.604597499999998789e+00
6.311518750000000288e+00
6.023382500000000306e+00
5.781638749999999050e+00
5.585296249999999851e+00
5.427742500000000803e+00
5.298157500000000297e+00
5.086823749999999755e+00
4.526320000000000121e+00
3.532579999999999831e+00
3.011461249999999534e+00
2.702927499999999927e+00
2.195742500000000152e+00
2.037745000000000140e+00
2.206027499999999808e+00
2.671244999999999870e+00
2.947583749999999725e+00
3.013958750000000020e+00
7.187362499999999654e-01
7.074387499999998941e-01
6.861762499999999321e-01
3.141137500000000249e-01
2.906587500000000213e-01
