1.757447500000000105e+02
2.106275000000000261e+02
1.450417500000000075e+02
1.229017500000000069e+02
1.102633750000000106e+02
9.972816250000001048e+01
8.856453750000000014e+01
7.896395000000001119e+01
7.147952499999999532e+01
6.458530000000000371e+01
5.751027499999999293e+01
4.956141249999999587e+01
4.317424999999999358e+01
3.231652499999999861e+01
2.741495000000000104e+01
2.516607499999999931e+01
2.303174999999999883e+01
2.152327499999999816e+01
2.036141250000000014e+01
1.944946249999999921e+01
1.870181250000000261e+01
1.808576249999999774e+01
1.720394999999999897e+01
1.622984999999999900e+01
1.549343749999999886e+01
1.491538749999999958e+01
1.442998750000000108e+01
1.402550000000000097e+01
1.368082499999999868e+01
1.338752500000000012e+01
1.312148750000000064e+01
1.288791250000000055e+01
1.267636249999999976e+01
1.248437500000000000e+01
1.224019999999999797e+01
1.195152500000000018e+01
1.170358750000000114e+01
1.148927500000000101e+01
1.132744999999999891e+01
1.123432500000000012e+01
1.111513750000000122e+01
1.095656250000000043e+01
1.081232499999999952e+01
1.068531250000000021e+01
1.056127499999999841e+01
1.047971249999999976e+01
1.042733750000000015e+01
1.037546249999999937e+01
1.032357499999999995e+01
1.028939999999999877e+01
1.027311249999999987e+01
1.025709999999999766e+01
1.024084999999999823e+01
1.022461249999999922e+01
1.020843749999999872e+01
1.019222499999999876e+01
1.017597499999999933e+01
1.015987499999999955e+01
1.014362500000000011e+01
1.012753749999999897e+01
1.011133749999999765e+01
1.009513749999999987e+01
1.007890000000000086e+01
1.006275000000000119e+01
1.003432500000000083e+01
9.993919999999999249e+00
9.953488749999999996e+00
9.912921250000000128e+00
9.861755000000000493e+00
9.800693749999998872e+00
9.739180000000001058e+00
9.676996250000000188e+00
9.615370000000000417e+00
9.540468749999998721e+00
9.451113750000001090e+00
9.361446250000000191e+00
9.282871250000001240e+00
9.212986250000000155e+00
9.154818750000000449e+00
9.090848749999999256e+00
9.019856250000000131e+00
8.958436250000001877e+00
8.901324999999999932e+00
8.849428749999999511e+00
8.796652500000000430e+00
8.741042499999998938e+00
8.687547500000000866e+00
8.639748750000000754e+00
8.596281250000000540e+00
8.568384999999999252e+00
8.550899999999998613e+00
8.518706249999999258e+00
8.422967500000000385e+00
8.308195000000001329e+00
8.226677499999999199e+00
8.071381249999999952e+00
7.936894999999999811e+00
7.862402499999999073e+00
7.761522499999999880e+00
7.687016250000000106e+00
7.649037499999999490e+00
7.619211250000000213e+00
7.582303750000000342e+00
7.564360000000000639e+00
7.525050000000000239e+00
7.527046249999999716e+00
7.711894999999999278e+00
1.048101249999999851e+01
6.638381249999999056e+01
4.521518750000000608e+01
3.560815000000000623e+02
2.719032500000000141e+01
1.227747499999999903e+01
9.060483749999999503e+00
7.822607500000000158e+00
7.162542499999999812e+00
6.884714999999999030e+00
6.767627499999999685e+00
6.678151249999999983e+00
6.749682500000000474e+00
3.872294999999999021e+01
1.032654750000000092e+02
9.984438750000000695e+00
1.902015000000000100e+01
6.758439999999999337e+00
6.379085000000000782e+00
6.201838750000000289e+00
6.130377500000000701e+00
6.063993749999999849e+00
6.030736249999999465e+00
7.250711249999999275e+00
2.099322499999999891e+01
6.852073749999999741e+00
6.010102500000000347e+00
6.455768750000000722e+00
7.214886250000000167e+00
5.646820000000000839e+00
5.573346250000000168e+00
5.516999999999999460e+00
5.488206250000000175e+00
5.475870000000001347e+00
5.528612500000001262e+00
5.933230000000000004e+00
5.113927499999999071e+01
5.915124999999999744e+00
5.527193750000000350e+00
5.807202499999999823e+00
1.749535000000000196e+01
5.473422499999999857e+00
9.794092500000000712e+01
7.092302500000000620e+00
5.430687500000000512e+01
6.055232500000000684e+00
9.107619999999998939e+00
5.247655000000000847e+00
5.669578749999999445e+00
4.981547499999999573e+00
2.703403750000000016e+01
6.178931249999998876e+00
1.276173750000000062e+01
5.731107500000000243e+00
7.577710000000000612e+00
2.151004999999999967e+01
1.330025000000000013e+01
1.971366250000000164e+01
1.602616249999999809e+01
6.883041250000000666e+00
1.599906250000000085e+01
1.337591250000000009e+01
1.357424999999999926e+01
1.185590000000000011e+01
1.120826249999999824e+01
1.282405000000000150e+01
1.052164999999999928e+01
1.036783750000000026e+01
1.013537499999999980e+01
9.886100000000000776e+00
9.731232499999999064e+00
9.425513750000000357e+00
9.125541249999999494e+00
8.933116249999999425e+00
8.775096250000000708e+00
8.689622500000000471e+00
8.587965000000000515e+00
8.557692499999999924e+00
8.553763750000001664e+00
8.557888749999998268e+00
8.557381250000000605e+00
8.549213749999999834e+00
8.525442500000000479e+00
8.501342499999999802e+00
8.484851250000000178e+00
8.463766250000000824e+00
8.425228750000000488e+00
8.348986249999999387e+00
8.284264999999999546e+00
8.231966249999999263e+00
8.098045000000000826e+00
7.967291249999999714e+00
7.837888750000000293e+00
7.744065000000001753e+00
7.702278750000000507e+00
7.653357500000001146e+00
7.600318750000000456e+00
7.528628750000000203e+00
7.463736250000000183e+00
7.420004999999999740e+00
7.332032500000000397e+00
7.263107500000000272e+00
7.189866249999999681e+00
7.051447500000000090e+00
6.940916249999999899e+00
6.884918750000000642e+00
6.846478750000000169e+00
6.803169999999999717e+00
6.699272500000000186e+00
6.561253750000000551e+00
6.431021249999999689e+00
6.327052500000000634e+00
6.245224999999999582e+00
6.175094999999999779e+00
6.118307500000000232e+00
6.019072500000000048e+00
5.721530000000000449e+00
5.208594999999999864e+00
4.906983750000000200e+00
4.654474999999999696e+00
4.201501249999999743e+00
4.033282500000000326e+00
4.082806249999999970e+00
4.213048749999999565e+00
4.359646250000000833e+00
4.471330000000000027e+00
1.105089999999999906e+00
1.094879999999999853e+00
1.074916250000000018e+00
5.139737500000000070e-01
4.931687499999999891e-01
