1.643033749999999884e+02
1.956373750000000200e+02
1.336416250000000048e+02
1.125762500000000017e+02
1.005057000000000045e+02
9.041217499999999063e+01
7.967851249999998231e+01
7.041479999999999961e+01
6.316703749999999928e+01
5.646918749999998965e+01
4.957528749999999462e+01
4.180108750000000128e+01
3.553468749999999687e+01
2.483602499999999935e+01
1.999169999999999803e+01
1.776461249999999836e+01
1.564930000000000021e+01
1.415336250000000007e+01
1.300071250000000056e+01
1.209586250000000085e+01
1.135401249999999962e+01
1.074276249999999955e+01
9.868011250000000345e+00
8.902084999999999582e+00
8.172458750000000549e+00
7.600342500000000001e+00
7.120381249999999440e+00
6.720958750000000315e+00
6.381056250000000318e+00
6.092313749999999750e+00
5.830733750000000271e+00
5.601448749999999421e+00
5.394103749999999309e+00
5.206265000000000143e+00
4.968037500000000328e+00
4.687282500000000240e+00
4.447112499999999358e+00
4.240459999999999674e+00
4.084413749999999510e+00
3.995041250000000321e+00
3.881383750000000354e+00
3.730154999999999887e+00
3.593305000000000415e+00
3.473547500000000010e+00
3.356754999999999711e+00
3.280586249999999815e+00
3.231827500000000075e+00
3.183521250000000080e+00
3.135199999999999765e+00
3.103533749999999980e+00
3.088632499999999670e+00
3.073996249999999986e+00
3.059144999999999559e+00
3.044296250000000370e+00
3.029549999999999965e+00
3.014716250000000208e+00
2.999876249999999800e+00
2.985177500000000261e+00
2.970338750000000250e+00
2.955624999999999947e+00
2.940828749999999658e+00
2.926036250000000116e+00
2.911202500000000359e+00
2.896441250000000078e+00
2.870467500000000172e+00
2.833567500000000017e+00
2.796631250000000346e+00
2.759567500000000173e+00
2.713586250000000089e+00
2.659303749999999855e+00
2.604620000000000157e+00
2.549339999999999939e+00
2.494556250000000031e+00
2.429031249999999975e+00
2.351762500000000422e+00
2.274271249999999966e+00
2.207629999999999981e+00
2.148971249999999777e+00
2.100152500000000089e+00
2.047689999999999788e+00
1.990292500000000242e+00
1.940639999999999699e+00
1.894471250000000051e+00
1.853548750000000078e+00
1.812840000000000007e+00
1.769943749999999705e+00
1.728721250000000209e+00
1.693489999999999718e+00
1.662391249999999765e+00
1.642436250000000042e+00
1.629928750000000148e+00
1.606896249999999915e+00
1.538402500000000117e+00
1.459256249999999921e+00
1.407420000000000115e+00
1.312358749999999796e+00
1.237422499999999870e+00
1.200903750000000159e+00
1.158578749999999991e+00
1.133993749999999912e+00
1.125623750000000145e+00
1.122648750000000195e+00
1.120479999999999920e+00
1.125715000000000021e+00
1.155606249999999946e+00
1.293101250000000091e+00
1.637900000000000134e+00
4.759765000000000690e+00
6.100941249999999627e+01
4.019389999999999930e+01
3.436448750000000132e+02
1.886676250000000366e+01
5.058871249999999264e+00
2.282626249999999857e+00
1.308796250000000105e+00
8.696945000000000370e-01
7.314886250000000034e-01
7.060101249999999329e-01
7.367388750000000153e-01
1.020337499999999897e+00
3.340081250000000068e+01
9.351592500000000996e+01
3.815641250000000095e+00
1.272478750000000147e+01
6.648413749999999567e-01
3.951352499999999934e-01
2.994218750000000040e-01
2.746905000000000041e-01
2.636318749999999600e-01
2.974822500000000036e-01
1.666579999999999950e+00
1.526356249999999903e+01
1.082061249999999974e+00
3.452211250000000176e-01
8.755114999999999981e-01
1.703344999999999887e+00
1.984443750000000062e-01
1.942267499999999758e-01
2.192125000000000046e-01
2.551568750000000052e-01
3.287542499999999701e-01
5.272886249999999553e-01
1.193878749999999878e+00
4.398172499999999729e+01
3.826283749999999650e-01
2.609527500000000111e-01
8.905765000000001042e-01
1.229024999999999856e+01
1.042676249999999971e+00
8.266020000000000323e+01
1.197188750000000024e+00
4.400336250000000149e+01
2.639174999999999716e-01
3.738662499999999778e+00
8.197793750000000046e-02
6.735964999999999314e-01
1.172666249999999993e-01
1.683121249999999947e+01
4.070219999999999949e-01
6.928695000000000270e+00
3.771073750000000224e-01
2.562478749999999916e+00
1.302738749999999968e+01
6.460609999999999964e+00
9.893376250000001093e+00
7.622649999999999260e+00
1.619997499999999979e+00
7.143352500000000660e+00
5.102154999999999774e+00
4.865938750000000645e+00
3.836062500000000153e+00
2.937785000000000313e+00
4.112916249999999607e+00
3.206465000000000121e+00
3.089738749999999534e+00
2.915753750000000366e+00
2.731524999999999981e+00
2.617907499999999832e+00
2.391084999999999905e+00
2.149116249999999617e+00
1.985781249999999831e+00
1.826646250000000027e+00
1.677653750000000166e+00
1.469128749999999872e+00
1.304453750000000190e+00
1.135784999999999823e+00
1.001883749999999962e+00
9.574391250000000575e-01
9.127861250000000037e-01
8.306002500000000399e-01
7.798217499999998692e-01
7.539856250000001037e-01
7.280797499999999145e-01
6.917301249999998625e-01
6.106907500000000599e-01
5.500091250000000986e-01
4.938255000000000283e-01
4.353001250000000377e-01
3.841667500000000013e-01
3.150586249999999811e-01
2.659172500000000494e-01
2.440318750000000092e-01
2.223541250000000136e-01
2.114811249999999920e-01
1.984087499999999948e-01
1.865758750000000021e-01
1.786012499999999892e-01
1.635658750000000272e-01
1.520928749999999885e-01
1.416682499999999956e-01
1.257125000000000048e-01
1.151615000000000000e-01
1.103391250000000101e-01
1.070284999999999848e-01
1.036387500000000156e-01
9.660550000000001081e-02
8.899671249999999145e-02
8.331645000000000023e-02
7.878187500000000121e-02
7.521282500000001092e-02
7.215401250000000322e-02
6.967716250000000056e-02
6.534882499999999927e-02
5.237133749999998977e-02
3.239233749999999995e-02
2.594737499999999822e-02
2.133342499999999961e-02
1.264762499999999915e-02
6.963339999999999287e-03
4.074087500000000278e-03
1.673828750000000073e-03
1.102522500000000048e-03
1.011284624999999986e-03
2.092137499999999889e-04
1.973944999999999953e-04
1.727703750000000068e-04
5.517312499999999702e-05
3.416875000000000045e-05
