1.144134999999999813e+01
1.498996250000000074e+01
1.140013749999999959e+01
1.032556250000000020e+01
9.757461250000000419e+00
9.316021250000000364e+00
8.886031249999998494e+00
8.549153750000000329e+00
8.312492499999999396e+00
8.116106250000001410e+00
7.934951250000000122e+00
7.760325000000000806e+00
7.639556250000000048e+00
7.480517499999998599e+00
7.423256250000000556e+00
7.401463749999998676e+00
7.382449999999999513e+00
7.369936250000000300e+00
7.360703749999999879e+00
7.353606249999998568e+00
7.347807500000000047e+00
7.342995000000000161e+00
7.335953749999999829e+00
7.327758750000000099e+00
7.320977499999999694e+00
7.315048749999999878e+00
7.309610000000000163e+00
7.304557499999999592e+00
7.299775000000000347e+00
7.295213749999999386e+00
7.290767500000000290e+00
7.286463750000000239e+00
7.282255000000000145e+00
7.278108749999999461e+00
7.272157499999999608e+00
7.264232499999999426e+00
7.256484999999999630e+00
7.248820000000000263e+00
7.243036250000000287e+00
7.239287499999999653e+00
7.233755000000000379e+00
7.226392499999999330e+00
7.219028749999999661e+00
7.211767500000000553e+00
7.204535000000000800e+00
7.199117499999999836e+00
7.195518750000000630e+00
7.191952499999999304e+00
7.188386249999999755e+00
7.185898749999999779e+00
7.184487499999999471e+00
7.183099999999999596e+00
7.181696249999999004e+00
7.180293750000000585e+00
7.178896249999999313e+00
7.177492499999999609e+00
7.176088750000000793e+00
7.174697499999998840e+00
7.173295000000000421e+00
7.171903749999999356e+00
7.170502499999999557e+00
7.169102500000000155e+00
7.167698749999999563e+00
7.166301250000000955e+00
7.163843749999999844e+00
7.160351249999998835e+00
7.156857500000000094e+00
7.153348750000000145e+00
7.148169999999999469e+00
7.141390000000000349e+00
7.134562500000000362e+00
7.127656249999999361e+00
7.120813749999999942e+00
7.111436249999999681e+00
7.099351249999999780e+00
7.087176250000001509e+00
7.075242499999999879e+00
7.064014999999999489e+00
7.054668749999999378e+00
7.043158750000000801e+00
7.029562499999999936e+00
7.017798749999999863e+00
7.006856250000000230e+00
6.995880000000000543e+00
6.983814999999999884e+00
6.971099999999999852e+00
6.958823749999999642e+00
6.946260000000000545e+00
6.933888750000001266e+00
6.925950000000000273e+00
6.920972500000000416e+00
6.911810000000000898e+00
6.884566249999999776e+00
6.848937500000000789e+00
6.819256250000000463e+00
6.759021249999999981e+00
6.699472499999999719e+00
6.661498749999999802e+00
6.602946249999999573e+00
6.553018749999999670e+00
6.523412500000000946e+00
6.496563750000000859e+00
6.461822500000000247e+00
6.438646249999999682e+00
6.369444999999998913e+00
6.233946249999999800e+00
6.073996249999999542e+00
5.721243750000000183e+00
5.374388750000000492e+00
5.021301250000000493e+00
1.243672499999999914e+01
8.323584999999999567e+00
7.218623750000000783e+00
6.777857499999999646e+00
6.513812500000000227e+00
6.292846249999999308e+00
6.153226250000000341e+00
6.061614999999999753e+00
5.941411249999999811e+00
5.729346249999999863e+00
5.322142499999999998e+00
9.749552500000000066e+00
6.168798750000000553e+00
6.295370000000000132e+00
6.093597500000000444e+00
5.983950000000000102e+00
5.902418749999998937e+00
5.855686249999999760e+00
5.800360000000000404e+00
5.733255000000000656e+00
5.584131249999999547e+00
5.729657500000000070e+00
5.770012499999999989e+00
5.664881249999999646e+00
5.580256249999999696e+00
5.511538749999999709e+00
5.448374999999999524e+00
5.379119999999999457e+00
5.297786249999999697e+00
5.233048749999999139e+00
5.147115000000000329e+00
5.001323749999999180e+00
4.739349999999999064e+00
7.157551250000000920e+00
5.532497500000000734e+00
5.266241250000000207e+00
4.916626250000000198e+00
5.205103750000000140e+00
4.430745000000000822e+00
1.528066249999999826e+01
5.895112499999999756e+00
1.030351499999999909e+01
5.791312500000000973e+00
5.368957499999999605e+00
5.165678749999999653e+00
4.995982500000000215e+00
4.864280000000000825e+00
1.020281250000000028e+01
5.771907500000000191e+00
5.833043749999999861e+00
5.354001250000000489e+00
5.015231250000000252e+00
8.482643749999999372e+00
6.839643749999998690e+00
9.820270000000000721e+00
8.403512499999999719e+00
5.263044999999999973e+00
8.855726250000000022e+00
8.273748750000001095e+00
8.708299999999999486e+00
8.019827499999999887e+00
8.270474999999999355e+00
8.711132500000001500e+00
7.315171250000000569e+00
7.278098749999999839e+00
7.219612499999999322e+00
7.154576249999999860e+00
7.113322500000000659e+00
7.034431250000000801e+00
6.976422500000000859e+00
6.947332500000000799e+00
6.948451250000000634e+00
7.011970000000000702e+00
7.118836249999999310e+00
7.253238749999999513e+00
7.417978749999999621e+00
7.556006249999999369e+00
7.599942499999999157e+00
7.636428750000001209e+00
7.694842500000000030e+00
7.721521249999999448e+00
7.730863750000000145e+00
7.735685000000000144e+00
7.733496249999999961e+00
7.738296249999999432e+00
7.734256249999999611e+00
7.738139999999998686e+00
7.662741250000000726e+00
7.508553749999999916e+00
7.069697499999999302e+00
6.684939999999999216e+00
6.512912500000000549e+00
6.327620000000001355e+00
6.205233750000000548e+00
6.038757500000000000e+00
5.858102499999999324e+00
5.706417500000000587e+00
5.538388749999999305e+00
5.422931250000000425e+00
5.293482500000000535e+00
5.083218750000000341e+00
4.922606249999999406e+00
4.849178750000000093e+00
4.798766249999999900e+00
4.743624999999999758e+00
4.616717500000000030e+00
4.459282499999999594e+00
4.320367500000000582e+00
4.209467499999999696e+00
4.122183750000000479e+00
4.047373750000000214e+00
3.986799999999999677e+00
3.880949999999999900e+00
3.563567499999999999e+00
3.023773750000000149e+00
2.722634999999999916e+00
2.472923749999999643e+00
2.024242499999999723e+00
1.854801250000000179e+00
1.909142500000000187e+00
2.095843749999999783e+00
2.307478750000000023e+00
2.502681250000000190e+00
6.349274999999999780e-01
6.273912500000000669e-01
6.079225000000000323e-01
2.810537499999999911e-01
2.638362499999999944e-01
