0.000000	-11.377070	0.449172	1.5
-6.826242	-6.826242	2.724586	1.5
-6.826242	-9.101656	0.449172	1.5
-9.101656	-6.826242	0.449172	1.5
-2.275414	-6.826242	2.724586	1.5
-2.275414	-9.101656	0.449172	1.5
-4.550828	-6.826242	0.449172	1.5
-4.550828	-9.101656	2.724586	1.5
2.275414	-6.826242	2.724586	1.5
2.275414	-9.101656	0.449172	1.5
0.000000	-6.826242	0.449172	1.5
0.000000	-9.101656	2.724586	1.5
6.826242	-6.826242	2.724586	1.5
6.826242	-9.101656	0.449172	1.5
4.550828	-6.826242	0.449172	1.5
4.550828	-9.101656	2.724586	1.5
9.101656	-6.826242	0.449172	1.5
-6.826242	-2.275414	2.724586	1.5
-6.826242	-4.550828	0.449172	1.5
-9.101656	-2.275414	0.449172	1.5
-9.101656	-4.550828	2.724586	1.5
-2.275414	-2.275414	2.724586	1.5
-2.275414	-4.550828	0.449172	1.5
-4.550828	-2.275414	0.449172	1.5
-4.550828	-4.550828	2.724586	1.5
2.275414	-2.275414	2.724586	1.5
2.275414	-4.550828	0.449172	1.5
0.000000	-2.275414	0.449172	1.5
0.000000	-4.550828	2.724586	1.5
6.826242	-2.275414	2.724586	1.5
6.826242	-4.550828	0.449172	1.5
4.550828	-2.275414	0.449172	1.5
4.550828	-4.550828	2.724586	1.5
9.101656	-2.275414	0.449172	1.5
9.101656	-4.550828	2.724586	1.5
-11.377070	0.000000	0.449172	1.5
-6.826242	2.275414	2.724586	1.5
-6.826242	0.000000	0.449172	1.5
-9.101656	2.275414	0.449172	1.5
-9.101656	0.000000	2.724586	1.5
-2.275414	2.275414	2.724586	1.5
-2.275414	0.000000	0.449172	1.5
-4.550828	2.275414	0.449172	1.5
-4.550828	0.000000	2.724586	1.5
2.275414	2.275414	2.724586	1.5
2.275414	0.000000	0.449172	1.5
0.000000	2.275414	0.449172	1.5
0.000000	0.000000	2.724586	1.5
6.826242	2.275414	2.724586	1.5
6.826242	0.000000	0.449172	1.5
4.550828	2.275414	0.449172	1.5
4.550828	0.000000	2.724586	1.5
11.377070	0.000000	0.449172	1.5
9.101656	2.275414	0.449172	1.5
9.101656	0.000000	2.724586	1.5
-6.826242	6.826242	2.724586	1.5
-6.826242	4.550828	0.449172	1.5
-9.101656	6.826242	0.449172	1.5
-9.101656	4.550828	2.724586	1.5
-2.275414	6.826242	2.724586	1.5
-2.275414	4.550828	0.449172	1.5
-4.550828	6.826242	0.449172	1.5
-4.550828	4.550828	2.724586	1.5
2.275414	6.826242	2.724586	1.5
2.275414	4.550828	0.449172	1.5
0.000000	6.826242	0.449172	1.5
0.000000	4.550828	2.724586	1.5
6.826242	6.826242	2.724586	1.5
6.826242	4.550828	0.449172	1.5
4.550828	6.826242	0.449172	1.5
4.550828	4.550828	2.724586	1.5
9.101656	6.826242	0.449172	1.5
9.101656	4.550828	2.724586	1.5
-6.826242	9.101656	0.449172	1.5
-2.275414	9.101656	0.449172	1.5
-4.550828	9.101656	2.724586	1.5
2.275414	9.101656	0.449172	1.5
0.000000	11.377070	0.449172	1.5
0.000000	9.101656	2.724586	1.5
6.826242	9.101656	0.449172	1.5
4.550828	9.101656	2.724586	1.5
0.000000	-11.377070	5.000000	1.5
-6.826242	-6.826242	7.275414	1.5
-6.826242	-9.101656	5.000000	1.5
-9.101656	-6.826242	5.000000	1.5
-2.275414	-6.826242	7.275414	1.5
-2.275414	-9.101656	5.000000	1.5
-4.550828	-6.826242	5.000000	1.5
-4.550828	-9.101656	7.275414	1.5
2.275414	-6.826242	7.275414	1.5
2.275414	-9.101656	5.000000	1.5
0.000000	-6.826242	5.000000	1.5
0.000000	-9.101656	7.275414	1.5
6.826242	-6.826242	7.275414	1.5
6.826242	-9.101656	5.000000	1.5
4.550828	-6.826242	5.000000	1.5
4.550828	-9.101656	7.275414	1.5
9.101656	-6.826242	5.000000	1.5
-6.826242	-2.275414	7.275414	1.5
-6.826242	-4.550828	5.000000	1.5
-9.101656	-2.275414	5.000000	1.5
-9.101656	-4.550828	7.275414	1.5
-2.275414	-2.275414	7.275414	1.5
-2.275414	-4.550828	5.000000	1.5
-4.550828	-2.275414	5.000000	1.5
-4.550828	-4.550828	7.275414	1.5
2.275414	-2.275414	7.275414	1.5
2.275414	-4.550828	5.000000	1.5
0.000000	-2.275414	5.000000	1.5
0.000000	-4.550828	7.275414	1.5
6.826242	-2.275414	7.275414	1.5
6.826242	-4.550828	5.000000	1.5
4.550828	-2.275414	5.000000	1.5
4.550828	-4.550828	7.275414	1.5
9.101656	-2.275414	5.000000	1.5
9.101656	-4.550828	7.275414	1.5
-11.377070	0.000000	5.000000	1.5
-6.826242	2.275414	7.275414	1.5
-6.826242	0.000000	5.000000	1.5
-9.101656	2.275414	5.000000	1.5
-9.101656	0.000000	7.275414	1.5
-2.275414	2.275414	7.275414	1.5
-2.275414	0.000000	5.000000	1.5
-4.550828	2.275414	5.000000	1.5
-4.550828	0.000000	7.275414	1.5
2.275414	2.275414	7.275414	1.5
2.275414	0.000000	5.000000	1.5
0.000000	2.275414	5.000000	1.5
0.000000	0.000000	7.275414	1.5
6.826242	2.275414	7.275414	1.5
6.826242	0.000000	5.000000	1.5
4.550828	2.275414	5.000000	1.5
4.550828	0.000000	7.275414	1.5
11.377070	0.000000	5.000000	1.5
9.101656	2.275414	5.000000	1.5
9.101656	0.000000	7.275414	1.5
-6.826242	6.826242	7.275414	1.5
-6.826242	4.550828	5.000000	1.5
-9.101656	6.826242	5.000000	1.5
-9.101656	4.550828	7.275414	1.5
-2.275414	6.826242	7.275414	1.5
-2.275414	4.550828	5.000000	1.5
-4.550828	6.826242	5.000000	1.5
-4.550828	4.550828	7.275414	1.5
2.275414	6.826242	7.275414	1.5
2.275414	4.550828	5.000000	1.5
0.000000	6.826242	5.000000	1.5
0.000000	4.550828	7.275414	1.5
6.826242	6.826242	7.275414	1.5
6.826242	4.550828	5.000000	1.5
4.550828	6.826242	5.000000	1.5
4.550828	4.550828	7.275414	1.5
9.101656	6.826242	5.000000	1.5
9.101656	4.550828	7.275414	1.5
-6.826242	9.101656	5.000000	1.5
-2.275414	9.101656	5.000000	1.5
-4.550828	9.101656	7.275414	1.5
2.275414	9.101656	5.000000	1.5
0.000000	11.377070	5.000000	1.5
0.000000	9.101656	7.275414	1.5
6.826242	9.101656	5.000000	1.5
4.550828	9.101656	7.275414	1.5
0.000000	-11.377070	9.550828	1.5
-6.826242	-9.101656	9.550828	1.5
-9.101656	-6.826242	9.550828	1.5
-2.275414	-9.101656	9.550828	1.5
-4.550828	-6.826242	9.550828	1.5
2.275414	-9.101656	9.550828	1.5
0.000000	-6.826242	9.550828	1.5
6.826242	-9.101656	9.550828	1.5
4.550828	-6.826242	9.550828	1.5
9.101656	-6.826242	9.550828	1.5
-6.826242	-4.550828	9.550828	1.5
-9.101656	-2.275414	9.550828	1.5
-2.275414	-4.550828	9.550828	1.5
-4.550828	-2.275414	9.550828	1.5
2.275414	-4.550828	9.550828	1.5
0.000000	-2.275414	9.550828	1.5
6.826242	-4.550828	9.550828	1.5
4.550828	-2.275414	9.550828	1.5
9.101656	-2.275414	9.550828	1.5
-11.377070	0.000000	9.550828	1.5
-6.826242	0.000000	9.550828	1.5
-9.101656	2.275414	9.550828	1.5
-2.275414	0.000000	9.550828	1.5
-4.550828	2.275414	9.550828	1.5
2.275414	0.000000	9.550828	1.5
0.000000	2.275414	9.550828	1.5
6.826242	0.000000	9.550828	1.5
4.550828	2.275414	9.550828	1.5
11.377070	0.000000	9.550828	1.5
9.101656	2.275414	9.550828	1.5
-6.826242	4.550828	9.550828	1.5
-9.101656	6.826242	9.550828	1.5
-2.275414	4.550828	9.550828	1.5
-4.550828	6.826242	9.550828	1.5
2.275414	4.550828	9.550828	1.5
0.000000	6.826242	9.550828	1.5
6.826242	4.550828	9.550828	1.5
4.550828	6.826242	9.550828	1.5
9.101656	6.826242	9.550828	1.5
-6.826242	9.101656	9.550828	1.5
-2.275414	9.101656	9.550828	1.5
2.275414	9.101656	9.550828	1.5
0.000000	11.377070	9.550828	1.5
6.826242	9.101656	9.550828	1.5
