-92.609350	-92.609350	7.390650	5.550000000000001	1
-75.771286	-92.609350	7.390650	5.550000000000001	2
-58.933223	-92.609350	7.390650	5.550000000000001	3
-42.095159	-92.609350	7.390650	5.550000000000001	4
-25.257095	-92.609350	7.390650	5.550000000000001	5
-8.419032	-92.609350	7.390650	5.550000000000001	6
8.419032	-92.609350	7.390650	5.550000000000001	7
25.257095	-92.609350	7.390650	5.550000000000001	8
42.095159	-92.609350	7.390650	5.550000000000001	9
58.933223	-92.609350	7.390650	5.550000000000001	10
75.771286	-92.609350	7.390650	5.550000000000001	11
92.609350	-92.609350	7.390650	5.550000000000001	12
-92.609350	-75.771286	7.390650	5.550000000000001	13
-75.771286	-75.771286	7.390650	5.550000000000001	14
-58.933223	-75.771286	7.390650	5.550000000000001	15
-42.095159	-75.771286	7.390650	5.550000000000001	16
-25.257095	-75.771286	7.390650	5.550000000000001	17
-8.419032	-75.771286	7.390650	5.550000000000001	18
8.419032	-75.771286	7.390650	5.550000000000001	19
25.257095	-75.771286	7.390650	5.550000000000001	20
42.095159	-75.771286	7.390650	5.550000000000001	21
58.933223	-75.771286	7.390650	5.550000000000001	22
75.771286	-75.771286	7.390650	5.550000000000001	23
92.609350	-75.771286	7.390650	5.550000000000001	24
-92.609350	-58.933223	7.390650	5.550000000000001	25
-75.771286	-58.933223	7.390650	5.550000000000001	26
-58.933223	-58.933223	7.390650	5.550000000000001	27
-42.095159	-58.933223	7.390650	5.550000000000001	28
-25.257095	-58.933223	7.390650	5.550000000000001	29
-8.419032	-58.933223	7.390650	5.550000000000001	30
8.419032	-58.933223	7.390650	5.550000000000001	31
25.257095	-58.933223	7.390650	5.550000000000001	32
42.095159	-58.933223	7.390650	5.550000000000001	33
58.933223	-58.933223	7.390650	5.550000000000001	34
75.771286	-58.933223	7.390650	5.550000000000001	35
92.609350	-58.933223	7.390650	5.550000000000001	36
-92.609350	-42.095159	7.390650	5.550000000000001	37
-75.771286	-42.095159	7.390650	5.550000000000001	38
-58.933223	-42.095159	7.390650	5.550000000000001	39
-42.095159	-42.095159	7.390650	5.550000000000001	40
-25.257095	-42.095159	7.390650	5.550000000000001	41
-8.419032	-42.095159	7.390650	5.550000000000001	42
8.419032	-42.095159	7.390650	5.550000000000001	43
25.257095	-42.095159	7.390650	5.550000000000001	44
42.095159	-42.095159	7.390650	5.550000000000001	45
58.933223	-42.095159	7.390650	5.550000000000001	46
75.771286	-42.095159	7.390650	5.550000000000001	47
92.609350	-42.095159	7.390650	5.550000000000001	48
-92.609350	-25.257095	7.390650	5.550000000000001	49
-75.771286	-25.257095	7.390650	5.550000000000001	50
-58.933223	-25.257095	7.390650	5.550000000000001	51
-42.095159	-25.257095	7.390650	5.550000000000001	52
-25.257095	-25.257095	7.390650	5.550000000000001	53
-8.419032	-25.257095	7.390650	5.550000000000001	54
8.419032	-25.257095	7.390650	5.550000000000001	55
25.257095	-25.257095	7.390650	5.550000000000001	56
42.095159	-25.257095	7.390650	5.550000000000001	57
58.933223	-25.257095	7.390650	5.550000000000001	58
75.771286	-25.257095	7.390650	5.550000000000001	59
92.609350	-25.257095	7.390650	5.550000000000001	60
-92.609350	-8.419032	7.390650	5.550000000000001	61
-75.771286	-8.419032	7.390650	5.550000000000001	62
-58.933223	-8.419032	7.390650	5.550000000000001	63
-42.095159	-8.419032	7.390650	5.550000000000001	64
-25.257095	-8.419032	7.390650	5.550000000000001	65
-8.419032	-8.419032	7.390650	5.550000000000001	66
8.419032	-8.419032	7.390650	5.550000000000001	67
25.257095	-8.419032	7.390650	5.550000000000001	68
42.095159	-8.419032	7.390650	5.550000000000001	69
58.933223	-8.419032	7.390650	5.550000000000001	70
75.771286	-8.419032	7.390650	5.550000000000001	71
92.609350	-8.419032	7.390650	5.550000000000001	72
-92.609350	8.419032	7.390650	5.550000000000001	73
-75.771286	8.419032	7.390650	5.550000000000001	74
-58.933223	8.419032	7.390650	5.550000000000001	75
-42.095159	8.419032	7.390650	5.550000000000001	76
-25.257095	8.419032	7.390650	5.550000000000001	77
-8.419032	8.419032	7.390650	5.550000000000001	78
8.419032	8.419032	7.390650	5.550000000000001	79
25.257095	8.419032	7.390650	5.550000000000001	80
42.095159	8.419032	7.390650	5.550000000000001	81
58.933223	8.419032	7.390650	5.550000000000001	82
75.771286	8.419032	7.390650	5.550000000000001	83
92.609350	8.419032	7.390650	5.550000000000001	84
-92.609350	25.257095	7.390650	5.550000000000001	85
-75.771286	25.257095	7.390650	5.550000000000001	86
-58.933223	25.257095	7.390650	5.550000000000001	87
-42.095159	25.257095	7.390650	5.550000000000001	88
-25.257095	25.257095	7.390650	5.550000000000001	89
-8.419032	25.257095	7.390650	5.550000000000001	90
8.419032	25.257095	7.390650	5.550000000000001	91
25.257095	25.257095	7.390650	5.550000000000001	92
42.095159	25.257095	7.390650	5.550000000000001	93
58.933223	25.257095	7.390650	5.550000000000001	94
75.771286	25.257095	7.390650	5.550000000000001	95
92.609350	25.257095	7.390650	5.550000000000001	96
-92.609350	42.095159	7.390650	5.550000000000001	97
-75.771286	42.095159	7.390650	5.550000000000001	98
-58.933223	42.095159	7.390650	5.550000000000001	99
-42.095159	42.095159	7.390650	5.550000000000001	100
-25.257095	42.095159	7.390650	5.550000000000001	101
-8.419032	42.095159	7.390650	5.550000000000001	102
8.419032	42.095159	7.390650	5.550000000000001	103
25.257095	42.095159	7.390650	5.550000000000001	104
42.095159	42.095159	7.390650	5.550000000000001	105
58.933223	42.095159	7.390650	5.550000000000001	106
75.771286	42.095159	7.390650	5.550000000000001	107
92.609350	42.095159	7.390650	5.550000000000001	108
-92.609350	58.933223	7.390650	5.550000000000001	109
-75.771286	58.933223	7.390650	5.550000000000001	110
-58.933223	58.933223	7.390650	5.550000000000001	111
-42.095159	58.933223	7.390650	5.550000000000001	112
-25.257095	58.933223	7.390650	5.550000000000001	113
-8.419032	58.933223	7.390650	5.550000000000001	114
8.419032	58.933223	7.390650	5.550000000000001	115
25.257095	58.933223	7.390650	5.550000000000001	116
42.095159	58.933223	7.390650	5.550000000000001	117
58.933223	58.933223	7.390650	5.550000000000001	118
75.771286	58.933223	7.390650	5.550000000000001	119
92.609350	58.933223	7.390650	5.550000000000001	120
-92.609350	75.771286	7.390650	5.550000000000001	121
-75.771286	75.771286	7.390650	5.550000000000001	122
-58.933223	75.771286	7.390650	5.550000000000001	123
-42.095159	75.771286	7.390650	5.550000000000001	124
-25.257095	75.771286	7.390650	5.550000000000001	125
-8.419032	75.771286	7.390650	5.550000000000001	126
8.419032	75.771286	7.390650	5.550000000000001	127
25.257095	75.771286	7.390650	5.550000000000001	128
42.095159	75.771286	7.390650	5.550000000000001	129
58.933223	75.771286	7.390650	5.550000000000001	130
75.771286	75.771286	7.390650	5.550000000000001	131
92.609350	75.771286	7.390650	5.550000000000001	132
-92.609350	92.609350	7.390650	5.550000000000001	133
-75.771286	92.609350	7.390650	5.550000000000001	134
-58.933223	92.609350	7.390650	5.550000000000001	135
-42.095159	92.609350	7.390650	5.550000000000001	136
-25.257095	92.609350	7.390650	5.550000000000001	137
-8.419032	92.609350	7.390650	5.550000000000001	138
8.419032	92.609350	7.390650	5.550000000000001	139
25.257095	92.609350	7.390650	5.550000000000001	140
42.095159	92.609350	7.390650	5.550000000000001	141
58.933223	92.609350	7.390650	5.550000000000001	142
75.771286	92.609350	7.390650	5.550000000000001	143
92.609350	92.609350	7.390650	5.550000000000001	144
-92.609350	-92.609350	24.228714	5.550000000000001	145
-75.771286	-92.609350	24.228714	5.550000000000001	146
-58.933223	-92.609350	24.228714	5.550000000000001	147
-42.095159	-92.609350	24.228714	5.550000000000001	148
-25.257095	-92.609350	24.228714	5.550000000000001	149
-8.419032	-92.609350	24.228714	5.550000000000001	150
8.419032	-92.609350	24.228714	5.550000000000001	151
25.257095	-92.609350	24.228714	5.550000000000001	152
42.095159	-92.609350	24.228714	5.550000000000001	153
58.933223	-92.609350	24.228714	5.550000000000001	154
75.771286	-92.609350	24.228714	5.550000000000001	155
92.609350	-92.609350	24.228714	5.550000000000001	156
-92.609350	-75.771286	24.228714	5.550000000000001	157
-75.771286	-75.771286	24.228714	5.550000000000001	158
-58.933223	-75.771286	24.228714	5.550000000000001	159
-42.095159	-75.771286	24.228714	5.550000000000001	160
-25.257095	-75.771286	24.228714	5.550000000000001	161
-8.419032	-75.771286	24.228714	5.550000000000001	162
8.419032	-75.771286	24.228714	5.550000000000001	163
25.257095	-75.771286	24.228714	5.550000000000001	164
42.095159	-75.771286	24.228714	5.550000000000001	165
58.933223	-75.771286	24.228714	5.550000000000001	166
75.771286	-75.771286	24.228714	5.550000000000001	167
92.609350	-75.771286	24.228714	5.550000000000001	168
-92.609350	-58.933223	24.228714	5.550000000000001	169
-75.771286	-58.933223	24.228714	5.550000000000001	170
-58.933223	-58.933223	24.228714	5.550000000000001	171
-42.095159	-58.933223	24.228714	5.550000000000001	172
-25.257095	-58.933223	24.228714	5.550000000000001	173
-8.419032	-58.933223	24.228714	5.550000000000001	174
8.419032	-58.933223	24.228714	5.550000000000001	175
25.257095	-58.933223	24.228714	5.550000000000001	176
42.095159	-58.933223	24.228714	5.550000000000001	177
58.933223	-58.933223	24.228714	5.550000000000001	178
75.771286	-58.933223	24.228714	5.550000000000001	179
92.609350	-58.933223	24.228714	5.550000000000001	180
-92.609350	-42.095159	24.228714	5.550000000000001	181
-75.771286	-42.095159	24.228714	5.550000000000001	182
-58.933223	-42.095159	24.228714	5.550000000000001	183
-42.095159	-42.095159	24.228714	5.550000000000001	184
-25.257095	-42.095159	24.228714	5.550000000000001	185
-8.419032	-42.095159	24.228714	5.550000000000001	186
8.419032	-42.095159	24.228714	5.550000000000001	187
25.257095	-42.095159	24.228714	5.550000000000001	188
42.095159	-42.095159	24.228714	5.550000000000001	189
58.933223	-42.095159	24.228714	5.550000000000001	190
75.771286	-42.095159	24.228714	5.550000000000001	191
92.609350	-42.095159	24.228714	5.550000000000001	192
-92.609350	-25.257095	24.228714	5.550000000000001	193
-75.771286	-25.257095	24.228714	5.550000000000001	194
-58.933223	-25.257095	24.228714	5.550000000000001	195
-42.095159	-25.257095	24.228714	5.550000000000001	196
-25.257095	-25.257095	24.228714	5.550000000000001	197
-8.419032	-25.257095	24.228714	5.550000000000001	198
8.419032	-25.257095	24.228714	5.550000000000001	199
25.257095	-25.257095	24.228714	5.550000000000001	200
42.095159	-25.257095	24.228714	5.550000000000001	201
58.933223	-25.257095	24.228714	5.550000000000001	202
75.771286	-25.257095	24.228714	5.550000000000001	203
92.609350	-25.257095	24.228714	5.550000000000001	204
-92.609350	-8.419032	24.228714	5.550000000000001	205
-75.771286	-8.419032	24.228714	5.550000000000001	206
-58.933223	-8.419032	24.228714	5.550000000000001	207
-42.095159	-8.419032	24.228714	5.550000000000001	208
-25.257095	-8.419032	24.228714	5.550000000000001	209
-8.419032	-8.419032	24.228714	5.550000000000001	210
8.419032	-8.419032	24.228714	5.550000000000001	211
25.257095	-8.419032	24.228714	5.550000000000001	212
42.095159	-8.419032	24.228714	5.550000000000001	213
58.933223	-8.419032	24.228714	5.550000000000001	214
75.771286	-8.419032	24.228714	5.550000000000001	215
92.609350	-8.419032	24.228714	5.550000000000001	216
-92.609350	8.419032	24.228714	5.550000000000001	217
-75.771286	8.419032	24.228714	5.550000000000001	218
-58.933223	8.419032	24.228714	5.550000000000001	219
-42.095159	8.419032	24.228714	5.550000000000001	220
-25.257095	8.419032	24.228714	5.550000000000001	221
-8.419032	8.419032	24.228714	5.550000000000001	222
8.419032	8.419032	24.228714	5.550000000000001	223
25.257095	8.419032	24.228714	5.550000000000001	224
42.095159	8.419032	24.228714	5.550000000000001	225
58.933223	8.419032	24.228714	5.550000000000001	226
75.771286	8.419032	24.228714	5.550000000000001	227
92.609350	8.419032	24.228714	5.550000000000001	228
-92.609350	25.257095	24.228714	5.550000000000001	229
-75.771286	25.257095	24.228714	5.550000000000001	230
-58.933223	25.257095	24.228714	5.550000000000001	231
-42.095159	25.257095	24.228714	5.550000000000001	232
-25.257095	25.257095	24.228714	5.550000000000001	233
-8.419032	25.257095	24.228714	5.550000000000001	234
8.419032	25.257095	24.228714	5.550000000000001	235
25.257095	25.257095	24.228714	5.550000000000001	236
42.095159	25.257095	24.228714	5.550000000000001	237
58.933223	25.257095	24.228714	5.550000000000001	238
75.771286	25.257095	24.228714	5.550000000000001	239
92.609350	25.257095	24.228714	5.550000000000001	240
-92.609350	42.095159	24.228714	5.550000000000001	241
-75.771286	42.095159	24.228714	5.550000000000001	242
-58.933223	42.095159	24.228714	5.550000000000001	243
-42.095159	42.095159	24.228714	5.550000000000001	244
-25.257095	42.095159	24.228714	5.550000000000001	245
-8.419032	42.095159	24.228714	5.550000000000001	246
8.419032	42.095159	24.228714	5.550000000000001	247
25.257095	42.095159	24.228714	5.550000000000001	248
42.095159	42.095159	24.228714	5.550000000000001	249
58.933223	42.095159	24.228714	5.550000000000001	250
75.771286	42.095159	24.228714	5.550000000000001	251
92.609350	42.095159	24.228714	5.550000000000001	252
-92.609350	58.933223	24.228714	5.550000000000001	253
-75.771286	58.933223	24.228714	5.550000000000001	254
-58.933223	58.933223	24.228714	5.550000000000001	255
-42.095159	58.933223	24.228714	5.550000000000001	256
-25.257095	58.933223	24.228714	5.550000000000001	257
-8.419032	58.933223	24.228714	5.550000000000001	258
8.419032	58.933223	24.228714	5.550000000000001	259
25.257095	58.933223	24.228714	5.550000000000001	260
42.095159	58.933223	24.228714	5.550000000000001	261
58.933223	58.933223	24.228714	5.550000000000001	262
75.771286	58.933223	24.228714	5.550000000000001	263
92.609350	58.933223	24.228714	5.550000000000001	264
-92.609350	75.771286	24.228714	5.550000000000001	265
-75.771286	75.771286	24.228714	5.550000000000001	266
-58.933223	75.771286	24.228714	5.550000000000001	267
-42.095159	75.771286	24.228714	5.550000000000001	268
-25.257095	75.771286	24.228714	5.550000000000001	269
-8.419032	75.771286	24.228714	5.550000000000001	270
8.419032	75.771286	24.228714	5.550000000000001	271
25.257095	75.771286	24.228714	5.550000000000001	272
42.095159	75.771286	24.228714	5.550000000000001	273
58.933223	75.771286	24.228714	5.550000000000001	274
75.771286	75.771286	24.228714	5.550000000000001	275
92.609350	75.771286	24.228714	5.550000000000001	276
-92.609350	92.609350	24.228714	5.550000000000001	277
-75.771286	92.609350	24.228714	5.550000000000001	278
-58.933223	92.609350	24.228714	5.550000000000001	279
-42.095159	92.609350	24.228714	5.550000000000001	280
-25.257095	92.609350	24.228714	5.550000000000001	281
-8.419032	92.609350	24.228714	5.550000000000001	282
8.419032	92.609350	24.228714	5.550000000000001	283
25.257095	92.609350	24.228714	5.550000000000001	284
42.095159	92.609350	24.228714	5.550000000000001	285
58.933223	92.609350	24.228714	5.550000000000001	286
75.771286	92.609350	24.228714	5.550000000000001	287
92.609350	92.609350	24.228714	5.550000000000001	288
-92.609350	-92.609350	41.066777	5.550000000000001	289
-75.771286	-92.609350	41.066777	5.550000000000001	290
-58.933223	-92.609350	41.066777	5.550000000000001	291
-42.095159	-92.609350	41.066777	5.550000000000001	292
-25.257095	-92.609350	41.066777	5.550000000000001	293
-8.419032	-92.609350	41.066777	5.550000000000001	294
8.419032	-92.609350	41.066777	5.550000000000001	295
25.257095	-92.609350	41.066777	5.550000000000001	296
42.095159	-92.609350	41.066777	5.550000000000001	297
58.933223	-92.609350	41.066777	5.550000000000001	298
75.771286	-92.609350	41.066777	5.550000000000001	299
92.609350	-92.609350	41.066777	5.550000000000001	300
-92.609350	-75.771286	41.066777	5.550000000000001	301
-75.771286	-75.771286	41.066777	5.550000000000001	302
-58.933223	-75.771286	41.066777	5.550000000000001	303
-42.095159	-75.771286	41.066777	5.550000000000001	304
-25.257095	-75.771286	41.066777	5.550000000000001	305
-8.419032	-75.771286	41.066777	5.550000000000001	306
8.419032	-75.771286	41.066777	5.550000000000001	307
25.257095	-75.771286	41.066777	5.550000000000001	308
42.095159	-75.771286	41.066777	5.550000000000001	309
58.933223	-75.771286	41.066777	5.550000000000001	310
75.771286	-75.771286	41.066777	5.550000000000001	311
92.609350	-75.771286	41.066777	5.550000000000001	312
-92.609350	-58.933223	41.066777	5.550000000000001	313
-75.771286	-58.933223	41.066777	5.550000000000001	314
-58.933223	-58.933223	41.066777	5.550000000000001	315
-42.095159	-58.933223	41.066777	5.550000000000001	316
-25.257095	-58.933223	41.066777	5.550000000000001	317
-8.419032	-58.933223	41.066777	5.550000000000001	318
8.419032	-58.933223	41.066777	5.550000000000001	319
25.257095	-58.933223	41.066777	5.550000000000001	320
42.095159	-58.933223	41.066777	5.550000000000001	321
58.933223	-58.933223	41.066777	5.550000000000001	322
75.771286	-58.933223	41.066777	5.550000000000001	323
92.609350	-58.933223	41.066777	5.550000000000001	324
-92.609350	-42.095159	41.066777	5.550000000000001	325
-75.771286	-42.095159	41.066777	5.550000000000001	326
-58.933223	-42.095159	41.066777	5.550000000000001	327
-42.095159	-42.095159	41.066777	5.550000000000001	328
-25.257095	-42.095159	41.066777	5.550000000000001	329
-8.419032	-42.095159	41.066777	5.550000000000001	330
8.419032	-42.095159	41.066777	5.550000000000001	331
25.257095	-42.095159	41.066777	5.550000000000001	332
42.095159	-42.095159	41.066777	5.550000000000001	333
58.933223	-42.095159	41.066777	5.550000000000001	334
75.771286	-42.095159	41.066777	5.550000000000001	335
92.609350	-42.095159	41.066777	5.550000000000001	336
-92.609350	-25.257095	41.066777	5.550000000000001	337
-75.771286	-25.257095	41.066777	5.550000000000001	338
-58.933223	-25.257095	41.066777	5.550000000000001	339
-42.095159	-25.257095	41.066777	5.550000000000001	340
-25.257095	-25.257095	41.066777	5.550000000000001	341
-8.419032	-25.257095	41.066777	5.550000000000001	342
8.419032	-25.257095	41.066777	5.550000000000001	343
25.257095	-25.257095	41.066777	5.550000000000001	344
42.095159	-25.257095	41.066777	5.550000000000001	345
58.933223	-25.257095	41.066777	5.550000000000001	346
75.771286	-25.257095	41.066777	5.550000000000001	347
92.609350	-25.257095	41.066777	5.550000000000001	348
-92.609350	-8.419032	41.066777	5.550000000000001	349
-75.771286	-8.419032	41.066777	5.550000000000001	350
-58.933223	-8.419032	41.066777	5.550000000000001	351
-42.095159	-8.419032	41.066777	5.550000000000001	352
-25.257095	-8.419032	41.066777	5.550000000000001	353
-8.419032	-8.419032	41.066777	5.550000000000001	354
8.419032	-8.419032	41.066777	5.550000000000001	355
25.257095	-8.419032	41.066777	5.550000000000001	356
42.095159	-8.419032	41.066777	5.550000000000001	357
58.933223	-8.419032	41.066777	5.550000000000001	358
75.771286	-8.419032	41.066777	5.550000000000001	359
92.609350	-8.419032	41.066777	5.550000000000001	360
-92.609350	8.419032	41.066777	5.550000000000001	361
-75.771286	8.419032	41.066777	5.550000000000001	362
-58.933223	8.419032	41.066777	5.550000000000001	363
-42.095159	8.419032	41.066777	5.550000000000001	364
-25.257095	8.419032	41.066777	5.550000000000001	365
-8.419032	8.419032	41.066777	5.550000000000001	366
8.419032	8.419032	41.066777	5.550000000000001	367
25.257095	8.419032	41.066777	5.550000000000001	368
42.095159	8.419032	41.066777	5.550000000000001	369
58.933223	8.419032	41.066777	5.550000000000001	370
75.771286	8.419032	41.066777	5.550000000000001	371
92.609350	8.419032	41.066777	5.550000000000001	372
-92.609350	25.257095	41.066777	5.550000000000001	373
-75.771286	25.257095	41.066777	5.550000000000001	374
-58.933223	25.257095	41.066777	5.550000000000001	375
-42.095159	25.257095	41.066777	5.550000000000001	376
-25.257095	25.257095	41.066777	5.550000000000001	377
-8.419032	25.257095	41.066777	5.550000000000001	378
8.419032	25.257095	41.066777	5.550000000000001	379
25.257095	25.257095	41.066777	5.550000000000001	380
42.095159	25.257095	41.066777	5.550000000000001	381
58.933223	25.257095	41.066777	5.550000000000001	382
75.771286	25.257095	41.066777	5.550000000000001	383
92.609350	25.257095	41.066777	5.550000000000001	384
-92.609350	42.095159	41.066777	5.550000000000001	385
-75.771286	42.095159	41.066777	5.550000000000001	386
-58.933223	42.095159	41.066777	5.550000000000001	387
-42.095159	42.095159	41.066777	5.550000000000001	388
-25.257095	42.095159	41.066777	5.550000000000001	389
-8.419032	42.095159	41.066777	5.550000000000001	390
8.419032	42.095159	41.066777	5.550000000000001	391
25.257095	42.095159	41.066777	5.550000000000001	392
42.095159	42.095159	41.066777	5.550000000000001	393
58.933223	42.095159	41.066777	5.550000000000001	394
75.771286	42.095159	41.066777	5.550000000000001	395
92.609350	42.095159	41.066777	5.550000000000001	396
-92.609350	58.933223	41.066777	5.550000000000001	397
-75.771286	58.933223	41.066777	5.550000000000001	398
-58.933223	58.933223	41.066777	5.550000000000001	399
-42.095159	58.933223	41.066777	5.550000000000001	400
-25.257095	58.933223	41.066777	5.550000000000001	401
-8.419032	58.933223	41.066777	5.550000000000001	402
8.419032	58.933223	41.066777	5.550000000000001	403
25.257095	58.933223	41.066777	5.550000000000001	404
42.095159	58.933223	41.066777	5.550000000000001	405
58.933223	58.933223	41.066777	5.550000000000001	406
75.771286	58.933223	41.066777	5.550000000000001	407
92.609350	58.933223	41.066777	5.550000000000001	408
-92.609350	75.771286	41.066777	5.550000000000001	409
-75.771286	75.771286	41.066777	5.550000000000001	410
-58.933223	75.771286	41.066777	5.550000000000001	411
-42.095159	75.771286	41.066777	5.550000000000001	412
-25.257095	75.771286	41.066777	5.550000000000001	413
-8.419032	75.771286	41.066777	5.550000000000001	414
8.419032	75.771286	41.066777	5.550000000000001	415
25.257095	75.771286	41.066777	5.550000000000001	416
42.095159	75.771286	41.066777	5.550000000000001	417
58.933223	75.771286	41.066777	5.550000000000001	418
75.771286	75.771286	41.066777	5.550000000000001	419
92.609350	75.771286	41.066777	5.550000000000001	420
-92.609350	92.609350	41.066777	5.550000000000001	421
-75.771286	92.609350	41.066777	5.550000000000001	422
-58.933223	92.609350	41.066777	5.550000000000001	423
-42.095159	92.609350	41.066777	5.550000000000001	424
-25.257095	92.609350	41.066777	5.550000000000001	425
-8.419032	92.609350	41.066777	5.550000000000001	426
8.419032	92.609350	41.066777	5.550000000000001	427
25.257095	92.609350	41.066777	5.550000000000001	428
42.095159	92.609350	41.066777	5.550000000000001	429
58.933223	92.609350	41.066777	5.550000000000001	430
75.771286	92.609350	41.066777	5.550000000000001	431
92.609350	92.609350	41.066777	5.550000000000001	432
-92.609350	-92.609350	57.904841	5.550000000000001	433
-75.771286	-92.609350	57.904841	5.550000000000001	434
-58.933223	-92.609350	57.904841	5.550000000000001	435
-42.095159	-92.609350	57.904841	5.550000000000001	436
-25.257095	-92.609350	57.904841	5.550000000000001	437
-8.419032	-92.609350	57.904841	5.550000000000001	438
8.419032	-92.609350	57.904841	5.550000000000001	439
25.257095	-92.609350	57.904841	5.550000000000001	440
42.095159	-92.609350	57.904841	5.550000000000001	441
58.933223	-92.609350	57.904841	5.550000000000001	442
75.771286	-92.609350	57.904841	5.550000000000001	443
92.609350	-92.609350	57.904841	5.550000000000001	444
-92.609350	-75.771286	57.904841	5.550000000000001	445
-75.771286	-75.771286	57.904841	5.550000000000001	446
-58.933223	-75.771286	57.904841	5.550000000000001	447
-42.095159	-75.771286	57.904841	5.550000000000001	448
-25.257095	-75.771286	57.904841	5.550000000000001	449
-8.419032	-75.771286	57.904841	5.550000000000001	450
8.419032	-75.771286	57.904841	5.550000000000001	451
25.257095	-75.771286	57.904841	5.550000000000001	452
42.095159	-75.771286	57.904841	5.550000000000001	453
58.933223	-75.771286	57.904841	5.550000000000001	454
75.771286	-75.771286	57.904841	5.550000000000001	455
92.609350	-75.771286	57.904841	5.550000000000001	456
-92.609350	-58.933223	57.904841	5.550000000000001	457
-75.771286	-58.933223	57.904841	5.550000000000001	458
-58.933223	-58.933223	57.904841	5.550000000000001	459
-42.095159	-58.933223	57.904841	5.550000000000001	460
-25.257095	-58.933223	57.904841	5.550000000000001	461
-8.419032	-58.933223	57.904841	5.550000000000001	462
8.419032	-58.933223	57.904841	5.550000000000001	463
25.257095	-58.933223	57.904841	5.550000000000001	464
42.095159	-58.933223	57.904841	5.550000000000001	465
58.933223	-58.933223	57.904841	5.550000000000001	466
75.771286	-58.933223	57.904841	5.550000000000001	467
92.609350	-58.933223	57.904841	5.550000000000001	468
-92.609350	-42.095159	57.904841	5.550000000000001	469
-75.771286	-42.095159	57.904841	5.550000000000001	470
-58.933223	-42.095159	57.904841	5.550000000000001	471
-42.095159	-42.095159	57.904841	5.550000000000001	472
-25.257095	-42.095159	57.904841	5.550000000000001	473
-8.419032	-42.095159	57.904841	5.550000000000001	474
8.419032	-42.095159	57.904841	5.550000000000001	475
25.257095	-42.095159	57.904841	5.550000000000001	476
42.095159	-42.095159	57.904841	5.550000000000001	477
58.933223	-42.095159	57.904841	5.550000000000001	478
75.771286	-42.095159	57.904841	5.550000000000001	479
92.609350	-42.095159	57.904841	5.550000000000001	480
-92.609350	-25.257095	57.904841	5.550000000000001	481
-75.771286	-25.257095	57.904841	5.550000000000001	482
-58.933223	-25.257095	57.904841	5.550000000000001	483
-42.095159	-25.257095	57.904841	5.550000000000001	484
-25.257095	-25.257095	57.904841	5.550000000000001	485
-8.419032	-25.257095	57.904841	5.550000000000001	486
8.419032	-25.257095	57.904841	5.550000000000001	487
25.257095	-25.257095	57.904841	5.550000000000001	488
42.095159	-25.257095	57.904841	5.550000000000001	489
58.933223	-25.257095	57.904841	5.550000000000001	490
75.771286	-25.257095	57.904841	5.550000000000001	491
92.609350	-25.257095	57.904841	5.550000000000001	492
-92.609350	-8.419032	57.904841	5.550000000000001	493
-75.771286	-8.419032	57.904841	5.550000000000001	494
-58.933223	-8.419032	57.904841	5.550000000000001	495
-42.095159	-8.419032	57.904841	5.550000000000001	496
-25.257095	-8.419032	57.904841	5.550000000000001	497
-8.419032	-8.419032	57.904841	5.550000000000001	498
8.419032	-8.419032	57.904841	5.550000000000001	499
25.257095	-8.419032	57.904841	5.550000000000001	500
42.095159	-8.419032	57.904841	5.550000000000001	501
58.933223	-8.419032	57.904841	5.550000000000001	502
75.771286	-8.419032	57.904841	5.550000000000001	503
92.609350	-8.419032	57.904841	5.550000000000001	504
-92.609350	8.419032	57.904841	5.550000000000001	505
-75.771286	8.419032	57.904841	5.550000000000001	506
-58.933223	8.419032	57.904841	5.550000000000001	507
-42.095159	8.419032	57.904841	5.550000000000001	508
-25.257095	8.419032	57.904841	5.550000000000001	509
-8.419032	8.419032	57.904841	5.550000000000001	510
8.419032	8.419032	57.904841	5.550000000000001	511
25.257095	8.419032	57.904841	5.550000000000001	512
42.095159	8.419032	57.904841	5.550000000000001	513
58.933223	8.419032	57.904841	5.550000000000001	514
75.771286	8.419032	57.904841	5.550000000000001	515
92.609350	8.419032	57.904841	5.550000000000001	516
-92.609350	25.257095	57.904841	5.550000000000001	517
-75.771286	25.257095	57.904841	5.550000000000001	518
-58.933223	25.257095	57.904841	5.550000000000001	519
-42.095159	25.257095	57.904841	5.550000000000001	520
-25.257095	25.257095	57.904841	5.550000000000001	521
-8.419032	25.257095	57.904841	5.550000000000001	522
8.419032	25.257095	57.904841	5.550000000000001	523
25.257095	25.257095	57.904841	5.550000000000001	524
42.095159	25.257095	57.904841	5.550000000000001	525
58.933223	25.257095	57.904841	5.550000000000001	526
75.771286	25.257095	57.904841	5.550000000000001	527
92.609350	25.257095	57.904841	5.550000000000001	528
-92.609350	42.095159	57.904841	5.550000000000001	529
-75.771286	42.095159	57.904841	5.550000000000001	530
-58.933223	42.095159	57.904841	5.550000000000001	531
-42.095159	42.095159	57.904841	5.550000000000001	532
-25.257095	42.095159	57.904841	5.550000000000001	533
-8.419032	42.095159	57.904841	5.550000000000001	534
8.419032	42.095159	57.904841	5.550000000000001	535
25.257095	42.095159	57.904841	5.550000000000001	536
42.095159	42.095159	57.904841	5.550000000000001	537
58.933223	42.095159	57.904841	5.550000000000001	538
75.771286	42.095159	57.904841	5.550000000000001	539
92.609350	42.095159	57.904841	5.550000000000001	540
-92.609350	58.933223	57.904841	5.550000000000001	541
-75.771286	58.933223	57.904841	5.550000000000001	542
-58.933223	58.933223	57.904841	5.550000000000001	543
-42.095159	58.933223	57.904841	5.550000000000001	544
-25.257095	58.933223	57.904841	5.550000000000001	545
-8.419032	58.933223	57.904841	5.550000000000001	546
8.419032	58.933223	57.904841	5.550000000000001	547
25.257095	58.933223	57.904841	5.550000000000001	548
42.095159	58.933223	57.904841	5.550000000000001	549
58.933223	58.933223	57.904841	5.550000000000001	550
75.771286	58.933223	57.904841	5.550000000000001	551
92.609350	58.933223	57.904841	5.550000000000001	552
-92.609350	75.771286	57.904841	5.550000000000001	553
-75.771286	75.771286	57.904841	5.550000000000001	554
-58.933223	75.771286	57.904841	5.550000000000001	555
-42.095159	75.771286	57.904841	5.550000000000001	556
-25.257095	75.771286	57.904841	5.550000000000001	557
-8.419032	75.771286	57.904841	5.550000000000001	558
8.419032	75.771286	57.904841	5.550000000000001	559
25.257095	75.771286	57.904841	5.550000000000001	560
42.095159	75.771286	57.904841	5.550000000000001	561
58.933223	75.771286	57.904841	5.550000000000001	562
75.771286	75.771286	57.904841	5.550000000000001	563
92.609350	75.771286	57.904841	5.550000000000001	564
-92.609350	92.609350	57.904841	5.550000000000001	565
-75.771286	92.609350	57.904841	5.550000000000001	566
-58.933223	92.609350	57.904841	5.550000000000001	567
-42.095159	92.609350	57.904841	5.550000000000001	568
-25.257095	92.609350	57.904841	5.550000000000001	569
-8.419032	92.609350	57.904841	5.550000000000001	570
8.419032	92.609350	57.904841	5.550000000000001	571
25.257095	92.609350	57.904841	5.550000000000001	572
42.095159	92.609350	57.904841	5.550000000000001	573
58.933223	92.609350	57.904841	5.550000000000001	574
75.771286	92.609350	57.904841	5.550000000000001	575
92.609350	92.609350	57.904841	5.550000000000001	576
-92.609350	-92.609350	74.742905	5.550000000000001	577
-75.771286	-92.609350	74.742905	5.550000000000001	578
-58.933223	-92.609350	74.742905	5.550000000000001	579
-42.095159	-92.609350	74.742905	5.550000000000001	580
-25.257095	-92.609350	74.742905	5.550000000000001	581
-8.419032	-92.609350	74.742905	5.550000000000001	582
8.419032	-92.609350	74.742905	5.550000000000001	583
25.257095	-92.609350	74.742905	5.550000000000001	584
42.095159	-92.609350	74.742905	5.550000000000001	585
58.933223	-92.609350	74.742905	5.550000000000001	586
75.771286	-92.609350	74.742905	5.550000000000001	587
92.609350	-92.609350	74.742905	5.550000000000001	588
-92.609350	-75.771286	74.742905	5.550000000000001	589
-75.771286	-75.771286	74.742905	5.550000000000001	590
-58.933223	-75.771286	74.742905	5.550000000000001	591
-42.095159	-75.771286	74.742905	5.550000000000001	592
-25.257095	-75.771286	74.742905	5.550000000000001	593
-8.419032	-75.771286	74.742905	5.550000000000001	594
8.419032	-75.771286	74.742905	5.550000000000001	595
25.257095	-75.771286	74.742905	5.550000000000001	596
42.095159	-75.771286	74.742905	5.550000000000001	597
58.933223	-75.771286	74.742905	5.550000000000001	598
75.771286	-75.771286	74.742905	5.550000000000001	599
92.609350	-75.771286	74.742905	5.550000000000001	600
-92.609350	-58.933223	74.742905	5.550000000000001	601
-75.771286	-58.933223	74.742905	5.550000000000001	602
-58.933223	-58.933223	74.742905	5.550000000000001	603
-42.095159	-58.933223	74.742905	5.550000000000001	604
-25.257095	-58.933223	74.742905	5.550000000000001	605
-8.419032	-58.933223	74.742905	5.550000000000001	606
8.419032	-58.933223	74.742905	5.550000000000001	607
25.257095	-58.933223	74.742905	5.550000000000001	608
42.095159	-58.933223	74.742905	5.550000000000001	609
58.933223	-58.933223	74.742905	5.550000000000001	610
75.771286	-58.933223	74.742905	5.550000000000001	611
92.609350	-58.933223	74.742905	5.550000000000001	612
-92.609350	-42.095159	74.742905	5.550000000000001	613
-75.771286	-42.095159	74.742905	5.550000000000001	614
-58.933223	-42.095159	74.742905	5.550000000000001	615
-42.095159	-42.095159	74.742905	5.550000000000001	616
-25.257095	-42.095159	74.742905	5.550000000000001	617
-8.419032	-42.095159	74.742905	5.550000000000001	618
8.419032	-42.095159	74.742905	5.550000000000001	619
25.257095	-42.095159	74.742905	5.550000000000001	620
42.095159	-42.095159	74.742905	5.550000000000001	621
58.933223	-42.095159	74.742905	5.550000000000001	622
75.771286	-42.095159	74.742905	5.550000000000001	623
92.609350	-42.095159	74.742905	5.550000000000001	624
-92.609350	-25.257095	74.742905	5.550000000000001	625
-75.771286	-25.257095	74.742905	5.550000000000001	626
-58.933223	-25.257095	74.742905	5.550000000000001	627
-42.095159	-25.257095	74.742905	5.550000000000001	628
-25.257095	-25.257095	74.742905	5.550000000000001	629
-8.419032	-25.257095	74.742905	5.550000000000001	630
8.419032	-25.257095	74.742905	5.550000000000001	631
25.257095	-25.257095	74.742905	5.550000000000001	632
42.095159	-25.257095	74.742905	5.550000000000001	633
58.933223	-25.257095	74.742905	5.550000000000001	634
75.771286	-25.257095	74.742905	5.550000000000001	635
92.609350	-25.257095	74.742905	5.550000000000001	636
-92.609350	-8.419032	74.742905	5.550000000000001	637
-75.771286	-8.419032	74.742905	5.550000000000001	638
-58.933223	-8.419032	74.742905	5.550000000000001	639
-42.095159	-8.419032	74.742905	5.550000000000001	640
-25.257095	-8.419032	74.742905	5.550000000000001	641
-8.419032	-8.419032	74.742905	5.550000000000001	642
8.419032	-8.419032	74.742905	5.550000000000001	643
25.257095	-8.419032	74.742905	5.550000000000001	644
42.095159	-8.419032	74.742905	5.550000000000001	645
58.933223	-8.419032	74.742905	5.550000000000001	646
75.771286	-8.419032	74.742905	5.550000000000001	647
92.609350	-8.419032	74.742905	5.550000000000001	648
-92.609350	8.419032	74.742905	5.550000000000001	649
-75.771286	8.419032	74.742905	5.550000000000001	650
-58.933223	8.419032	74.742905	5.550000000000001	651
-42.095159	8.419032	74.742905	5.550000000000001	652
-25.257095	8.419032	74.742905	5.550000000000001	653
-8.419032	8.419032	74.742905	5.550000000000001	654
8.419032	8.419032	74.742905	5.550000000000001	655
25.257095	8.419032	74.742905	5.550000000000001	656
42.095159	8.419032	74.742905	5.550000000000001	657
58.933223	8.419032	74.742905	5.550000000000001	658
75.771286	8.419032	74.742905	5.550000000000001	659
92.609350	8.419032	74.742905	5.550000000000001	660
-92.609350	25.257095	74.742905	5.550000000000001	661
-75.771286	25.257095	74.742905	5.550000000000001	662
-58.933223	25.257095	74.742905	5.550000000000001	663
-42.095159	25.257095	74.742905	5.550000000000001	664
-25.257095	25.257095	74.742905	5.550000000000001	665
-8.419032	25.257095	74.742905	5.550000000000001	666
8.419032	25.257095	74.742905	5.550000000000001	667
25.257095	25.257095	74.742905	5.550000000000001	668
42.095159	25.257095	74.742905	5.550000000000001	669
58.933223	25.257095	74.742905	5.550000000000001	670
75.771286	25.257095	74.742905	5.550000000000001	671
92.609350	25.257095	74.742905	5.550000000000001	672
-92.609350	42.095159	74.742905	5.550000000000001	673
-75.771286	42.095159	74.742905	5.550000000000001	674
-58.933223	42.095159	74.742905	5.550000000000001	675
-42.095159	42.095159	74.742905	5.550000000000001	676
-25.257095	42.095159	74.742905	5.550000000000001	677
-8.419032	42.095159	74.742905	5.550000000000001	678
8.419032	42.095159	74.742905	5.550000000000001	679
25.257095	42.095159	74.742905	5.550000000000001	680
42.095159	42.095159	74.742905	5.550000000000001	681
58.933223	42.095159	74.742905	5.550000000000001	682
75.771286	42.095159	74.742905	5.550000000000001	683
92.609350	42.095159	74.742905	5.550000000000001	684
-92.609350	58.933223	74.742905	5.550000000000001	685
-75.771286	58.933223	74.742905	5.550000000000001	686
-58.933223	58.933223	74.742905	5.550000000000001	687
-42.095159	58.933223	74.742905	5.550000000000001	688
-25.257095	58.933223	74.742905	5.550000000000001	689
-8.419032	58.933223	74.742905	5.550000000000001	690
8.419032	58.933223	74.742905	5.550000000000001	691
25.257095	58.933223	74.742905	5.550000000000001	692
42.095159	58.933223	74.742905	5.550000000000001	693
58.933223	58.933223	74.742905	5.550000000000001	694
75.771286	58.933223	74.742905	5.550000000000001	695
92.609350	58.933223	74.742905	5.550000000000001	696
-92.609350	75.771286	74.742905	5.550000000000001	697
-75.771286	75.771286	74.742905	5.550000000000001	698
-58.933223	75.771286	74.742905	5.550000000000001	699
-42.095159	75.771286	74.742905	5.550000000000001	700
-25.257095	75.771286	74.742905	5.550000000000001	701
-8.419032	75.771286	74.742905	5.550000000000001	702
8.419032	75.771286	74.742905	5.550000000000001	703
25.257095	75.771286	74.742905	5.550000000000001	704
42.095159	75.771286	74.742905	5.550000000000001	705
58.933223	75.771286	74.742905	5.550000000000001	706
75.771286	75.771286	74.742905	5.550000000000001	707
92.609350	75.771286	74.742905	5.550000000000001	708
-92.609350	92.609350	74.742905	5.550000000000001	709
-75.771286	92.609350	74.742905	5.550000000000001	710
-58.933223	92.609350	74.742905	5.550000000000001	711
-42.095159	92.609350	74.742905	5.550000000000001	712
-25.257095	92.609350	74.742905	5.550000000000001	713
-8.419032	92.609350	74.742905	5.550000000000001	714
8.419032	92.609350	74.742905	5.550000000000001	715
25.257095	92.609350	74.742905	5.550000000000001	716
42.095159	92.609350	74.742905	5.550000000000001	717
58.933223	92.609350	74.742905	5.550000000000001	718
75.771286	92.609350	74.742905	5.550000000000001	719
92.609350	92.609350	74.742905	5.550000000000001	720
-92.609350	-92.609350	91.580968	5.550000000000001	721
-75.771286	-92.609350	91.580968	5.550000000000001	722
-58.933223	-92.609350	91.580968	5.550000000000001	723
-42.095159	-92.609350	91.580968	5.550000000000001	724
-25.257095	-92.609350	91.580968	5.550000000000001	725
-8.419032	-92.609350	91.580968	5.550000000000001	726
8.419032	-92.609350	91.580968	5.550000000000001	727
25.257095	-92.609350	91.580968	5.550000000000001	728
42.095159	-92.609350	91.580968	5.550000000000001	729
58.933223	-92.609350	91.580968	5.550000000000001	730
75.771286	-92.609350	91.580968	5.550000000000001	731
92.609350	-92.609350	91.580968	5.550000000000001	732
-92.609350	-75.771286	91.580968	5.550000000000001	733
-75.771286	-75.771286	91.580968	5.550000000000001	734
-58.933223	-75.771286	91.580968	5.550000000000001	735
-42.095159	-75.771286	91.580968	5.550000000000001	736
-25.257095	-75.771286	91.580968	5.550000000000001	737
-8.419032	-75.771286	91.580968	5.550000000000001	738
8.419032	-75.771286	91.580968	5.550000000000001	739
25.257095	-75.771286	91.580968	5.550000000000001	740
42.095159	-75.771286	91.580968	5.550000000000001	741
58.933223	-75.771286	91.580968	5.550000000000001	742
75.771286	-75.771286	91.580968	5.550000000000001	743
92.609350	-75.771286	91.580968	5.550000000000001	744
-92.609350	-58.933223	91.580968	5.550000000000001	745
-75.771286	-58.933223	91.580968	5.550000000000001	746
-58.933223	-58.933223	91.580968	5.550000000000001	747
-42.095159	-58.933223	91.580968	5.550000000000001	748
-25.257095	-58.933223	91.580968	5.550000000000001	749
-8.419032	-58.933223	91.580968	5.550000000000001	750
8.419032	-58.933223	91.580968	5.550000000000001	751
25.257095	-58.933223	91.580968	5.550000000000001	752
42.095159	-58.933223	91.580968	5.550000000000001	753
58.933223	-58.933223	91.580968	5.550000000000001	754
75.771286	-58.933223	91.580968	5.550000000000001	755
92.609350	-58.933223	91.580968	5.550000000000001	756
-92.609350	-42.095159	91.580968	5.550000000000001	757
-75.771286	-42.095159	91.580968	5.550000000000001	758
-58.933223	-42.095159	91.580968	5.550000000000001	759
-42.095159	-42.095159	91.580968	5.550000000000001	760
-25.257095	-42.095159	91.580968	5.550000000000001	761
-8.419032	-42.095159	91.580968	5.550000000000001	762
8.419032	-42.095159	91.580968	5.550000000000001	763
25.257095	-42.095159	91.580968	5.550000000000001	764
42.095159	-42.095159	91.580968	5.550000000000001	765
58.933223	-42.095159	91.580968	5.550000000000001	766
75.771286	-42.095159	91.580968	5.550000000000001	767
92.609350	-42.095159	91.580968	5.550000000000001	768
-92.609350	-25.257095	91.580968	5.550000000000001	769
-75.771286	-25.257095	91.580968	5.550000000000001	770
-58.933223	-25.257095	91.580968	5.550000000000001	771
-42.095159	-25.257095	91.580968	5.550000000000001	772
-25.257095	-25.257095	91.580968	5.550000000000001	773
-8.419032	-25.257095	91.580968	5.550000000000001	774
8.419032	-25.257095	91.580968	5.550000000000001	775
25.257095	-25.257095	91.580968	5.550000000000001	776
42.095159	-25.257095	91.580968	5.550000000000001	777
58.933223	-25.257095	91.580968	5.550000000000001	778
75.771286	-25.257095	91.580968	5.550000000000001	779
92.609350	-25.257095	91.580968	5.550000000000001	780
-92.609350	-8.419032	91.580968	5.550000000000001	781
-75.771286	-8.419032	91.580968	5.550000000000001	782
-58.933223	-8.419032	91.580968	5.550000000000001	783
-42.095159	-8.419032	91.580968	5.550000000000001	784
-25.257095	-8.419032	91.580968	5.550000000000001	785
-8.419032	-8.419032	91.580968	5.550000000000001	786
8.419032	-8.419032	91.580968	5.550000000000001	787
25.257095	-8.419032	91.580968	5.550000000000001	788
42.095159	-8.419032	91.580968	5.550000000000001	789
58.933223	-8.419032	91.580968	5.550000000000001	790
75.771286	-8.419032	91.580968	5.550000000000001	791
92.609350	-8.419032	91.580968	5.550000000000001	792
-92.609350	8.419032	91.580968	5.550000000000001	793
-75.771286	8.419032	91.580968	5.550000000000001	794
-58.933223	8.419032	91.580968	5.550000000000001	795
-42.095159	8.419032	91.580968	5.550000000000001	796
-25.257095	8.419032	91.580968	5.550000000000001	797
-8.419032	8.419032	91.580968	5.550000000000001	798
8.419032	8.419032	91.580968	5.550000000000001	799
25.257095	8.419032	91.580968	5.550000000000001	800
42.095159	8.419032	91.580968	5.550000000000001	801
58.933223	8.419032	91.580968	5.550000000000001	802
75.771286	8.419032	91.580968	5.550000000000001	803
92.609350	8.419032	91.580968	5.550000000000001	804
-92.609350	25.257095	91.580968	5.550000000000001	805
-75.771286	25.257095	91.580968	5.550000000000001	806
-58.933223	25.257095	91.580968	5.550000000000001	807
-42.095159	25.257095	91.580968	5.550000000000001	808
-25.257095	25.257095	91.580968	5.550000000000001	809
-8.419032	25.257095	91.580968	5.550000000000001	810
8.419032	25.257095	91.580968	5.550000000000001	811
25.257095	25.257095	91.580968	5.550000000000001	812
42.095159	25.257095	91.580968	5.550000000000001	813
58.933223	25.257095	91.580968	5.550000000000001	814
75.771286	25.257095	91.580968	5.550000000000001	815
92.609350	25.257095	91.580968	5.550000000000001	816
-92.609350	42.095159	91.580968	5.550000000000001	817
-75.771286	42.095159	91.580968	5.550000000000001	818
-58.933223	42.095159	91.580968	5.550000000000001	819
-42.095159	42.095159	91.580968	5.550000000000001	820
-25.257095	42.095159	91.580968	5.550000000000001	821
-8.419032	42.095159	91.580968	5.550000000000001	822
8.419032	42.095159	91.580968	5.550000000000001	823
25.257095	42.095159	91.580968	5.550000000000001	824
42.095159	42.095159	91.580968	5.550000000000001	825
58.933223	42.095159	91.580968	5.550000000000001	826
75.771286	42.095159	91.580968	5.550000000000001	827
92.609350	42.095159	91.580968	5.550000000000001	828
-92.609350	58.933223	91.580968	5.550000000000001	829
-75.771286	58.933223	91.580968	5.550000000000001	830
-58.933223	58.933223	91.580968	5.550000000000001	831
-42.095159	58.933223	91.580968	5.550000000000001	832
-25.257095	58.933223	91.580968	5.550000000000001	833
-8.419032	58.933223	91.580968	5.550000000000001	834
8.419032	58.933223	91.580968	5.550000000000001	835
25.257095	58.933223	91.580968	5.550000000000001	836
42.095159	58.933223	91.580968	5.550000000000001	837
58.933223	58.933223	91.580968	5.550000000000001	838
75.771286	58.933223	91.580968	5.550000000000001	839
92.609350	58.933223	91.580968	5.550000000000001	840
-92.609350	75.771286	91.580968	5.550000000000001	841
-75.771286	75.771286	91.580968	5.550000000000001	842
-58.933223	75.771286	91.580968	5.550000000000001	843
-42.095159	75.771286	91.580968	5.550000000000001	844
-25.257095	75.771286	91.580968	5.550000000000001	845
-8.419032	75.771286	91.580968	5.550000000000001	846
8.419032	75.771286	91.580968	5.550000000000001	847
25.257095	75.771286	91.580968	5.550000000000001	848
42.095159	75.771286	91.580968	5.550000000000001	849
58.933223	75.771286	91.580968	5.550000000000001	850
75.771286	75.771286	91.580968	5.550000000000001	851
92.609350	75.771286	91.580968	5.550000000000001	852
-92.609350	92.609350	91.580968	5.550000000000001	853
-75.771286	92.609350	91.580968	5.550000000000001	854
-58.933223	92.609350	91.580968	5.550000000000001	855
-42.095159	92.609350	91.580968	5.550000000000001	856
-25.257095	92.609350	91.580968	5.550000000000001	857
-8.419032	92.609350	91.580968	5.550000000000001	858
8.419032	92.609350	91.580968	5.550000000000001	859
25.257095	92.609350	91.580968	5.550000000000001	860
42.095159	92.609350	91.580968	5.550000000000001	861
58.933223	92.609350	91.580968	5.550000000000001	862
75.771286	92.609350	91.580968	5.550000000000001	863
92.609350	92.609350	91.580968	5.550000000000001	864
-92.609350	-92.609350	108.419032	5.550000000000001	865
-75.771286	-92.609350	108.419032	5.550000000000001	866
-58.933223	-92.609350	108.419032	5.550000000000001	867
-42.095159	-92.609350	108.419032	5.550000000000001	868
-25.257095	-92.609350	108.419032	5.550000000000001	869
-8.419032	-92.609350	108.419032	5.550000000000001	870
8.419032	-92.609350	108.419032	5.550000000000001	871
25.257095	-92.609350	108.419032	5.550000000000001	872
42.095159	-92.609350	108.419032	5.550000000000001	873
58.933223	-92.609350	108.419032	5.550000000000001	874
75.771286	-92.609350	108.419032	5.550000000000001	875
92.609350	-92.609350	108.419032	5.550000000000001	876
-92.609350	-75.771286	108.419032	5.550000000000001	877
-75.771286	-75.771286	108.419032	5.550000000000001	878
-58.933223	-75.771286	108.419032	5.550000000000001	879
-42.095159	-75.771286	108.419032	5.550000000000001	880
-25.257095	-75.771286	108.419032	5.550000000000001	881
-8.419032	-75.771286	108.419032	5.550000000000001	882
8.419032	-75.771286	108.419032	5.550000000000001	883
25.257095	-75.771286	108.419032	5.550000000000001	884
42.095159	-75.771286	108.419032	5.550000000000001	885
58.933223	-75.771286	108.419032	5.550000000000001	886
75.771286	-75.771286	108.419032	5.550000000000001	887
92.609350	-75.771286	108.419032	5.550000000000001	888
-92.609350	-58.933223	108.419032	5.550000000000001	889
-75.771286	-58.933223	108.419032	5.550000000000001	890
-58.933223	-58.933223	108.419032	5.550000000000001	891
-42.095159	-58.933223	108.419032	5.550000000000001	892
-25.257095	-58.933223	108.419032	5.550000000000001	893
-8.419032	-58.933223	108.419032	5.550000000000001	894
8.419032	-58.933223	108.419032	5.550000000000001	895
25.257095	-58.933223	108.419032	5.550000000000001	896
42.095159	-58.933223	108.419032	5.550000000000001	897
58.933223	-58.933223	108.419032	5.550000000000001	898
75.771286	-58.933223	108.419032	5.550000000000001	899
92.609350	-58.933223	108.419032	5.550000000000001	900
-92.609350	-42.095159	108.419032	5.550000000000001	901
-75.771286	-42.095159	108.419032	5.550000000000001	902
-58.933223	-42.095159	108.419032	5.550000000000001	903
-42.095159	-42.095159	108.419032	5.550000000000001	904
-25.257095	-42.095159	108.419032	5.550000000000001	905
-8.419032	-42.095159	108.419032	5.550000000000001	906
8.419032	-42.095159	108.419032	5.550000000000001	907
25.257095	-42.095159	108.419032	5.550000000000001	908
42.095159	-42.095159	108.419032	5.550000000000001	909
58.933223	-42.095159	108.419032	5.550000000000001	910
75.771286	-42.095159	108.419032	5.550000000000001	911
92.609350	-42.095159	108.419032	5.550000000000001	912
-92.609350	-25.257095	108.419032	5.550000000000001	913
-75.771286	-25.257095	108.419032	5.550000000000001	914
-58.933223	-25.257095	108.419032	5.550000000000001	915
-42.095159	-25.257095	108.419032	5.550000000000001	916
-25.257095	-25.257095	108.419032	5.550000000000001	917
-8.419032	-25.257095	108.419032	5.550000000000001	918
8.419032	-25.257095	108.419032	5.550000000000001	919
25.257095	-25.257095	108.419032	5.550000000000001	920
42.095159	-25.257095	108.419032	5.550000000000001	921
58.933223	-25.257095	108.419032	5.550000000000001	922
75.771286	-25.257095	108.419032	5.550000000000001	923
92.609350	-25.257095	108.419032	5.550000000000001	924
-92.609350	-8.419032	108.419032	5.550000000000001	925
-75.771286	-8.419032	108.419032	5.550000000000001	926
-58.933223	-8.419032	108.419032	5.550000000000001	927
-42.095159	-8.419032	108.419032	5.550000000000001	928
-25.257095	-8.419032	108.419032	5.550000000000001	929
-8.419032	-8.419032	108.419032	5.550000000000001	930
8.419032	-8.419032	108.419032	5.550000000000001	931
25.257095	-8.419032	108.419032	5.550000000000001	932
42.095159	-8.419032	108.419032	5.550000000000001	933
58.933223	-8.419032	108.419032	5.550000000000001	934
75.771286	-8.419032	108.419032	5.550000000000001	935
92.609350	-8.419032	108.419032	5.550000000000001	936
-92.609350	8.419032	108.419032	5.550000000000001	937
-75.771286	8.419032	108.419032	5.550000000000001	938
-58.933223	8.419032	108.419032	5.550000000000001	939
-42.095159	8.419032	108.419032	5.550000000000001	940
-25.257095	8.419032	108.419032	5.550000000000001	941
-8.419032	8.419032	108.419032	5.550000000000001	942
8.419032	8.419032	108.419032	5.550000000000001	943
25.257095	8.419032	108.419032	5.550000000000001	944
42.095159	8.419032	108.419032	5.550000000000001	945
58.933223	8.419032	108.419032	5.550000000000001	946
75.771286	8.419032	108.419032	5.550000000000001	947
92.609350	8.419032	108.419032	5.550000000000001	948
-92.609350	25.257095	108.419032	5.550000000000001	949
-75.771286	25.257095	108.419032	5.550000000000001	950
-58.933223	25.257095	108.419032	5.550000000000001	951
-42.095159	25.257095	108.419032	5.550000000000001	952
-25.257095	25.257095	108.419032	5.550000000000001	953
-8.419032	25.257095	108.419032	5.550000000000001	954
8.419032	25.257095	108.419032	5.550000000000001	955
25.257095	25.257095	108.419032	5.550000000000001	956
42.095159	25.257095	108.419032	5.550000000000001	957
58.933223	25.257095	108.419032	5.550000000000001	958
75.771286	25.257095	108.419032	5.550000000000001	959
92.609350	25.257095	108.419032	5.550000000000001	960
-92.609350	42.095159	108.419032	5.550000000000001	961
-75.771286	42.095159	108.419032	5.550000000000001	962
-58.933223	42.095159	108.419032	5.550000000000001	963
-42.095159	42.095159	108.419032	5.550000000000001	964
-25.257095	42.095159	108.419032	5.550000000000001	965
-8.419032	42.095159	108.419032	5.550000000000001	966
8.419032	42.095159	108.419032	5.550000000000001	967
25.257095	42.095159	108.419032	5.550000000000001	968
42.095159	42.095159	108.419032	5.550000000000001	969
58.933223	42.095159	108.419032	5.550000000000001	970
75.771286	42.095159	108.419032	5.550000000000001	971
92.609350	42.095159	108.419032	5.550000000000001	972
-92.609350	58.933223	108.419032	5.550000000000001	973
-75.771286	58.933223	108.419032	5.550000000000001	974
-58.933223	58.933223	108.419032	5.550000000000001	975
-42.095159	58.933223	108.419032	5.550000000000001	976
-25.257095	58.933223	108.419032	5.550000000000001	977
-8.419032	58.933223	108.419032	5.550000000000001	978
8.419032	58.933223	108.419032	5.550000000000001	979
25.257095	58.933223	108.419032	5.550000000000001	980
42.095159	58.933223	108.419032	5.550000000000001	981
58.933223	58.933223	108.419032	5.550000000000001	982
75.771286	58.933223	108.419032	5.550000000000001	983
92.609350	58.933223	108.419032	5.550000000000001	984
-92.609350	75.771286	108.419032	5.550000000000001	985
-75.771286	75.771286	108.419032	5.550000000000001	986
-58.933223	75.771286	108.419032	5.550000000000001	987
-42.095159	75.771286	108.419032	5.550000000000001	988
-25.257095	75.771286	108.419032	5.550000000000001	989
-8.419032	75.771286	108.419032	5.550000000000001	990
8.419032	75.771286	108.419032	5.550000000000001	991
25.257095	75.771286	108.419032	5.550000000000001	992
42.095159	75.771286	108.419032	5.550000000000001	993
58.933223	75.771286	108.419032	5.550000000000001	994
75.771286	75.771286	108.419032	5.550000000000001	995
92.609350	75.771286	108.419032	5.550000000000001	996
-92.609350	92.609350	108.419032	5.550000000000001	997
-75.771286	92.609350	108.419032	5.550000000000001	998
-58.933223	92.609350	108.419032	5.550000000000001	999
-42.095159	92.609350	108.419032	5.550000000000001	1000
-25.257095	92.609350	108.419032	5.550000000000001	1001
-8.419032	92.609350	108.419032	5.550000000000001	1002
8.419032	92.609350	108.419032	5.550000000000001	1003
25.257095	92.609350	108.419032	5.550000000000001	1004
42.095159	92.609350	108.419032	5.550000000000001	1005
58.933223	92.609350	108.419032	5.550000000000001	1006
75.771286	92.609350	108.419032	5.550000000000001	1007
92.609350	92.609350	108.419032	5.550000000000001	1008
-92.609350	-92.609350	125.257095	5.550000000000001	1009
-75.771286	-92.609350	125.257095	5.550000000000001	1010
-58.933223	-92.609350	125.257095	5.550000000000001	1011
-42.095159	-92.609350	125.257095	5.550000000000001	1012
-25.257095	-92.609350	125.257095	5.550000000000001	1013
-8.419032	-92.609350	125.257095	5.550000000000001	1014
8.419032	-92.609350	125.257095	5.550000000000001	1015
25.257095	-92.609350	125.257095	5.550000000000001	1016
42.095159	-92.609350	125.257095	5.550000000000001	1017
58.933223	-92.609350	125.257095	5.550000000000001	1018
75.771286	-92.609350	125.257095	5.550000000000001	1019
92.609350	-92.609350	125.257095	5.550000000000001	1020
-92.609350	-75.771286	125.257095	5.550000000000001	1021
-75.771286	-75.771286	125.257095	5.550000000000001	1022
-58.933223	-75.771286	125.257095	5.550000000000001	1023
-42.095159	-75.771286	125.257095	5.550000000000001	1024
-25.257095	-75.771286	125.257095	5.550000000000001	1025
-8.419032	-75.771286	125.257095	5.550000000000001	1026
8.419032	-75.771286	125.257095	5.550000000000001	1027
25.257095	-75.771286	125.257095	5.550000000000001	1028
42.095159	-75.771286	125.257095	5.550000000000001	1029
58.933223	-75.771286	125.257095	5.550000000000001	1030
75.771286	-75.771286	125.257095	5.550000000000001	1031
92.609350	-75.771286	125.257095	5.550000000000001	1032
-92.609350	-58.933223	125.257095	5.550000000000001	1033
-75.771286	-58.933223	125.257095	5.550000000000001	1034
-58.933223	-58.933223	125.257095	5.550000000000001	1035
-42.095159	-58.933223	125.257095	5.550000000000001	1036
-25.257095	-58.933223	125.257095	5.550000000000001	1037
-8.419032	-58.933223	125.257095	5.550000000000001	1038
8.419032	-58.933223	125.257095	5.550000000000001	1039
25.257095	-58.933223	125.257095	5.550000000000001	1040
42.095159	-58.933223	125.257095	5.550000000000001	1041
58.933223	-58.933223	125.257095	5.550000000000001	1042
75.771286	-58.933223	125.257095	5.550000000000001	1043
92.609350	-58.933223	125.257095	5.550000000000001	1044
-92.609350	-42.095159	125.257095	5.550000000000001	1045
-75.771286	-42.095159	125.257095	5.550000000000001	1046
-58.933223	-42.095159	125.257095	5.550000000000001	1047
-42.095159	-42.095159	125.257095	5.550000000000001	1048
-25.257095	-42.095159	125.257095	5.550000000000001	1049
-8.419032	-42.095159	125.257095	5.550000000000001	1050
8.419032	-42.095159	125.257095	5.550000000000001	1051
25.257095	-42.095159	125.257095	5.550000000000001	1052
42.095159	-42.095159	125.257095	5.550000000000001	1053
58.933223	-42.095159	125.257095	5.550000000000001	1054
75.771286	-42.095159	125.257095	5.550000000000001	1055
92.609350	-42.095159	125.257095	5.550000000000001	1056
-92.609350	-25.257095	125.257095	5.550000000000001	1057
-75.771286	-25.257095	125.257095	5.550000000000001	1058
-58.933223	-25.257095	125.257095	5.550000000000001	1059
-42.095159	-25.257095	125.257095	5.550000000000001	1060
-25.257095	-25.257095	125.257095	5.550000000000001	1061
-8.419032	-25.257095	125.257095	5.550000000000001	1062
8.419032	-25.257095	125.257095	5.550000000000001	1063
25.257095	-25.257095	125.257095	5.550000000000001	1064
42.095159	-25.257095	125.257095	5.550000000000001	1065
58.933223	-25.257095	125.257095	5.550000000000001	1066
75.771286	-25.257095	125.257095	5.550000000000001	1067
92.609350	-25.257095	125.257095	5.550000000000001	1068
-92.609350	-8.419032	125.257095	5.550000000000001	1069
-75.771286	-8.419032	125.257095	5.550000000000001	1070
-58.933223	-8.419032	125.257095	5.550000000000001	1071
-42.095159	-8.419032	125.257095	5.550000000000001	1072
-25.257095	-8.419032	125.257095	5.550000000000001	1073
-8.419032	-8.419032	125.257095	5.550000000000001	1074
8.419032	-8.419032	125.257095	5.550000000000001	1075
25.257095	-8.419032	125.257095	5.550000000000001	1076
42.095159	-8.419032	125.257095	5.550000000000001	1077
58.933223	-8.419032	125.257095	5.550000000000001	1078
75.771286	-8.419032	125.257095	5.550000000000001	1079
92.609350	-8.419032	125.257095	5.550000000000001	1080
-92.609350	8.419032	125.257095	5.550000000000001	1081
-75.771286	8.419032	125.257095	5.550000000000001	1082
-58.933223	8.419032	125.257095	5.550000000000001	1083
-42.095159	8.419032	125.257095	5.550000000000001	1084
-25.257095	8.419032	125.257095	5.550000000000001	1085
-8.419032	8.419032	125.257095	5.550000000000001	1086
8.419032	8.419032	125.257095	5.550000000000001	1087
25.257095	8.419032	125.257095	5.550000000000001	1088
42.095159	8.419032	125.257095	5.550000000000001	1089
58.933223	8.419032	125.257095	5.550000000000001	1090
75.771286	8.419032	125.257095	5.550000000000001	1091
92.609350	8.419032	125.257095	5.550000000000001	1092
-92.609350	25.257095	125.257095	5.550000000000001	1093
-75.771286	25.257095	125.257095	5.550000000000001	1094
-58.933223	25.257095	125.257095	5.550000000000001	1095
-42.095159	25.257095	125.257095	5.550000000000001	1096
-25.257095	25.257095	125.257095	5.550000000000001	1097
-8.419032	25.257095	125.257095	5.550000000000001	1098
8.419032	25.257095	125.257095	5.550000000000001	1099
25.257095	25.257095	125.257095	5.550000000000001	1100
42.095159	25.257095	125.257095	5.550000000000001	1101
58.933223	25.257095	125.257095	5.550000000000001	1102
75.771286	25.257095	125.257095	5.550000000000001	1103
92.609350	25.257095	125.257095	5.550000000000001	1104
-92.609350	42.095159	125.257095	5.550000000000001	1105
-75.771286	42.095159	125.257095	5.550000000000001	1106
-58.933223	42.095159	125.257095	5.550000000000001	1107
-42.095159	42.095159	125.257095	5.550000000000001	1108
-25.257095	42.095159	125.257095	5.550000000000001	1109
-8.419032	42.095159	125.257095	5.550000000000001	1110
8.419032	42.095159	125.257095	5.550000000000001	1111
25.257095	42.095159	125.257095	5.550000000000001	1112
42.095159	42.095159	125.257095	5.550000000000001	1113
58.933223	42.095159	125.257095	5.550000000000001	1114
75.771286	42.095159	125.257095	5.550000000000001	1115
92.609350	42.095159	125.257095	5.550000000000001	1116
-92.609350	58.933223	125.257095	5.550000000000001	1117
-75.771286	58.933223	125.257095	5.550000000000001	1118
-58.933223	58.933223	125.257095	5.550000000000001	1119
-42.095159	58.933223	125.257095	5.550000000000001	1120
-25.257095	58.933223	125.257095	5.550000000000001	1121
-8.419032	58.933223	125.257095	5.550000000000001	1122
8.419032	58.933223	125.257095	5.550000000000001	1123
25.257095	58.933223	125.257095	5.550000000000001	1124
42.095159	58.933223	125.257095	5.550000000000001	1125
58.933223	58.933223	125.257095	5.550000000000001	1126
75.771286	58.933223	125.257095	5.550000000000001	1127
92.609350	58.933223	125.257095	5.550000000000001	1128
-92.609350	75.771286	125.257095	5.550000000000001	1129
-75.771286	75.771286	125.257095	5.550000000000001	1130
-58.933223	75.771286	125.257095	5.550000000000001	1131
-42.095159	75.771286	125.257095	5.550000000000001	1132
-25.257095	75.771286	125.257095	5.550000000000001	1133
-8.419032	75.771286	125.257095	5.550000000000001	1134
8.419032	75.771286	125.257095	5.550000000000001	1135
25.257095	75.771286	125.257095	5.550000000000001	1136
42.095159	75.771286	125.257095	5.550000000000001	1137
58.933223	75.771286	125.257095	5.550000000000001	1138
75.771286	75.771286	125.257095	5.550000000000001	1139
92.609350	75.771286	125.257095	5.550000000000001	1140
-92.609350	92.609350	125.257095	5.550000000000001	1141
-75.771286	92.609350	125.257095	5.550000000000001	1142
-58.933223	92.609350	125.257095	5.550000000000001	1143
-42.095159	92.609350	125.257095	5.550000000000001	1144
-25.257095	92.609350	125.257095	5.550000000000001	1145
-8.419032	92.609350	125.257095	5.550000000000001	1146
8.419032	92.609350	125.257095	5.550000000000001	1147
25.257095	92.609350	125.257095	5.550000000000001	1148
42.095159	92.609350	125.257095	5.550000000000001	1149
58.933223	92.609350	125.257095	5.550000000000001	1150
75.771286	92.609350	125.257095	5.550000000000001	1151
92.609350	92.609350	125.257095	5.550000000000001	1152
-92.609350	-92.609350	142.095159	5.550000000000001	1153
-75.771286	-92.609350	142.095159	5.550000000000001	1154
-58.933223	-92.609350	142.095159	5.550000000000001	1155
-42.095159	-92.609350	142.095159	5.550000000000001	1156
-25.257095	-92.609350	142.095159	5.550000000000001	1157
-8.419032	-92.609350	142.095159	5.550000000000001	1158
8.419032	-92.609350	142.095159	5.550000000000001	1159
25.257095	-92.609350	142.095159	5.550000000000001	1160
42.095159	-92.609350	142.095159	5.550000000000001	1161
58.933223	-92.609350	142.095159	5.550000000000001	1162
75.771286	-92.609350	142.095159	5.550000000000001	1163
92.609350	-92.609350	142.095159	5.550000000000001	1164
-92.609350	-75.771286	142.095159	5.550000000000001	1165
-75.771286	-75.771286	142.095159	5.550000000000001	1166
-58.933223	-75.771286	142.095159	5.550000000000001	1167
-42.095159	-75.771286	142.095159	5.550000000000001	1168
-25.257095	-75.771286	142.095159	5.550000000000001	1169
-8.419032	-75.771286	142.095159	5.550000000000001	1170
8.419032	-75.771286	142.095159	5.550000000000001	1171
25.257095	-75.771286	142.095159	5.550000000000001	1172
42.095159	-75.771286	142.095159	5.550000000000001	1173
58.933223	-75.771286	142.095159	5.550000000000001	1174
75.771286	-75.771286	142.095159	5.550000000000001	1175
92.609350	-75.771286	142.095159	5.550000000000001	1176
-92.609350	-58.933223	142.095159	5.550000000000001	1177
-75.771286	-58.933223	142.095159	5.550000000000001	1178
-58.933223	-58.933223	142.095159	5.550000000000001	1179
-42.095159	-58.933223	142.095159	5.550000000000001	1180
-25.257095	-58.933223	142.095159	5.550000000000001	1181
-8.419032	-58.933223	142.095159	5.550000000000001	1182
8.419032	-58.933223	142.095159	5.550000000000001	1183
25.257095	-58.933223	142.095159	5.550000000000001	1184
42.095159	-58.933223	142.095159	5.550000000000001	1185
58.933223	-58.933223	142.095159	5.550000000000001	1186
75.771286	-58.933223	142.095159	5.550000000000001	1187
92.609350	-58.933223	142.095159	5.550000000000001	1188
-92.609350	-42.095159	142.095159	5.550000000000001	1189
-75.771286	-42.095159	142.095159	5.550000000000001	1190
-58.933223	-42.095159	142.095159	5.550000000000001	1191
-42.095159	-42.095159	142.095159	5.550000000000001	1192
-25.257095	-42.095159	142.095159	5.550000000000001	1193
-8.419032	-42.095159	142.095159	5.550000000000001	1194
8.419032	-42.095159	142.095159	5.550000000000001	1195
25.257095	-42.095159	142.095159	5.550000000000001	1196
42.095159	-42.095159	142.095159	5.550000000000001	1197
58.933223	-42.095159	142.095159	5.550000000000001	1198
75.771286	-42.095159	142.095159	5.550000000000001	1199
92.609350	-42.095159	142.095159	5.550000000000001	1200
-92.609350	-25.257095	142.095159	5.550000000000001	1201
-75.771286	-25.257095	142.095159	5.550000000000001	1202
-58.933223	-25.257095	142.095159	5.550000000000001	1203
-42.095159	-25.257095	142.095159	5.550000000000001	1204
-25.257095	-25.257095	142.095159	5.550000000000001	1205
-8.419032	-25.257095	142.095159	5.550000000000001	1206
8.419032	-25.257095	142.095159	5.550000000000001	1207
25.257095	-25.257095	142.095159	5.550000000000001	1208
42.095159	-25.257095	142.095159	5.550000000000001	1209
58.933223	-25.257095	142.095159	5.550000000000001	1210
75.771286	-25.257095	142.095159	5.550000000000001	1211
92.609350	-25.257095	142.095159	5.550000000000001	1212
-92.609350	-8.419032	142.095159	5.550000000000001	1213
-75.771286	-8.419032	142.095159	5.550000000000001	1214
-58.933223	-8.419032	142.095159	5.550000000000001	1215
-42.095159	-8.419032	142.095159	5.550000000000001	1216
-25.257095	-8.419032	142.095159	5.550000000000001	1217
-8.419032	-8.419032	142.095159	5.550000000000001	1218
8.419032	-8.419032	142.095159	5.550000000000001	1219
25.257095	-8.419032	142.095159	5.550000000000001	1220
42.095159	-8.419032	142.095159	5.550000000000001	1221
58.933223	-8.419032	142.095159	5.550000000000001	1222
75.771286	-8.419032	142.095159	5.550000000000001	1223
92.609350	-8.419032	142.095159	5.550000000000001	1224
-92.609350	8.419032	142.095159	5.550000000000001	1225
-75.771286	8.419032	142.095159	5.550000000000001	1226
-58.933223	8.419032	142.095159	5.550000000000001	1227
-42.095159	8.419032	142.095159	5.550000000000001	1228
-25.257095	8.419032	142.095159	5.550000000000001	1229
-8.419032	8.419032	142.095159	5.550000000000001	1230
8.419032	8.419032	142.095159	5.550000000000001	1231
25.257095	8.419032	142.095159	5.550000000000001	1232
42.095159	8.419032	142.095159	5.550000000000001	1233
58.933223	8.419032	142.095159	5.550000000000001	1234
75.771286	8.419032	142.095159	5.550000000000001	1235
92.609350	8.419032	142.095159	5.550000000000001	1236
-92.609350	25.257095	142.095159	5.550000000000001	1237
-75.771286	25.257095	142.095159	5.550000000000001	1238
-58.933223	25.257095	142.095159	5.550000000000001	1239
-42.095159	25.257095	142.095159	5.550000000000001	1240
-25.257095	25.257095	142.095159	5.550000000000001	1241
-8.419032	25.257095	142.095159	5.550000000000001	1242
8.419032	25.257095	142.095159	5.550000000000001	1243
25.257095	25.257095	142.095159	5.550000000000001	1244
42.095159	25.257095	142.095159	5.550000000000001	1245
58.933223	25.257095	142.095159	5.550000000000001	1246
75.771286	25.257095	142.095159	5.550000000000001	1247
92.609350	25.257095	142.095159	5.550000000000001	1248
-92.609350	42.095159	142.095159	5.550000000000001	1249
-75.771286	42.095159	142.095159	5.550000000000001	1250
-58.933223	42.095159	142.095159	5.550000000000001	1251
-42.095159	42.095159	142.095159	5.550000000000001	1252
-25.257095	42.095159	142.095159	5.550000000000001	1253
-8.419032	42.095159	142.095159	5.550000000000001	1254
8.419032	42.095159	142.095159	5.550000000000001	1255
25.257095	42.095159	142.095159	5.550000000000001	1256
42.095159	42.095159	142.095159	5.550000000000001	1257
58.933223	42.095159	142.095159	5.550000000000001	1258
75.771286	42.095159	142.095159	5.550000000000001	1259
92.609350	42.095159	142.095159	5.550000000000001	1260
-92.609350	58.933223	142.095159	5.550000000000001	1261
-75.771286	58.933223	142.095159	5.550000000000001	1262
-58.933223	58.933223	142.095159	5.550000000000001	1263
-42.095159	58.933223	142.095159	5.550000000000001	1264
-25.257095	58.933223	142.095159	5.550000000000001	1265
-8.419032	58.933223	142.095159	5.550000000000001	1266
8.419032	58.933223	142.095159	5.550000000000001	1267
25.257095	58.933223	142.095159	5.550000000000001	1268
42.095159	58.933223	142.095159	5.550000000000001	1269
58.933223	58.933223	142.095159	5.550000000000001	1270
75.771286	58.933223	142.095159	5.550000000000001	1271
92.609350	58.933223	142.095159	5.550000000000001	1272
-92.609350	75.771286	142.095159	5.550000000000001	1273
-75.771286	75.771286	142.095159	5.550000000000001	1274
-58.933223	75.771286	142.095159	5.550000000000001	1275
-42.095159	75.771286	142.095159	5.550000000000001	1276
-25.257095	75.771286	142.095159	5.550000000000001	1277
-8.419032	75.771286	142.095159	5.550000000000001	1278
8.419032	75.771286	142.095159	5.550000000000001	1279
25.257095	75.771286	142.095159	5.550000000000001	1280
42.095159	75.771286	142.095159	5.550000000000001	1281
58.933223	75.771286	142.095159	5.550000000000001	1282
75.771286	75.771286	142.095159	5.550000000000001	1283
92.609350	75.771286	142.095159	5.550000000000001	1284
-92.609350	92.609350	142.095159	5.550000000000001	1285
-75.771286	92.609350	142.095159	5.550000000000001	1286
-58.933223	92.609350	142.095159	5.550000000000001	1287
-42.095159	92.609350	142.095159	5.550000000000001	1288
-25.257095	92.609350	142.095159	5.550000000000001	1289
-8.419032	92.609350	142.095159	5.550000000000001	1290
8.419032	92.609350	142.095159	5.550000000000001	1291
25.257095	92.609350	142.095159	5.550000000000001	1292
42.095159	92.609350	142.095159	5.550000000000001	1293
58.933223	92.609350	142.095159	5.550000000000001	1294
75.771286	92.609350	142.095159	5.550000000000001	1295
92.609350	92.609350	142.095159	5.550000000000001	1296
-92.609350	-92.609350	158.933223	5.550000000000001	1297
-75.771286	-92.609350	158.933223	5.550000000000001	1298
-58.933223	-92.609350	158.933223	5.550000000000001	1299
-42.095159	-92.609350	158.933223	5.550000000000001	1300
-25.257095	-92.609350	158.933223	5.550000000000001	1301
-8.419032	-92.609350	158.933223	5.550000000000001	1302
8.419032	-92.609350	158.933223	5.550000000000001	1303
25.257095	-92.609350	158.933223	5.550000000000001	1304
42.095159	-92.609350	158.933223	5.550000000000001	1305
58.933223	-92.609350	158.933223	5.550000000000001	1306
75.771286	-92.609350	158.933223	5.550000000000001	1307
92.609350	-92.609350	158.933223	5.550000000000001	1308
-92.609350	-75.771286	158.933223	5.550000000000001	1309
-75.771286	-75.771286	158.933223	5.550000000000001	1310
-58.933223	-75.771286	158.933223	5.550000000000001	1311
-42.095159	-75.771286	158.933223	5.550000000000001	1312
-25.257095	-75.771286	158.933223	5.550000000000001	1313
-8.419032	-75.771286	158.933223	5.550000000000001	1314
8.419032	-75.771286	158.933223	5.550000000000001	1315
25.257095	-75.771286	158.933223	5.550000000000001	1316
42.095159	-75.771286	158.933223	5.550000000000001	1317
58.933223	-75.771286	158.933223	5.550000000000001	1318
75.771286	-75.771286	158.933223	5.550000000000001	1319
92.609350	-75.771286	158.933223	5.550000000000001	1320
-92.609350	-58.933223	158.933223	5.550000000000001	1321
-75.771286	-58.933223	158.933223	5.550000000000001	1322
-58.933223	-58.933223	158.933223	5.550000000000001	1323
-42.095159	-58.933223	158.933223	5.550000000000001	1324
-25.257095	-58.933223	158.933223	5.550000000000001	1325
-8.419032	-58.933223	158.933223	5.550000000000001	1326
8.419032	-58.933223	158.933223	5.550000000000001	1327
25.257095	-58.933223	158.933223	5.550000000000001	1328
42.095159	-58.933223	158.933223	5.550000000000001	1329
58.933223	-58.933223	158.933223	5.550000000000001	1330
75.771286	-58.933223	158.933223	5.550000000000001	1331
92.609350	-58.933223	158.933223	5.550000000000001	1332
-92.609350	-42.095159	158.933223	5.550000000000001	1333
-75.771286	-42.095159	158.933223	5.550000000000001	1334
-58.933223	-42.095159	158.933223	5.550000000000001	1335
-42.095159	-42.095159	158.933223	5.550000000000001	1336
-25.257095	-42.095159	158.933223	5.550000000000001	1337
-8.419032	-42.095159	158.933223	5.550000000000001	1338
8.419032	-42.095159	158.933223	5.550000000000001	1339
25.257095	-42.095159	158.933223	5.550000000000001	1340
42.095159	-42.095159	158.933223	5.550000000000001	1341
58.933223	-42.095159	158.933223	5.550000000000001	1342
75.771286	-42.095159	158.933223	5.550000000000001	1343
92.609350	-42.095159	158.933223	5.550000000000001	1344
-92.609350	-25.257095	158.933223	5.550000000000001	1345
-75.771286	-25.257095	158.933223	5.550000000000001	1346
-58.933223	-25.257095	158.933223	5.550000000000001	1347
-42.095159	-25.257095	158.933223	5.550000000000001	1348
-25.257095	-25.257095	158.933223	5.550000000000001	1349
-8.419032	-25.257095	158.933223	5.550000000000001	1350
8.419032	-25.257095	158.933223	5.550000000000001	1351
25.257095	-25.257095	158.933223	5.550000000000001	1352
42.095159	-25.257095	158.933223	5.550000000000001	1353
58.933223	-25.257095	158.933223	5.550000000000001	1354
75.771286	-25.257095	158.933223	5.550000000000001	1355
92.609350	-25.257095	158.933223	5.550000000000001	1356
-92.609350	-8.419032	158.933223	5.550000000000001	1357
-75.771286	-8.419032	158.933223	5.550000000000001	1358
-58.933223	-8.419032	158.933223	5.550000000000001	1359
-42.095159	-8.419032	158.933223	5.550000000000001	1360
-25.257095	-8.419032	158.933223	5.550000000000001	1361
-8.419032	-8.419032	158.933223	5.550000000000001	1362
8.419032	-8.419032	158.933223	5.550000000000001	1363
25.257095	-8.419032	158.933223	5.550000000000001	1364
42.095159	-8.419032	158.933223	5.550000000000001	1365
58.933223	-8.419032	158.933223	5.550000000000001	1366
75.771286	-8.419032	158.933223	5.550000000000001	1367
92.609350	-8.419032	158.933223	5.550000000000001	1368
-92.609350	8.419032	158.933223	5.550000000000001	1369
-75.771286	8.419032	158.933223	5.550000000000001	1370
-58.933223	8.419032	158.933223	5.550000000000001	1371
-42.095159	8.419032	158.933223	5.550000000000001	1372
-25.257095	8.419032	158.933223	5.550000000000001	1373
-8.419032	8.419032	158.933223	5.550000000000001	1374
8.419032	8.419032	158.933223	5.550000000000001	1375
25.257095	8.419032	158.933223	5.550000000000001	1376
42.095159	8.419032	158.933223	5.550000000000001	1377
58.933223	8.419032	158.933223	5.550000000000001	1378
75.771286	8.419032	158.933223	5.550000000000001	1379
92.609350	8.419032	158.933223	5.550000000000001	1380
-92.609350	25.257095	158.933223	5.550000000000001	1381
-75.771286	25.257095	158.933223	5.550000000000001	1382
-58.933223	25.257095	158.933223	5.550000000000001	1383
-42.095159	25.257095	158.933223	5.550000000000001	1384
-25.257095	25.257095	158.933223	5.550000000000001	1385
-8.419032	25.257095	158.933223	5.550000000000001	1386
8.419032	25.257095	158.933223	5.550000000000001	1387
25.257095	25.257095	158.933223	5.550000000000001	1388
42.095159	25.257095	158.933223	5.550000000000001	1389
58.933223	25.257095	158.933223	5.550000000000001	1390
75.771286	25.257095	158.933223	5.550000000000001	1391
92.609350	25.257095	158.933223	5.550000000000001	1392
-92.609350	42.095159	158.933223	5.550000000000001	1393
-75.771286	42.095159	158.933223	5.550000000000001	1394
-58.933223	42.095159	158.933223	5.550000000000001	1395
-42.095159	42.095159	158.933223	5.550000000000001	1396
-25.257095	42.095159	158.933223	5.550000000000001	1397
-8.419032	42.095159	158.933223	5.550000000000001	1398
8.419032	42.095159	158.933223	5.550000000000001	1399
25.257095	42.095159	158.933223	5.550000000000001	1400
42.095159	42.095159	158.933223	5.550000000000001	1401
58.933223	42.095159	158.933223	5.550000000000001	1402
75.771286	42.095159	158.933223	5.550000000000001	1403
92.609350	42.095159	158.933223	5.550000000000001	1404
-92.609350	58.933223	158.933223	5.550000000000001	1405
-75.771286	58.933223	158.933223	5.550000000000001	1406
-58.933223	58.933223	158.933223	5.550000000000001	1407
-42.095159	58.933223	158.933223	5.550000000000001	1408
-25.257095	58.933223	158.933223	5.550000000000001	1409
-8.419032	58.933223	158.933223	5.550000000000001	1410
8.419032	58.933223	158.933223	5.550000000000001	1411
25.257095	58.933223	158.933223	5.550000000000001	1412
42.095159	58.933223	158.933223	5.550000000000001	1413
58.933223	58.933223	158.933223	5.550000000000001	1414
75.771286	58.933223	158.933223	5.550000000000001	1415
92.609350	58.933223	158.933223	5.550000000000001	1416
-92.609350	75.771286	158.933223	5.550000000000001	1417
-75.771286	75.771286	158.933223	5.550000000000001	1418
-58.933223	75.771286	158.933223	5.550000000000001	1419
-42.095159	75.771286	158.933223	5.550000000000001	1420
-25.257095	75.771286	158.933223	5.550000000000001	1421
-8.419032	75.771286	158.933223	5.550000000000001	1422
8.419032	75.771286	158.933223	5.550000000000001	1423
25.257095	75.771286	158.933223	5.550000000000001	1424
42.095159	75.771286	158.933223	5.550000000000001	1425
58.933223	75.771286	158.933223	5.550000000000001	1426
75.771286	75.771286	158.933223	5.550000000000001	1427
92.609350	75.771286	158.933223	5.550000000000001	1428
-92.609350	92.609350	158.933223	5.550000000000001	1429
-75.771286	92.609350	158.933223	5.550000000000001	1430
-58.933223	92.609350	158.933223	5.550000000000001	1431
-42.095159	92.609350	158.933223	5.550000000000001	1432
-25.257095	92.609350	158.933223	5.550000000000001	1433
-8.419032	92.609350	158.933223	5.550000000000001	1434
8.419032	92.609350	158.933223	5.550000000000001	1435
25.257095	92.609350	158.933223	5.550000000000001	1436
42.095159	92.609350	158.933223	5.550000000000001	1437
58.933223	92.609350	158.933223	5.550000000000001	1438
75.771286	92.609350	158.933223	5.550000000000001	1439
92.609350	92.609350	158.933223	5.550000000000001	1440
-92.609350	-92.609350	175.771286	5.550000000000001	1441
-75.771286	-92.609350	175.771286	5.550000000000001	1442
-58.933223	-92.609350	175.771286	5.550000000000001	1443
-42.095159	-92.609350	175.771286	5.550000000000001	1444
-25.257095	-92.609350	175.771286	5.550000000000001	1445
-8.419032	-92.609350	175.771286	5.550000000000001	1446
8.419032	-92.609350	175.771286	5.550000000000001	1447
25.257095	-92.609350	175.771286	5.550000000000001	1448
42.095159	-92.609350	175.771286	5.550000000000001	1449
58.933223	-92.609350	175.771286	5.550000000000001	1450
75.771286	-92.609350	175.771286	5.550000000000001	1451
92.609350	-92.609350	175.771286	5.550000000000001	1452
-92.609350	-75.771286	175.771286	5.550000000000001	1453
-75.771286	-75.771286	175.771286	5.550000000000001	1454
-58.933223	-75.771286	175.771286	5.550000000000001	1455
-42.095159	-75.771286	175.771286	5.550000000000001	1456
-25.257095	-75.771286	175.771286	5.550000000000001	1457
-8.419032	-75.771286	175.771286	5.550000000000001	1458
8.419032	-75.771286	175.771286	5.550000000000001	1459
25.257095	-75.771286	175.771286	5.550000000000001	1460
42.095159	-75.771286	175.771286	5.550000000000001	1461
58.933223	-75.771286	175.771286	5.550000000000001	1462
75.771286	-75.771286	175.771286	5.550000000000001	1463
92.609350	-75.771286	175.771286	5.550000000000001	1464
-92.609350	-58.933223	175.771286	5.550000000000001	1465
-75.771286	-58.933223	175.771286	5.550000000000001	1466
-58.933223	-58.933223	175.771286	5.550000000000001	1467
-42.095159	-58.933223	175.771286	5.550000000000001	1468
-25.257095	-58.933223	175.771286	5.550000000000001	1469
-8.419032	-58.933223	175.771286	5.550000000000001	1470
8.419032	-58.933223	175.771286	5.550000000000001	1471
25.257095	-58.933223	175.771286	5.550000000000001	1472
42.095159	-58.933223	175.771286	5.550000000000001	1473
58.933223	-58.933223	175.771286	5.550000000000001	1474
75.771286	-58.933223	175.771286	5.550000000000001	1475
92.609350	-58.933223	175.771286	5.550000000000001	1476
-92.609350	-42.095159	175.771286	5.550000000000001	1477
-75.771286	-42.095159	175.771286	5.550000000000001	1478
-58.933223	-42.095159	175.771286	5.550000000000001	1479
-42.095159	-42.095159	175.771286	5.550000000000001	1480
-25.257095	-42.095159	175.771286	5.550000000000001	1481
-8.419032	-42.095159	175.771286	5.550000000000001	1482
8.419032	-42.095159	175.771286	5.550000000000001	1483
25.257095	-42.095159	175.771286	5.550000000000001	1484
42.095159	-42.095159	175.771286	5.550000000000001	1485
58.933223	-42.095159	175.771286	5.550000000000001	1486
75.771286	-42.095159	175.771286	5.550000000000001	1487
92.609350	-42.095159	175.771286	5.550000000000001	1488
-92.609350	-25.257095	175.771286	5.550000000000001	1489
-75.771286	-25.257095	175.771286	5.550000000000001	1490
-58.933223	-25.257095	175.771286	5.550000000000001	1491
-42.095159	-25.257095	175.771286	5.550000000000001	1492
-25.257095	-25.257095	175.771286	5.550000000000001	1493
-8.419032	-25.257095	175.771286	5.550000000000001	1494
8.419032	-25.257095	175.771286	5.550000000000001	1495
25.257095	-25.257095	175.771286	5.550000000000001	1496
42.095159	-25.257095	175.771286	5.550000000000001	1497
58.933223	-25.257095	175.771286	5.550000000000001	1498
75.771286	-25.257095	175.771286	5.550000000000001	1499
92.609350	-25.257095	175.771286	5.550000000000001	1500
-92.609350	-8.419032	175.771286	5.550000000000001	1501
-75.771286	-8.419032	175.771286	5.550000000000001	1502
-58.933223	-8.419032	175.771286	5.550000000000001	1503
-42.095159	-8.419032	175.771286	5.550000000000001	1504
-25.257095	-8.419032	175.771286	5.550000000000001	1505
-8.419032	-8.419032	175.771286	5.550000000000001	1506
8.419032	-8.419032	175.771286	5.550000000000001	1507
25.257095	-8.419032	175.771286	5.550000000000001	1508
42.095159	-8.419032	175.771286	5.550000000000001	1509
58.933223	-8.419032	175.771286	5.550000000000001	1510
75.771286	-8.419032	175.771286	5.550000000000001	1511
92.609350	-8.419032	175.771286	5.550000000000001	1512
-92.609350	8.419032	175.771286	5.550000000000001	1513
-75.771286	8.419032	175.771286	5.550000000000001	1514
-58.933223	8.419032	175.771286	5.550000000000001	1515
-42.095159	8.419032	175.771286	5.550000000000001	1516
-25.257095	8.419032	175.771286	5.550000000000001	1517
-8.419032	8.419032	175.771286	5.550000000000001	1518
8.419032	8.419032	175.771286	5.550000000000001	1519
25.257095	8.419032	175.771286	5.550000000000001	1520
42.095159	8.419032	175.771286	5.550000000000001	1521
58.933223	8.419032	175.771286	5.550000000000001	1522
75.771286	8.419032	175.771286	5.550000000000001	1523
92.609350	8.419032	175.771286	5.550000000000001	1524
-92.609350	25.257095	175.771286	5.550000000000001	1525
-75.771286	25.257095	175.771286	5.550000000000001	1526
-58.933223	25.257095	175.771286	5.550000000000001	1527
-42.095159	25.257095	175.771286	5.550000000000001	1528
-25.257095	25.257095	175.771286	5.550000000000001	1529
-8.419032	25.257095	175.771286	5.550000000000001	1530
8.419032	25.257095	175.771286	5.550000000000001	1531
25.257095	25.257095	175.771286	5.550000000000001	1532
42.095159	25.257095	175.771286	5.550000000000001	1533
58.933223	25.257095	175.771286	5.550000000000001	1534
75.771286	25.257095	175.771286	5.550000000000001	1535
92.609350	25.257095	175.771286	5.550000000000001	1536
-92.609350	42.095159	175.771286	5.550000000000001	1537
-75.771286	42.095159	175.771286	5.550000000000001	1538
-58.933223	42.095159	175.771286	5.550000000000001	1539
-42.095159	42.095159	175.771286	5.550000000000001	1540
-25.257095	42.095159	175.771286	5.550000000000001	1541
-8.419032	42.095159	175.771286	5.550000000000001	1542
8.419032	42.095159	175.771286	5.550000000000001	1543
25.257095	42.095159	175.771286	5.550000000000001	1544
42.095159	42.095159	175.771286	5.550000000000001	1545
58.933223	42.095159	175.771286	5.550000000000001	1546
75.771286	42.095159	175.771286	5.550000000000001	1547
92.609350	42.095159	175.771286	5.550000000000001	1548
-92.609350	58.933223	175.771286	5.550000000000001	1549
-75.771286	58.933223	175.771286	5.550000000000001	1550
-58.933223	58.933223	175.771286	5.550000000000001	1551
-42.095159	58.933223	175.771286	5.550000000000001	1552
-25.257095	58.933223	175.771286	5.550000000000001	1553
-8.419032	58.933223	175.771286	5.550000000000001	1554
8.419032	58.933223	175.771286	5.550000000000001	1555
25.257095	58.933223	175.771286	5.550000000000001	1556
42.095159	58.933223	175.771286	5.550000000000001	1557
58.933223	58.933223	175.771286	5.550000000000001	1558
75.771286	58.933223	175.771286	5.550000000000001	1559
92.609350	58.933223	175.771286	5.550000000000001	1560
-92.609350	75.771286	175.771286	5.550000000000001	1561
-75.771286	75.771286	175.771286	5.550000000000001	1562
-58.933223	75.771286	175.771286	5.550000000000001	1563
-42.095159	75.771286	175.771286	5.550000000000001	1564
-25.257095	75.771286	175.771286	5.550000000000001	1565
-8.419032	75.771286	175.771286	5.550000000000001	1566
8.419032	75.771286	175.771286	5.550000000000001	1567
25.257095	75.771286	175.771286	5.550000000000001	1568
42.095159	75.771286	175.771286	5.550000000000001	1569
58.933223	75.771286	175.771286	5.550000000000001	1570
75.771286	75.771286	175.771286	5.550000000000001	1571
92.609350	75.771286	175.771286	5.550000000000001	1572
-92.609350	92.609350	175.771286	5.550000000000001	1573
-75.771286	92.609350	175.771286	5.550000000000001	1574
-58.933223	92.609350	175.771286	5.550000000000001	1575
-42.095159	92.609350	175.771286	5.550000000000001	1576
-25.257095	92.609350	175.771286	5.550000000000001	1577
-8.419032	92.609350	175.771286	5.550000000000001	1578
8.419032	92.609350	175.771286	5.550000000000001	1579
25.257095	92.609350	175.771286	5.550000000000001	1580
42.095159	92.609350	175.771286	5.550000000000001	1581
58.933223	92.609350	175.771286	5.550000000000001	1582
75.771286	92.609350	175.771286	5.550000000000001	1583
92.609350	92.609350	175.771286	5.550000000000001	1584
-92.609350	-92.609350	192.609350	5.550000000000001	1585
-75.771286	-92.609350	192.609350	5.550000000000001	1586
-58.933223	-92.609350	192.609350	5.550000000000001	1587
-42.095159	-92.609350	192.609350	5.550000000000001	1588
-25.257095	-92.609350	192.609350	5.550000000000001	1589
-8.419032	-92.609350	192.609350	5.550000000000001	1590
8.419032	-92.609350	192.609350	5.550000000000001	1591
25.257095	-92.609350	192.609350	5.550000000000001	1592
42.095159	-92.609350	192.609350	5.550000000000001	1593
58.933223	-92.609350	192.609350	5.550000000000001	1594
75.771286	-92.609350	192.609350	5.550000000000001	1595
92.609350	-92.609350	192.609350	5.550000000000001	1596
-92.609350	-75.771286	192.609350	5.550000000000001	1597
-75.771286	-75.771286	192.609350	5.550000000000001	1598
-58.933223	-75.771286	192.609350	5.550000000000001	1599
-42.095159	-75.771286	192.609350	5.550000000000001	1600
-25.257095	-75.771286	192.609350	5.550000000000001	1601
-8.419032	-75.771286	192.609350	5.550000000000001	1602
8.419032	-75.771286	192.609350	5.550000000000001	1603
25.257095	-75.771286	192.609350	5.550000000000001	1604
42.095159	-75.771286	192.609350	5.550000000000001	1605
58.933223	-75.771286	192.609350	5.550000000000001	1606
75.771286	-75.771286	192.609350	5.550000000000001	1607
92.609350	-75.771286	192.609350	5.550000000000001	1608
-92.609350	-58.933223	192.609350	5.550000000000001	1609
-75.771286	-58.933223	192.609350	5.550000000000001	1610
-58.933223	-58.933223	192.609350	5.550000000000001	1611
-42.095159	-58.933223	192.609350	5.550000000000001	1612
-25.257095	-58.933223	192.609350	5.550000000000001	1613
-8.419032	-58.933223	192.609350	5.550000000000001	1614
8.419032	-58.933223	192.609350	5.550000000000001	1615
25.257095	-58.933223	192.609350	5.550000000000001	1616
42.095159	-58.933223	192.609350	5.550000000000001	1617
58.933223	-58.933223	192.609350	5.550000000000001	1618
75.771286	-58.933223	192.609350	5.550000000000001	1619
92.609350	-58.933223	192.609350	5.550000000000001	1620
-92.609350	-42.095159	192.609350	5.550000000000001	1621
-75.771286	-42.095159	192.609350	5.550000000000001	1622
-58.933223	-42.095159	192.609350	5.550000000000001	1623
-42.095159	-42.095159	192.609350	5.550000000000001	1624
-25.257095	-42.095159	192.609350	5.550000000000001	1625
-8.419032	-42.095159	192.609350	5.550000000000001	1626
8.419032	-42.095159	192.609350	5.550000000000001	1627
25.257095	-42.095159	192.609350	5.550000000000001	1628
42.095159	-42.095159	192.609350	5.550000000000001	1629
58.933223	-42.095159	192.609350	5.550000000000001	1630
75.771286	-42.095159	192.609350	5.550000000000001	1631
92.609350	-42.095159	192.609350	5.550000000000001	1632
-92.609350	-25.257095	192.609350	5.550000000000001	1633
-75.771286	-25.257095	192.609350	5.550000000000001	1634
-58.933223	-25.257095	192.609350	5.550000000000001	1635
-42.095159	-25.257095	192.609350	5.550000000000001	1636
-25.257095	-25.257095	192.609350	5.550000000000001	1637
-8.419032	-25.257095	192.609350	5.550000000000001	1638
8.419032	-25.257095	192.609350	5.550000000000001	1639
25.257095	-25.257095	192.609350	5.550000000000001	1640
42.095159	-25.257095	192.609350	5.550000000000001	1641
58.933223	-25.257095	192.609350	5.550000000000001	1642
75.771286	-25.257095	192.609350	5.550000000000001	1643
92.609350	-25.257095	192.609350	5.550000000000001	1644
-92.609350	-8.419032	192.609350	5.550000000000001	1645
-75.771286	-8.419032	192.609350	5.550000000000001	1646
-58.933223	-8.419032	192.609350	5.550000000000001	1647
-42.095159	-8.419032	192.609350	5.550000000000001	1648
-25.257095	-8.419032	192.609350	5.550000000000001	1649
-8.419032	-8.419032	192.609350	5.550000000000001	1650
8.419032	-8.419032	192.609350	5.550000000000001	1651
25.257095	-8.419032	192.609350	5.550000000000001	1652
42.095159	-8.419032	192.609350	5.550000000000001	1653
58.933223	-8.419032	192.609350	5.550000000000001	1654
75.771286	-8.419032	192.609350	5.550000000000001	1655
92.609350	-8.419032	192.609350	5.550000000000001	1656
-92.609350	8.419032	192.609350	5.550000000000001	1657
-75.771286	8.419032	192.609350	5.550000000000001	1658
-58.933223	8.419032	192.609350	5.550000000000001	1659
-42.095159	8.419032	192.609350	5.550000000000001	1660
-25.257095	8.419032	192.609350	5.550000000000001	1661
-8.419032	8.419032	192.609350	5.550000000000001	1662
8.419032	8.419032	192.609350	5.550000000000001	1663
25.257095	8.419032	192.609350	5.550000000000001	1664
42.095159	8.419032	192.609350	5.550000000000001	1665
58.933223	8.419032	192.609350	5.550000000000001	1666
75.771286	8.419032	192.609350	5.550000000000001	1667
92.609350	8.419032	192.609350	5.550000000000001	1668
-92.609350	25.257095	192.609350	5.550000000000001	1669
-75.771286	25.257095	192.609350	5.550000000000001	1670
-58.933223	25.257095	192.609350	5.550000000000001	1671
-42.095159	25.257095	192.609350	5.550000000000001	1672
-25.257095	25.257095	192.609350	5.550000000000001	1673
-8.419032	25.257095	192.609350	5.550000000000001	1674
8.419032	25.257095	192.609350	5.550000000000001	1675
25.257095	25.257095	192.609350	5.550000000000001	1676
42.095159	25.257095	192.609350	5.550000000000001	1677
58.933223	25.257095	192.609350	5.550000000000001	1678
75.771286	25.257095	192.609350	5.550000000000001	1679
92.609350	25.257095	192.609350	5.550000000000001	1680
-92.609350	42.095159	192.609350	5.550000000000001	1681
-75.771286	42.095159	192.609350	5.550000000000001	1682
-58.933223	42.095159	192.609350	5.550000000000001	1683
-42.095159	42.095159	192.609350	5.550000000000001	1684
-25.257095	42.095159	192.609350	5.550000000000001	1685
-8.419032	42.095159	192.609350	5.550000000000001	1686
8.419032	42.095159	192.609350	5.550000000000001	1687
25.257095	42.095159	192.609350	5.550000000000001	1688
42.095159	42.095159	192.609350	5.550000000000001	1689
58.933223	42.095159	192.609350	5.550000000000001	1690
75.771286	42.095159	192.609350	5.550000000000001	1691
92.609350	42.095159	192.609350	5.550000000000001	1692
-92.609350	58.933223	192.609350	5.550000000000001	1693
-75.771286	58.933223	192.609350	5.550000000000001	1694
-58.933223	58.933223	192.609350	5.550000000000001	1695
-42.095159	58.933223	192.609350	5.550000000000001	1696
-25.257095	58.933223	192.609350	5.550000000000001	1697
-8.419032	58.933223	192.609350	5.550000000000001	1698
8.419032	58.933223	192.609350	5.550000000000001	1699
25.257095	58.933223	192.609350	5.550000000000001	1700
42.095159	58.933223	192.609350	5.550000000000001	1701
58.933223	58.933223	192.609350	5.550000000000001	1702
75.771286	58.933223	192.609350	5.550000000000001	1703
92.609350	58.933223	192.609350	5.550000000000001	1704
-92.609350	75.771286	192.609350	5.550000000000001	1705
-75.771286	75.771286	192.609350	5.550000000000001	1706
-58.933223	75.771286	192.609350	5.550000000000001	1707
-42.095159	75.771286	192.609350	5.550000000000001	1708
-25.257095	75.771286	192.609350	5.550000000000001	1709
-8.419032	75.771286	192.609350	5.550000000000001	1710
8.419032	75.771286	192.609350	5.550000000000001	1711
25.257095	75.771286	192.609350	5.550000000000001	1712
42.095159	75.771286	192.609350	5.550000000000001	1713
58.933223	75.771286	192.609350	5.550000000000001	1714
75.771286	75.771286	192.609350	5.550000000000001	1715
92.609350	75.771286	192.609350	5.550000000000001	1716
-92.609350	92.609350	192.609350	5.550000000000001	1717
-75.771286	92.609350	192.609350	5.550000000000001	1718
-58.933223	92.609350	192.609350	5.550000000000001	1719
-42.095159	92.609350	192.609350	5.550000000000001	1720
-25.257095	92.609350	192.609350	5.550000000000001	1721
-8.419032	92.609350	192.609350	5.550000000000001	1722
8.419032	92.609350	192.609350	5.550000000000001	1723
25.257095	92.609350	192.609350	5.550000000000001	1724
42.095159	92.609350	192.609350	5.550000000000001	1725
58.933223	92.609350	192.609350	5.550000000000001	1726
75.771286	92.609350	192.609350	5.550000000000001	1727
92.609350	92.609350	192.609350	5.550000000000001	1728
