-92.609350	-92.609350	7.390650	5.550000000000001
-75.771286	-92.609350	7.390650	5.550000000000001
-58.933223	-92.609350	7.390650	5.550000000000001
-42.095159	-92.609350	7.390650	5.550000000000001
-25.257095	-92.609350	7.390650	5.550000000000001
-8.419032	-92.609350	7.390650	5.550000000000001
8.419032	-92.609350	7.390650	5.550000000000001
25.257095	-92.609350	7.390650	5.550000000000001
42.095159	-92.609350	7.390650	5.550000000000001
58.933223	-92.609350	7.390650	5.550000000000001
75.771286	-92.609350	7.390650	5.550000000000001
92.609350	-92.609350	7.390650	5.550000000000001
-92.609350	-75.771286	7.390650	5.550000000000001
-75.771286	-75.771286	7.390650	5.550000000000001
-58.933223	-75.771286	7.390650	5.550000000000001
-42.095159	-75.771286	7.390650	5.550000000000001
-25.257095	-75.771286	7.390650	5.550000000000001
-8.419032	-75.771286	7.390650	5.550000000000001
8.419032	-75.771286	7.390650	5.550000000000001
25.257095	-75.771286	7.390650	5.550000000000001
42.095159	-75.771286	7.390650	5.550000000000001
58.933223	-75.771286	7.390650	5.550000000000001
75.771286	-75.771286	7.390650	5.550000000000001
92.609350	-75.771286	7.390650	5.550000000000001
-92.609350	-58.933223	7.390650	5.550000000000001
-75.771286	-58.933223	7.390650	5.550000000000001
-58.933223	-58.933223	7.390650	5.550000000000001
-42.095159	-58.933223	7.390650	5.550000000000001
-25.257095	-58.933223	7.390650	5.550000000000001
-8.419032	-58.933223	7.390650	5.550000000000001
8.419032	-58.933223	7.390650	5.550000000000001
25.257095	-58.933223	7.390650	5.550000000000001
42.095159	-58.933223	7.390650	5.550000000000001
58.933223	-58.933223	7.390650	5.550000000000001
75.771286	-58.933223	7.390650	5.550000000000001
92.609350	-58.933223	7.390650	5.550000000000001
-92.609350	-42.095159	7.390650	5.550000000000001
-75.771286	-42.095159	7.390650	5.550000000000001
-58.933223	-42.095159	7.390650	5.550000000000001
-42.095159	-42.095159	7.390650	5.550000000000001
-25.257095	-42.095159	7.390650	5.550000000000001
-8.419032	-42.095159	7.390650	5.550000000000001
8.419032	-42.095159	7.390650	5.550000000000001
25.257095	-42.095159	7.390650	5.550000000000001
42.095159	-42.095159	7.390650	5.550000000000001
58.933223	-42.095159	7.390650	5.550000000000001
75.771286	-42.095159	7.390650	5.550000000000001
92.609350	-42.095159	7.390650	5.550000000000001
-92.609350	-25.257095	7.390650	5.550000000000001
-75.771286	-25.257095	7.390650	5.550000000000001
-58.933223	-25.257095	7.390650	5.550000000000001
-42.095159	-25.257095	7.390650	5.550000000000001
-25.257095	-25.257095	7.390650	5.550000000000001
-8.419032	-25.257095	7.390650	5.550000000000001
8.419032	-25.257095	7.390650	5.550000000000001
25.257095	-25.257095	7.390650	5.550000000000001
42.095159	-25.257095	7.390650	5.550000000000001
58.933223	-25.257095	7.390650	5.550000000000001
75.771286	-25.257095	7.390650	5.550000000000001
92.609350	-25.257095	7.390650	5.550000000000001
-92.609350	-8.419032	7.390650	5.550000000000001
-75.771286	-8.419032	7.390650	5.550000000000001
-58.933223	-8.419032	7.390650	5.550000000000001
-42.095159	-8.419032	7.390650	5.550000000000001
-25.257095	-8.419032	7.390650	5.550000000000001
-8.419032	-8.419032	7.390650	5.550000000000001
8.419032	-8.419032	7.390650	5.550000000000001
25.257095	-8.419032	7.390650	5.550000000000001
42.095159	-8.419032	7.390650	5.550000000000001
58.933223	-8.419032	7.390650	5.550000000000001
75.771286	-8.419032	7.390650	5.550000000000001
92.609350	-8.419032	7.390650	5.550000000000001
-92.609350	8.419032	7.390650	5.550000000000001
-75.771286	8.419032	7.390650	5.550000000000001
-58.933223	8.419032	7.390650	5.550000000000001
-42.095159	8.419032	7.390650	5.550000000000001
-25.257095	8.419032	7.390650	5.550000000000001
-8.419032	8.419032	7.390650	5.550000000000001
8.419032	8.419032	7.390650	5.550000000000001
25.257095	8.419032	7.390650	5.550000000000001
42.095159	8.419032	7.390650	5.550000000000001
58.933223	8.419032	7.390650	5.550000000000001
75.771286	8.419032	7.390650	5.550000000000001
92.609350	8.419032	7.390650	5.550000000000001
-92.609350	25.257095	7.390650	5.550000000000001
-75.771286	25.257095	7.390650	5.550000000000001
-58.933223	25.257095	7.390650	5.550000000000001
-42.095159	25.257095	7.390650	5.550000000000001
-25.257095	25.257095	7.390650	5.550000000000001
-8.419032	25.257095	7.390650	5.550000000000001
8.419032	25.257095	7.390650	5.550000000000001
25.257095	25.257095	7.390650	5.550000000000001
42.095159	25.257095	7.390650	5.550000000000001
58.933223	25.257095	7.390650	5.550000000000001
75.771286	25.257095	7.390650	5.550000000000001
92.609350	25.257095	7.390650	5.550000000000001
-92.609350	42.095159	7.390650	5.550000000000001
-75.771286	42.095159	7.390650	5.550000000000001
-58.933223	42.095159	7.390650	5.550000000000001
-42.095159	42.095159	7.390650	5.550000000000001
-25.257095	42.095159	7.390650	5.550000000000001
-8.419032	42.095159	7.390650	5.550000000000001
8.419032	42.095159	7.390650	5.550000000000001
25.257095	42.095159	7.390650	5.550000000000001
42.095159	42.095159	7.390650	5.550000000000001
58.933223	42.095159	7.390650	5.550000000000001
75.771286	42.095159	7.390650	5.550000000000001
92.609350	42.095159	7.390650	5.550000000000001
-92.609350	58.933223	7.390650	5.550000000000001
-75.771286	58.933223	7.390650	5.550000000000001
-58.933223	58.933223	7.390650	5.550000000000001
-42.095159	58.933223	7.390650	5.550000000000001
-25.257095	58.933223	7.390650	5.550000000000001
-8.419032	58.933223	7.390650	5.550000000000001
8.419032	58.933223	7.390650	5.550000000000001
25.257095	58.933223	7.390650	5.550000000000001
42.095159	58.933223	7.390650	5.550000000000001
58.933223	58.933223	7.390650	5.550000000000001
75.771286	58.933223	7.390650	5.550000000000001
92.609350	58.933223	7.390650	5.550000000000001
-92.609350	75.771286	7.390650	5.550000000000001
-75.771286	75.771286	7.390650	5.550000000000001
-58.933223	75.771286	7.390650	5.550000000000001
-42.095159	75.771286	7.390650	5.550000000000001
-25.257095	75.771286	7.390650	5.550000000000001
-8.419032	75.771286	7.390650	5.550000000000001
8.419032	75.771286	7.390650	5.550000000000001
25.257095	75.771286	7.390650	5.550000000000001
42.095159	75.771286	7.390650	5.550000000000001
58.933223	75.771286	7.390650	5.550000000000001
75.771286	75.771286	7.390650	5.550000000000001
92.609350	75.771286	7.390650	5.550000000000001
-92.609350	92.609350	7.390650	5.550000000000001
-75.771286	92.609350	7.390650	5.550000000000001
-58.933223	92.609350	7.390650	5.550000000000001
-42.095159	92.609350	7.390650	5.550000000000001
-25.257095	92.609350	7.390650	5.550000000000001
-8.419032	92.609350	7.390650	5.550000000000001
8.419032	92.609350	7.390650	5.550000000000001
25.257095	92.609350	7.390650	5.550000000000001
42.095159	92.609350	7.390650	5.550000000000001
58.933223	92.609350	7.390650	5.550000000000001
75.771286	92.609350	7.390650	5.550000000000001
92.609350	92.609350	7.390650	5.550000000000001
-92.609350	-92.609350	24.228714	5.550000000000001
-75.771286	-92.609350	24.228714	5.550000000000001
-58.933223	-92.609350	24.228714	5.550000000000001
-42.095159	-92.609350	24.228714	5.550000000000001
-25.257095	-92.609350	24.228714	5.550000000000001
-8.419032	-92.609350	24.228714	5.550000000000001
8.419032	-92.609350	24.228714	5.550000000000001
25.257095	-92.609350	24.228714	5.550000000000001
42.095159	-92.609350	24.228714	5.550000000000001
58.933223	-92.609350	24.228714	5.550000000000001
75.771286	-92.609350	24.228714	5.550000000000001
92.609350	-92.609350	24.228714	5.550000000000001
-92.609350	-75.771286	24.228714	5.550000000000001
-75.771286	-75.771286	24.228714	5.550000000000001
-58.933223	-75.771286	24.228714	5.550000000000001
-42.095159	-75.771286	24.228714	5.550000000000001
-25.257095	-75.771286	24.228714	5.550000000000001
-8.419032	-75.771286	24.228714	5.550000000000001
8.419032	-75.771286	24.228714	5.550000000000001
25.257095	-75.771286	24.228714	5.550000000000001
42.095159	-75.771286	24.228714	5.550000000000001
58.933223	-75.771286	24.228714	5.550000000000001
75.771286	-75.771286	24.228714	5.550000000000001
92.609350	-75.771286	24.228714	5.550000000000001
-92.609350	-58.933223	24.228714	5.550000000000001
-75.771286	-58.933223	24.228714	5.550000000000001
-58.933223	-58.933223	24.228714	5.550000000000001
-42.095159	-58.933223	24.228714	5.550000000000001
-25.257095	-58.933223	24.228714	5.550000000000001
-8.419032	-58.933223	24.228714	5.550000000000001
8.419032	-58.933223	24.228714	5.550000000000001
25.257095	-58.933223	24.228714	5.550000000000001
42.095159	-58.933223	24.228714	5.550000000000001
58.933223	-58.933223	24.228714	5.550000000000001
75.771286	-58.933223	24.228714	5.550000000000001
92.609350	-58.933223	24.228714	5.550000000000001
-92.609350	-42.095159	24.228714	5.550000000000001
-75.771286	-42.095159	24.228714	5.550000000000001
-58.933223	-42.095159	24.228714	5.550000000000001
-42.095159	-42.095159	24.228714	5.550000000000001
-25.257095	-42.095159	24.228714	5.550000000000001
-8.419032	-42.095159	24.228714	5.550000000000001
8.419032	-42.095159	24.228714	5.550000000000001
25.257095	-42.095159	24.228714	5.550000000000001
42.095159	-42.095159	24.228714	5.550000000000001
58.933223	-42.095159	24.228714	5.550000000000001
75.771286	-42.095159	24.228714	5.550000000000001
92.609350	-42.095159	24.228714	5.550000000000001
-92.609350	-25.257095	24.228714	5.550000000000001
-75.771286	-25.257095	24.228714	5.550000000000001
-58.933223	-25.257095	24.228714	5.550000000000001
-42.095159	-25.257095	24.228714	5.550000000000001
-25.257095	-25.257095	24.228714	5.550000000000001
-8.419032	-25.257095	24.228714	5.550000000000001
8.419032	-25.257095	24.228714	5.550000000000001
25.257095	-25.257095	24.228714	5.550000000000001
42.095159	-25.257095	24.228714	5.550000000000001
58.933223	-25.257095	24.228714	5.550000000000001
75.771286	-25.257095	24.228714	5.550000000000001
92.609350	-25.257095	24.228714	5.550000000000001
-92.609350	-8.419032	24.228714	5.550000000000001
-75.771286	-8.419032	24.228714	5.550000000000001
-58.933223	-8.419032	24.228714	5.550000000000001
-42.095159	-8.419032	24.228714	5.550000000000001
-25.257095	-8.419032	24.228714	5.550000000000001
-8.419032	-8.419032	24.228714	5.550000000000001
8.419032	-8.419032	24.228714	5.550000000000001
25.257095	-8.419032	24.228714	5.550000000000001
42.095159	-8.419032	24.228714	5.550000000000001
58.933223	-8.419032	24.228714	5.550000000000001
75.771286	-8.419032	24.228714	5.550000000000001
92.609350	-8.419032	24.228714	5.550000000000001
-92.609350	8.419032	24.228714	5.550000000000001
-75.771286	8.419032	24.228714	5.550000000000001
-58.933223	8.419032	24.228714	5.550000000000001
-42.095159	8.419032	24.228714	5.550000000000001
-25.257095	8.419032	24.228714	5.550000000000001
-8.419032	8.419032	24.228714	5.550000000000001
8.419032	8.419032	24.228714	5.550000000000001
25.257095	8.419032	24.228714	5.550000000000001
42.095159	8.419032	24.228714	5.550000000000001
58.933223	8.419032	24.228714	5.550000000000001
75.771286	8.419032	24.228714	5.550000000000001
92.609350	8.419032	24.228714	5.550000000000001
-92.609350	25.257095	24.228714	5.550000000000001
-75.771286	25.257095	24.228714	5.550000000000001
-58.933223	25.257095	24.228714	5.550000000000001
-42.095159	25.257095	24.228714	5.550000000000001
-25.257095	25.257095	24.228714	5.550000000000001
-8.419032	25.257095	24.228714	5.550000000000001
8.419032	25.257095	24.228714	5.550000000000001
25.257095	25.257095	24.228714	5.550000000000001
42.095159	25.257095	24.228714	5.550000000000001
58.933223	25.257095	24.228714	5.550000000000001
75.771286	25.257095	24.228714	5.550000000000001
92.609350	25.257095	24.228714	5.550000000000001
-92.609350	42.095159	24.228714	5.550000000000001
-75.771286	42.095159	24.228714	5.550000000000001
-58.933223	42.095159	24.228714	5.550000000000001
-42.095159	42.095159	24.228714	5.550000000000001
-25.257095	42.095159	24.228714	5.550000000000001
-8.419032	42.095159	24.228714	5.550000000000001
8.419032	42.095159	24.228714	5.550000000000001
25.257095	42.095159	24.228714	5.550000000000001
42.095159	42.095159	24.228714	5.550000000000001
58.933223	42.095159	24.228714	5.550000000000001
75.771286	42.095159	24.228714	5.550000000000001
92.609350	42.095159	24.228714	5.550000000000001
-92.609350	58.933223	24.228714	5.550000000000001
-75.771286	58.933223	24.228714	5.550000000000001
-58.933223	58.933223	24.228714	5.550000000000001
-42.095159	58.933223	24.228714	5.550000000000001
-25.257095	58.933223	24.228714	5.550000000000001
-8.419032	58.933223	24.228714	5.550000000000001
8.419032	58.933223	24.228714	5.550000000000001
25.257095	58.933223	24.228714	5.550000000000001
42.095159	58.933223	24.228714	5.550000000000001
58.933223	58.933223	24.228714	5.550000000000001
75.771286	58.933223	24.228714	5.550000000000001
92.609350	58.933223	24.228714	5.550000000000001
-92.609350	75.771286	24.228714	5.550000000000001
-75.771286	75.771286	24.228714	5.550000000000001
-58.933223	75.771286	24.228714	5.550000000000001
-42.095159	75.771286	24.228714	5.550000000000001
-25.257095	75.771286	24.228714	5.550000000000001
-8.419032	75.771286	24.228714	5.550000000000001
8.419032	75.771286	24.228714	5.550000000000001
25.257095	75.771286	24.228714	5.550000000000001
42.095159	75.771286	24.228714	5.550000000000001
58.933223	75.771286	24.228714	5.550000000000001
75.771286	75.771286	24.228714	5.550000000000001
92.609350	75.771286	24.228714	5.550000000000001
-92.609350	92.609350	24.228714	5.550000000000001
-75.771286	92.609350	24.228714	5.550000000000001
-58.933223	92.609350	24.228714	5.550000000000001
-42.095159	92.609350	24.228714	5.550000000000001
-25.257095	92.609350	24.228714	5.550000000000001
-8.419032	92.609350	24.228714	5.550000000000001
8.419032	92.609350	24.228714	5.550000000000001
25.257095	92.609350	24.228714	5.550000000000001
42.095159	92.609350	24.228714	5.550000000000001
58.933223	92.609350	24.228714	5.550000000000001
75.771286	92.609350	24.228714	5.550000000000001
92.609350	92.609350	24.228714	5.550000000000001
-92.609350	-92.609350	41.066777	5.550000000000001
-75.771286	-92.609350	41.066777	5.550000000000001
-58.933223	-92.609350	41.066777	5.550000000000001
-42.095159	-92.609350	41.066777	5.550000000000001
-25.257095	-92.609350	41.066777	5.550000000000001
-8.419032	-92.609350	41.066777	5.550000000000001
8.419032	-92.609350	41.066777	5.550000000000001
25.257095	-92.609350	41.066777	5.550000000000001
42.095159	-92.609350	41.066777	5.550000000000001
58.933223	-92.609350	41.066777	5.550000000000001
75.771286	-92.609350	41.066777	5.550000000000001
92.609350	-92.609350	41.066777	5.550000000000001
-92.609350	-75.771286	41.066777	5.550000000000001
-75.771286	-75.771286	41.066777	5.550000000000001
-58.933223	-75.771286	41.066777	5.550000000000001
-42.095159	-75.771286	41.066777	5.550000000000001
-25.257095	-75.771286	41.066777	5.550000000000001
-8.419032	-75.771286	41.066777	5.550000000000001
8.419032	-75.771286	41.066777	5.550000000000001
25.257095	-75.771286	41.066777	5.550000000000001
42.095159	-75.771286	41.066777	5.550000000000001
58.933223	-75.771286	41.066777	5.550000000000001
75.771286	-75.771286	41.066777	5.550000000000001
92.609350	-75.771286	41.066777	5.550000000000001
-92.609350	-58.933223	41.066777	5.550000000000001
-75.771286	-58.933223	41.066777	5.550000000000001
-58.933223	-58.933223	41.066777	5.550000000000001
-42.095159	-58.933223	41.066777	5.550000000000001
-25.257095	-58.933223	41.066777	5.550000000000001
-8.419032	-58.933223	41.066777	5.550000000000001
8.419032	-58.933223	41.066777	5.550000000000001
25.257095	-58.933223	41.066777	5.550000000000001
42.095159	-58.933223	41.066777	5.550000000000001
58.933223	-58.933223	41.066777	5.550000000000001
75.771286	-58.933223	41.066777	5.550000000000001
92.609350	-58.933223	41.066777	5.550000000000001
-92.609350	-42.095159	41.066777	5.550000000000001
-75.771286	-42.095159	41.066777	5.550000000000001
-58.933223	-42.095159	41.066777	5.550000000000001
-42.095159	-42.095159	41.066777	5.550000000000001
-25.257095	-42.095159	41.066777	5.550000000000001
-8.419032	-42.095159	41.066777	5.550000000000001
8.419032	-42.095159	41.066777	5.550000000000001
25.257095	-42.095159	41.066777	5.550000000000001
42.095159	-42.095159	41.066777	5.550000000000001
58.933223	-42.095159	41.066777	5.550000000000001
75.771286	-42.095159	41.066777	5.550000000000001
92.609350	-42.095159	41.066777	5.550000000000001
-92.609350	-25.257095	41.066777	5.550000000000001
-75.771286	-25.257095	41.066777	5.550000000000001
-58.933223	-25.257095	41.066777	5.550000000000001
-42.095159	-25.257095	41.066777	5.550000000000001
-25.257095	-25.257095	41.066777	5.550000000000001
-8.419032	-25.257095	41.066777	5.550000000000001
8.419032	-25.257095	41.066777	5.550000000000001
25.257095	-25.257095	41.066777	5.550000000000001
42.095159	-25.257095	41.066777	5.550000000000001
58.933223	-25.257095	41.066777	5.550000000000001
75.771286	-25.257095	41.066777	5.550000000000001
92.609350	-25.257095	41.066777	5.550000000000001
-92.609350	-8.419032	41.066777	5.550000000000001
-75.771286	-8.419032	41.066777	5.550000000000001
-58.933223	-8.419032	41.066777	5.550000000000001
-42.095159	-8.419032	41.066777	5.550000000000001
-25.257095	-8.419032	41.066777	5.550000000000001
-8.419032	-8.419032	41.066777	5.550000000000001
8.419032	-8.419032	41.066777	5.550000000000001
25.257095	-8.419032	41.066777	5.550000000000001
42.095159	-8.419032	41.066777	5.550000000000001
58.933223	-8.419032	41.066777	5.550000000000001
75.771286	-8.419032	41.066777	5.550000000000001
92.609350	-8.419032	41.066777	5.550000000000001
-92.609350	8.419032	41.066777	5.550000000000001
-75.771286	8.419032	41.066777	5.550000000000001
-58.933223	8.419032	41.066777	5.550000000000001
-42.095159	8.419032	41.066777	5.550000000000001
-25.257095	8.419032	41.066777	5.550000000000001
-8.419032	8.419032	41.066777	5.550000000000001
8.419032	8.419032	41.066777	5.550000000000001
25.257095	8.419032	41.066777	5.550000000000001
42.095159	8.419032	41.066777	5.550000000000001
58.933223	8.419032	41.066777	5.550000000000001
75.771286	8.419032	41.066777	5.550000000000001
92.609350	8.419032	41.066777	5.550000000000001
-92.609350	25.257095	41.066777	5.550000000000001
-75.771286	25.257095	41.066777	5.550000000000001
-58.933223	25.257095	41.066777	5.550000000000001
-42.095159	25.257095	41.066777	5.550000000000001
-25.257095	25.257095	41.066777	5.550000000000001
-8.419032	25.257095	41.066777	5.550000000000001
8.419032	25.257095	41.066777	5.550000000000001
25.257095	25.257095	41.066777	5.550000000000001
42.095159	25.257095	41.066777	5.550000000000001
58.933223	25.257095	41.066777	5.550000000000001
75.771286	25.257095	41.066777	5.550000000000001
92.609350	25.257095	41.066777	5.550000000000001
-92.609350	42.095159	41.066777	5.550000000000001
-75.771286	42.095159	41.066777	5.550000000000001
-58.933223	42.095159	41.066777	5.550000000000001
-42.095159	42.095159	41.066777	5.550000000000001
-25.257095	42.095159	41.066777	5.550000000000001
-8.419032	42.095159	41.066777	5.550000000000001
8.419032	42.095159	41.066777	5.550000000000001
25.257095	42.095159	41.066777	5.550000000000001
42.095159	42.095159	41.066777	5.550000000000001
58.933223	42.095159	41.066777	5.550000000000001
75.771286	42.095159	41.066777	5.550000000000001
92.609350	42.095159	41.066777	5.550000000000001
-92.609350	58.933223	41.066777	5.550000000000001
-75.771286	58.933223	41.066777	5.550000000000001
-58.933223	58.933223	41.066777	5.550000000000001
-42.095159	58.933223	41.066777	5.550000000000001
-25.257095	58.933223	41.066777	5.550000000000001
-8.419032	58.933223	41.066777	5.550000000000001
8.419032	58.933223	41.066777	5.550000000000001
25.257095	58.933223	41.066777	5.550000000000001
42.095159	58.933223	41.066777	5.550000000000001
58.933223	58.933223	41.066777	5.550000000000001
75.771286	58.933223	41.066777	5.550000000000001
92.609350	58.933223	41.066777	5.550000000000001
-92.609350	75.771286	41.066777	5.550000000000001
-75.771286	75.771286	41.066777	5.550000000000001
-58.933223	75.771286	41.066777	5.550000000000001
-42.095159	75.771286	41.066777	5.550000000000001
-25.257095	75.771286	41.066777	5.550000000000001
-8.419032	75.771286	41.066777	5.550000000000001
8.419032	75.771286	41.066777	5.550000000000001
25.257095	75.771286	41.066777	5.550000000000001
42.095159	75.771286	41.066777	5.550000000000001
58.933223	75.771286	41.066777	5.550000000000001
75.771286	75.771286	41.066777	5.550000000000001
92.609350	75.771286	41.066777	5.550000000000001
-92.609350	92.609350	41.066777	5.550000000000001
-75.771286	92.609350	41.066777	5.550000000000001
-58.933223	92.609350	41.066777	5.550000000000001
-42.095159	92.609350	41.066777	5.550000000000001
-25.257095	92.609350	41.066777	5.550000000000001
-8.419032	92.609350	41.066777	5.550000000000001
8.419032	92.609350	41.066777	5.550000000000001
25.257095	92.609350	41.066777	5.550000000000001
42.095159	92.609350	41.066777	5.550000000000001
58.933223	92.609350	41.066777	5.550000000000001
75.771286	92.609350	41.066777	5.550000000000001
92.609350	92.609350	41.066777	5.550000000000001
-92.609350	-92.609350	57.904841	5.550000000000001
-75.771286	-92.609350	57.904841	5.550000000000001
-58.933223	-92.609350	57.904841	5.550000000000001
-42.095159	-92.609350	57.904841	5.550000000000001
-25.257095	-92.609350	57.904841	5.550000000000001
-8.419032	-92.609350	57.904841	5.550000000000001
8.419032	-92.609350	57.904841	5.550000000000001
25.257095	-92.609350	57.904841	5.550000000000001
42.095159	-92.609350	57.904841	5.550000000000001
58.933223	-92.609350	57.904841	5.550000000000001
75.771286	-92.609350	57.904841	5.550000000000001
92.609350	-92.609350	57.904841	5.550000000000001
-92.609350	-75.771286	57.904841	5.550000000000001
-75.771286	-75.771286	57.904841	5.550000000000001
-58.933223	-75.771286	57.904841	5.550000000000001
-42.095159	-75.771286	57.904841	5.550000000000001
-25.257095	-75.771286	57.904841	5.550000000000001
-8.419032	-75.771286	57.904841	5.550000000000001
8.419032	-75.771286	57.904841	5.550000000000001
25.257095	-75.771286	57.904841	5.550000000000001
42.095159	-75.771286	57.904841	5.550000000000001
58.933223	-75.771286	57.904841	5.550000000000001
75.771286	-75.771286	57.904841	5.550000000000001
92.609350	-75.771286	57.904841	5.550000000000001
-92.609350	-58.933223	57.904841	5.550000000000001
-75.771286	-58.933223	57.904841	5.550000000000001
-58.933223	-58.933223	57.904841	5.550000000000001
-42.095159	-58.933223	57.904841	5.550000000000001
-25.257095	-58.933223	57.904841	5.550000000000001
-8.419032	-58.933223	57.904841	5.550000000000001
8.419032	-58.933223	57.904841	5.550000000000001
25.257095	-58.933223	57.904841	5.550000000000001
42.095159	-58.933223	57.904841	5.550000000000001
58.933223	-58.933223	57.904841	5.550000000000001
75.771286	-58.933223	57.904841	5.550000000000001
92.609350	-58.933223	57.904841	5.550000000000001
-92.609350	-42.095159	57.904841	5.550000000000001
-75.771286	-42.095159	57.904841	5.550000000000001
-58.933223	-42.095159	57.904841	5.550000000000001
-42.095159	-42.095159	57.904841	5.550000000000001
-25.257095	-42.095159	57.904841	5.550000000000001
-8.419032	-42.095159	57.904841	5.550000000000001
8.419032	-42.095159	57.904841	5.550000000000001
25.257095	-42.095159	57.904841	5.550000000000001
42.095159	-42.095159	57.904841	5.550000000000001
58.933223	-42.095159	57.904841	5.550000000000001
75.771286	-42.095159	57.904841	5.550000000000001
92.609350	-42.095159	57.904841	5.550000000000001
-92.609350	-25.257095	57.904841	5.550000000000001
-75.771286	-25.257095	57.904841	5.550000000000001
-58.933223	-25.257095	57.904841	5.550000000000001
-42.095159	-25.257095	57.904841	5.550000000000001
-25.257095	-25.257095	57.904841	5.550000000000001
-8.419032	-25.257095	57.904841	5.550000000000001
8.419032	-25.257095	57.904841	5.550000000000001
25.257095	-25.257095	57.904841	5.550000000000001
42.095159	-25.257095	57.904841	5.550000000000001
58.933223	-25.257095	57.904841	5.550000000000001
75.771286	-25.257095	57.904841	5.550000000000001
92.609350	-25.257095	57.904841	5.550000000000001
-92.609350	-8.419032	57.904841	5.550000000000001
-75.771286	-8.419032	57.904841	5.550000000000001
-58.933223	-8.419032	57.904841	5.550000000000001
-42.095159	-8.419032	57.904841	5.550000000000001
-25.257095	-8.419032	57.904841	5.550000000000001
-8.419032	-8.419032	57.904841	5.550000000000001
8.419032	-8.419032	57.904841	5.550000000000001
25.257095	-8.419032	57.904841	5.550000000000001
42.095159	-8.419032	57.904841	5.550000000000001
58.933223	-8.419032	57.904841	5.550000000000001
75.771286	-8.419032	57.904841	5.550000000000001
92.609350	-8.419032	57.904841	5.550000000000001
-92.609350	8.419032	57.904841	5.550000000000001
-75.771286	8.419032	57.904841	5.550000000000001
-58.933223	8.419032	57.904841	5.550000000000001
-42.095159	8.419032	57.904841	5.550000000000001
-25.257095	8.419032	57.904841	5.550000000000001
-8.419032	8.419032	57.904841	5.550000000000001
8.419032	8.419032	57.904841	5.550000000000001
25.257095	8.419032	57.904841	5.550000000000001
42.095159	8.419032	57.904841	5.550000000000001
58.933223	8.419032	57.904841	5.550000000000001
75.771286	8.419032	57.904841	5.550000000000001
92.609350	8.419032	57.904841	5.550000000000001
-92.609350	25.257095	57.904841	5.550000000000001
-75.771286	25.257095	57.904841	5.550000000000001
-58.933223	25.257095	57.904841	5.550000000000001
-42.095159	25.257095	57.904841	5.550000000000001
-25.257095	25.257095	57.904841	5.550000000000001
-8.419032	25.257095	57.904841	5.550000000000001
8.419032	25.257095	57.904841	5.550000000000001
25.257095	25.257095	57.904841	5.550000000000001
42.095159	25.257095	57.904841	5.550000000000001
58.933223	25.257095	57.904841	5.550000000000001
75.771286	25.257095	57.904841	5.550000000000001
92.609350	25.257095	57.904841	5.550000000000001
-92.609350	42.095159	57.904841	5.550000000000001
-75.771286	42.095159	57.904841	5.550000000000001
-58.933223	42.095159	57.904841	5.550000000000001
-42.095159	42.095159	57.904841	5.550000000000001
-25.257095	42.095159	57.904841	5.550000000000001
-8.419032	42.095159	57.904841	5.550000000000001
8.419032	42.095159	57.904841	5.550000000000001
25.257095	42.095159	57.904841	5.550000000000001
42.095159	42.095159	57.904841	5.550000000000001
58.933223	42.095159	57.904841	5.550000000000001
75.771286	42.095159	57.904841	5.550000000000001
92.609350	42.095159	57.904841	5.550000000000001
-92.609350	58.933223	57.904841	5.550000000000001
-75.771286	58.933223	57.904841	5.550000000000001
-58.933223	58.933223	57.904841	5.550000000000001
-42.095159	58.933223	57.904841	5.550000000000001
-25.257095	58.933223	57.904841	5.550000000000001
-8.419032	58.933223	57.904841	5.550000000000001
8.419032	58.933223	57.904841	5.550000000000001
25.257095	58.933223	57.904841	5.550000000000001
42.095159	58.933223	57.904841	5.550000000000001
58.933223	58.933223	57.904841	5.550000000000001
75.771286	58.933223	57.904841	5.550000000000001
92.609350	58.933223	57.904841	5.550000000000001
-92.609350	75.771286	57.904841	5.550000000000001
-75.771286	75.771286	57.904841	5.550000000000001
-58.933223	75.771286	57.904841	5.550000000000001
-42.095159	75.771286	57.904841	5.550000000000001
-25.257095	75.771286	57.904841	5.550000000000001
-8.419032	75.771286	57.904841	5.550000000000001
8.419032	75.771286	57.904841	5.550000000000001
25.257095	75.771286	57.904841	5.550000000000001
42.095159	75.771286	57.904841	5.550000000000001
58.933223	75.771286	57.904841	5.550000000000001
75.771286	75.771286	57.904841	5.550000000000001
92.609350	75.771286	57.904841	5.550000000000001
-92.609350	92.609350	57.904841	5.550000000000001
-75.771286	92.609350	57.904841	5.550000000000001
-58.933223	92.609350	57.904841	5.550000000000001
-42.095159	92.609350	57.904841	5.550000000000001
-25.257095	92.609350	57.904841	5.550000000000001
-8.419032	92.609350	57.904841	5.550000000000001
8.419032	92.609350	57.904841	5.550000000000001
25.257095	92.609350	57.904841	5.550000000000001
42.095159	92.609350	57.904841	5.550000000000001
58.933223	92.609350	57.904841	5.550000000000001
75.771286	92.609350	57.904841	5.550000000000001
92.609350	92.609350	57.904841	5.550000000000001
-92.609350	-92.609350	74.742905	5.550000000000001
-75.771286	-92.609350	74.742905	5.550000000000001
-58.933223	-92.609350	74.742905	5.550000000000001
-42.095159	-92.609350	74.742905	5.550000000000001
-25.257095	-92.609350	74.742905	5.550000000000001
-8.419032	-92.609350	74.742905	5.550000000000001
8.419032	-92.609350	74.742905	5.550000000000001
25.257095	-92.609350	74.742905	5.550000000000001
42.095159	-92.609350	74.742905	5.550000000000001
58.933223	-92.609350	74.742905	5.550000000000001
75.771286	-92.609350	74.742905	5.550000000000001
92.609350	-92.609350	74.742905	5.550000000000001
-92.609350	-75.771286	74.742905	5.550000000000001
-75.771286	-75.771286	74.742905	5.550000000000001
-58.933223	-75.771286	74.742905	5.550000000000001
-42.095159	-75.771286	74.742905	5.550000000000001
-25.257095	-75.771286	74.742905	5.550000000000001
-8.419032	-75.771286	74.742905	5.550000000000001
8.419032	-75.771286	74.742905	5.550000000000001
25.257095	-75.771286	74.742905	5.550000000000001
42.095159	-75.771286	74.742905	5.550000000000001
58.933223	-75.771286	74.742905	5.550000000000001
75.771286	-75.771286	74.742905	5.550000000000001
92.609350	-75.771286	74.742905	5.550000000000001
-92.609350	-58.933223	74.742905	5.550000000000001
-75.771286	-58.933223	74.742905	5.550000000000001
-58.933223	-58.933223	74.742905	5.550000000000001
-42.095159	-58.933223	74.742905	5.550000000000001
-25.257095	-58.933223	74.742905	5.550000000000001
-8.419032	-58.933223	74.742905	5.550000000000001
8.419032	-58.933223	74.742905	5.550000000000001
25.257095	-58.933223	74.742905	5.550000000000001
42.095159	-58.933223	74.742905	5.550000000000001
58.933223	-58.933223	74.742905	5.550000000000001
75.771286	-58.933223	74.742905	5.550000000000001
92.609350	-58.933223	74.742905	5.550000000000001
-92.609350	-42.095159	74.742905	5.550000000000001
-75.771286	-42.095159	74.742905	5.550000000000001
-58.933223	-42.095159	74.742905	5.550000000000001
-42.095159	-42.095159	74.742905	5.550000000000001
-25.257095	-42.095159	74.742905	5.550000000000001
-8.419032	-42.095159	74.742905	5.550000000000001
8.419032	-42.095159	74.742905	5.550000000000001
25.257095	-42.095159	74.742905	5.550000000000001
42.095159	-42.095159	74.742905	5.550000000000001
58.933223	-42.095159	74.742905	5.550000000000001
75.771286	-42.095159	74.742905	5.550000000000001
92.609350	-42.095159	74.742905	5.550000000000001
-92.609350	-25.257095	74.742905	5.550000000000001
-75.771286	-25.257095	74.742905	5.550000000000001
-58.933223	-25.257095	74.742905	5.550000000000001
-42.095159	-25.257095	74.742905	5.550000000000001
-25.257095	-25.257095	74.742905	5.550000000000001
-8.419032	-25.257095	74.742905	5.550000000000001
8.419032	-25.257095	74.742905	5.550000000000001
25.257095	-25.257095	74.742905	5.550000000000001
42.095159	-25.257095	74.742905	5.550000000000001
58.933223	-25.257095	74.742905	5.550000000000001
75.771286	-25.257095	74.742905	5.550000000000001
92.609350	-25.257095	74.742905	5.550000000000001
-92.609350	-8.419032	74.742905	5.550000000000001
-75.771286	-8.419032	74.742905	5.550000000000001
-58.933223	-8.419032	74.742905	5.550000000000001
-42.095159	-8.419032	74.742905	5.550000000000001
-25.257095	-8.419032	74.742905	5.550000000000001
-8.419032	-8.419032	74.742905	5.550000000000001
8.419032	-8.419032	74.742905	5.550000000000001
25.257095	-8.419032	74.742905	5.550000000000001
42.095159	-8.419032	74.742905	5.550000000000001
58.933223	-8.419032	74.742905	5.550000000000001
75.771286	-8.419032	74.742905	5.550000000000001
92.609350	-8.419032	74.742905	5.550000000000001
-92.609350	8.419032	74.742905	5.550000000000001
-75.771286	8.419032	74.742905	5.550000000000001
-58.933223	8.419032	74.742905	5.550000000000001
-42.095159	8.419032	74.742905	5.550000000000001
-25.257095	8.419032	74.742905	5.550000000000001
-8.419032	8.419032	74.742905	5.550000000000001
8.419032	8.419032	74.742905	5.550000000000001
25.257095	8.419032	74.742905	5.550000000000001
42.095159	8.419032	74.742905	5.550000000000001
58.933223	8.419032	74.742905	5.550000000000001
75.771286	8.419032	74.742905	5.550000000000001
92.609350	8.419032	74.742905	5.550000000000001
-92.609350	25.257095	74.742905	5.550000000000001
-75.771286	25.257095	74.742905	5.550000000000001
-58.933223	25.257095	74.742905	5.550000000000001
-42.095159	25.257095	74.742905	5.550000000000001
-25.257095	25.257095	74.742905	5.550000000000001
-8.419032	25.257095	74.742905	5.550000000000001
8.419032	25.257095	74.742905	5.550000000000001
25.257095	25.257095	74.742905	5.550000000000001
42.095159	25.257095	74.742905	5.550000000000001
58.933223	25.257095	74.742905	5.550000000000001
75.771286	25.257095	74.742905	5.550000000000001
92.609350	25.257095	74.742905	5.550000000000001
-92.609350	42.095159	74.742905	5.550000000000001
-75.771286	42.095159	74.742905	5.550000000000001
-58.933223	42.095159	74.742905	5.550000000000001
-42.095159	42.095159	74.742905	5.550000000000001
-25.257095	42.095159	74.742905	5.550000000000001
-8.419032	42.095159	74.742905	5.550000000000001
8.419032	42.095159	74.742905	5.550000000000001
25.257095	42.095159	74.742905	5.550000000000001
42.095159	42.095159	74.742905	5.550000000000001
58.933223	42.095159	74.742905	5.550000000000001
75.771286	42.095159	74.742905	5.550000000000001
92.609350	42.095159	74.742905	5.550000000000001
-92.609350	58.933223	74.742905	5.550000000000001
-75.771286	58.933223	74.742905	5.550000000000001
-58.933223	58.933223	74.742905	5.550000000000001
-42.095159	58.933223	74.742905	5.550000000000001
-25.257095	58.933223	74.742905	5.550000000000001
-8.419032	58.933223	74.742905	5.550000000000001
8.419032	58.933223	74.742905	5.550000000000001
25.257095	58.933223	74.742905	5.550000000000001
42.095159	58.933223	74.742905	5.550000000000001
58.933223	58.933223	74.742905	5.550000000000001
75.771286	58.933223	74.742905	5.550000000000001
92.609350	58.933223	74.742905	5.550000000000001
-92.609350	75.771286	74.742905	5.550000000000001
-75.771286	75.771286	74.742905	5.550000000000001
-58.933223	75.771286	74.742905	5.550000000000001
-42.095159	75.771286	74.742905	5.550000000000001
-25.257095	75.771286	74.742905	5.550000000000001
-8.419032	75.771286	74.742905	5.550000000000001
8.419032	75.771286	74.742905	5.550000000000001
25.257095	75.771286	74.742905	5.550000000000001
42.095159	75.771286	74.742905	5.550000000000001
58.933223	75.771286	74.742905	5.550000000000001
75.771286	75.771286	74.742905	5.550000000000001
92.609350	75.771286	74.742905	5.550000000000001
-92.609350	92.609350	74.742905	5.550000000000001
-75.771286	92.609350	74.742905	5.550000000000001
-58.933223	92.609350	74.742905	5.550000000000001
-42.095159	92.609350	74.742905	5.550000000000001
-25.257095	92.609350	74.742905	5.550000000000001
-8.419032	92.609350	74.742905	5.550000000000001
8.419032	92.609350	74.742905	5.550000000000001
25.257095	92.609350	74.742905	5.550000000000001
42.095159	92.609350	74.742905	5.550000000000001
58.933223	92.609350	74.742905	5.550000000000001
75.771286	92.609350	74.742905	5.550000000000001
92.609350	92.609350	74.742905	5.550000000000001
-92.609350	-92.609350	91.580968	5.550000000000001
-75.771286	-92.609350	91.580968	5.550000000000001
-58.933223	-92.609350	91.580968	5.550000000000001
-42.095159	-92.609350	91.580968	5.550000000000001
-25.257095	-92.609350	91.580968	5.550000000000001
-8.419032	-92.609350	91.580968	5.550000000000001
8.419032	-92.609350	91.580968	5.550000000000001
25.257095	-92.609350	91.580968	5.550000000000001
42.095159	-92.609350	91.580968	5.550000000000001
58.933223	-92.609350	91.580968	5.550000000000001
75.771286	-92.609350	91.580968	5.550000000000001
92.609350	-92.609350	91.580968	5.550000000000001
-92.609350	-75.771286	91.580968	5.550000000000001
-75.771286	-75.771286	91.580968	5.550000000000001
-58.933223	-75.771286	91.580968	5.550000000000001
-42.095159	-75.771286	91.580968	5.550000000000001
-25.257095	-75.771286	91.580968	5.550000000000001
-8.419032	-75.771286	91.580968	5.550000000000001
8.419032	-75.771286	91.580968	5.550000000000001
25.257095	-75.771286	91.580968	5.550000000000001
42.095159	-75.771286	91.580968	5.550000000000001
58.933223	-75.771286	91.580968	5.550000000000001
75.771286	-75.771286	91.580968	5.550000000000001
92.609350	-75.771286	91.580968	5.550000000000001
-92.609350	-58.933223	91.580968	5.550000000000001
-75.771286	-58.933223	91.580968	5.550000000000001
-58.933223	-58.933223	91.580968	5.550000000000001
-42.095159	-58.933223	91.580968	5.550000000000001
-25.257095	-58.933223	91.580968	5.550000000000001
-8.419032	-58.933223	91.580968	5.550000000000001
8.419032	-58.933223	91.580968	5.550000000000001
25.257095	-58.933223	91.580968	5.550000000000001
42.095159	-58.933223	91.580968	5.550000000000001
58.933223	-58.933223	91.580968	5.550000000000001
75.771286	-58.933223	91.580968	5.550000000000001
92.609350	-58.933223	91.580968	5.550000000000001
-92.609350	-42.095159	91.580968	5.550000000000001
-75.771286	-42.095159	91.580968	5.550000000000001
-58.933223	-42.095159	91.580968	5.550000000000001
-42.095159	-42.095159	91.580968	5.550000000000001
-25.257095	-42.095159	91.580968	5.550000000000001
-8.419032	-42.095159	91.580968	5.550000000000001
8.419032	-42.095159	91.580968	5.550000000000001
25.257095	-42.095159	91.580968	5.550000000000001
42.095159	-42.095159	91.580968	5.550000000000001
58.933223	-42.095159	91.580968	5.550000000000001
75.771286	-42.095159	91.580968	5.550000000000001
92.609350	-42.095159	91.580968	5.550000000000001
-92.609350	-25.257095	91.580968	5.550000000000001
-75.771286	-25.257095	91.580968	5.550000000000001
-58.933223	-25.257095	91.580968	5.550000000000001
-42.095159	-25.257095	91.580968	5.550000000000001
-25.257095	-25.257095	91.580968	5.550000000000001
-8.419032	-25.257095	91.580968	5.550000000000001
8.419032	-25.257095	91.580968	5.550000000000001
25.257095	-25.257095	91.580968	5.550000000000001
42.095159	-25.257095	91.580968	5.550000000000001
58.933223	-25.257095	91.580968	5.550000000000001
75.771286	-25.257095	91.580968	5.550000000000001
92.609350	-25.257095	91.580968	5.550000000000001
-92.609350	-8.419032	91.580968	5.550000000000001
-75.771286	-8.419032	91.580968	5.550000000000001
-58.933223	-8.419032	91.580968	5.550000000000001
-42.095159	-8.419032	91.580968	5.550000000000001
-25.257095	-8.419032	91.580968	5.550000000000001
-8.419032	-8.419032	91.580968	5.550000000000001
8.419032	-8.419032	91.580968	5.550000000000001
25.257095	-8.419032	91.580968	5.550000000000001
42.095159	-8.419032	91.580968	5.550000000000001
58.933223	-8.419032	91.580968	5.550000000000001
75.771286	-8.419032	91.580968	5.550000000000001
92.609350	-8.419032	91.580968	5.550000000000001
-92.609350	8.419032	91.580968	5.550000000000001
-75.771286	8.419032	91.580968	5.550000000000001
-58.933223	8.419032	91.580968	5.550000000000001
-42.095159	8.419032	91.580968	5.550000000000001
-25.257095	8.419032	91.580968	5.550000000000001
-8.419032	8.419032	91.580968	5.550000000000001
8.419032	8.419032	91.580968	5.550000000000001
25.257095	8.419032	91.580968	5.550000000000001
42.095159	8.419032	91.580968	5.550000000000001
58.933223	8.419032	91.580968	5.550000000000001
75.771286	8.419032	91.580968	5.550000000000001
92.609350	8.419032	91.580968	5.550000000000001
-92.609350	25.257095	91.580968	5.550000000000001
-75.771286	25.257095	91.580968	5.550000000000001
-58.933223	25.257095	91.580968	5.550000000000001
-42.095159	25.257095	91.580968	5.550000000000001
-25.257095	25.257095	91.580968	5.550000000000001
-8.419032	25.257095	91.580968	5.550000000000001
8.419032	25.257095	91.580968	5.550000000000001
25.257095	25.257095	91.580968	5.550000000000001
42.095159	25.257095	91.580968	5.550000000000001
58.933223	25.257095	91.580968	5.550000000000001
75.771286	25.257095	91.580968	5.550000000000001
92.609350	25.257095	91.580968	5.550000000000001
-92.609350	42.095159	91.580968	5.550000000000001
-75.771286	42.095159	91.580968	5.550000000000001
-58.933223	42.095159	91.580968	5.550000000000001
-42.095159	42.095159	91.580968	5.550000000000001
-25.257095	42.095159	91.580968	5.550000000000001
-8.419032	42.095159	91.580968	5.550000000000001
8.419032	42.095159	91.580968	5.550000000000001
25.257095	42.095159	91.580968	5.550000000000001
42.095159	42.095159	91.580968	5.550000000000001
58.933223	42.095159	91.580968	5.550000000000001
75.771286	42.095159	91.580968	5.550000000000001
92.609350	42.095159	91.580968	5.550000000000001
-92.609350	58.933223	91.580968	5.550000000000001
-75.771286	58.933223	91.580968	5.550000000000001
-58.933223	58.933223	91.580968	5.550000000000001
-42.095159	58.933223	91.580968	5.550000000000001
-25.257095	58.933223	91.580968	5.550000000000001
-8.419032	58.933223	91.580968	5.550000000000001
8.419032	58.933223	91.580968	5.550000000000001
25.257095	58.933223	91.580968	5.550000000000001
42.095159	58.933223	91.580968	5.550000000000001
58.933223	58.933223	91.580968	5.550000000000001
75.771286	58.933223	91.580968	5.550000000000001
92.609350	58.933223	91.580968	5.550000000000001
-92.609350	75.771286	91.580968	5.550000000000001
-75.771286	75.771286	91.580968	5.550000000000001
-58.933223	75.771286	91.580968	5.550000000000001
-42.095159	75.771286	91.580968	5.550000000000001
-25.257095	75.771286	91.580968	5.550000000000001
-8.419032	75.771286	91.580968	5.550000000000001
8.419032	75.771286	91.580968	5.550000000000001
25.257095	75.771286	91.580968	5.550000000000001
42.095159	75.771286	91.580968	5.550000000000001
58.933223	75.771286	91.580968	5.550000000000001
75.771286	75.771286	91.580968	5.550000000000001
92.609350	75.771286	91.580968	5.550000000000001
-92.609350	92.609350	91.580968	5.550000000000001
-75.771286	92.609350	91.580968	5.550000000000001
-58.933223	92.609350	91.580968	5.550000000000001
-42.095159	92.609350	91.580968	5.550000000000001
-25.257095	92.609350	91.580968	5.550000000000001
-8.419032	92.609350	91.580968	5.550000000000001
8.419032	92.609350	91.580968	5.550000000000001
25.257095	92.609350	91.580968	5.550000000000001
42.095159	92.609350	91.580968	5.550000000000001
58.933223	92.609350	91.580968	5.550000000000001
75.771286	92.609350	91.580968	5.550000000000001
92.609350	92.609350	91.580968	5.550000000000001
-92.609350	-92.609350	108.419032	5.550000000000001
-75.771286	-92.609350	108.419032	5.550000000000001
-58.933223	-92.609350	108.419032	5.550000000000001
-42.095159	-92.609350	108.419032	5.550000000000001
-25.257095	-92.609350	108.419032	5.550000000000001
-8.419032	-92.609350	108.419032	5.550000000000001
8.419032	-92.609350	108.419032	5.550000000000001
25.257095	-92.609350	108.419032	5.550000000000001
42.095159	-92.609350	108.419032	5.550000000000001
58.933223	-92.609350	108.419032	5.550000000000001
75.771286	-92.609350	108.419032	5.550000000000001
92.609350	-92.609350	108.419032	5.550000000000001
-92.609350	-75.771286	108.419032	5.550000000000001
-75.771286	-75.771286	108.419032	5.550000000000001
-58.933223	-75.771286	108.419032	5.550000000000001
-42.095159	-75.771286	108.419032	5.550000000000001
-25.257095	-75.771286	108.419032	5.550000000000001
-8.419032	-75.771286	108.419032	5.550000000000001
8.419032	-75.771286	108.419032	5.550000000000001
25.257095	-75.771286	108.419032	5.550000000000001
42.095159	-75.771286	108.419032	5.550000000000001
58.933223	-75.771286	108.419032	5.550000000000001
75.771286	-75.771286	108.419032	5.550000000000001
92.609350	-75.771286	108.419032	5.550000000000001
-92.609350	-58.933223	108.419032	5.550000000000001
-75.771286	-58.933223	108.419032	5.550000000000001
-58.933223	-58.933223	108.419032	5.550000000000001
-42.095159	-58.933223	108.419032	5.550000000000001
-25.257095	-58.933223	108.419032	5.550000000000001
-8.419032	-58.933223	108.419032	5.550000000000001
8.419032	-58.933223	108.419032	5.550000000000001
25.257095	-58.933223	108.419032	5.550000000000001
42.095159	-58.933223	108.419032	5.550000000000001
58.933223	-58.933223	108.419032	5.550000000000001
75.771286	-58.933223	108.419032	5.550000000000001
92.609350	-58.933223	108.419032	5.550000000000001
-92.609350	-42.095159	108.419032	5.550000000000001
-75.771286	-42.095159	108.419032	5.550000000000001
-58.933223	-42.095159	108.419032	5.550000000000001
-42.095159	-42.095159	108.419032	5.550000000000001
-25.257095	-42.095159	108.419032	5.550000000000001
-8.419032	-42.095159	108.419032	5.550000000000001
8.419032	-42.095159	108.419032	5.550000000000001
25.257095	-42.095159	108.419032	5.550000000000001
42.095159	-42.095159	108.419032	5.550000000000001
58.933223	-42.095159	108.419032	5.550000000000001
75.771286	-42.095159	108.419032	5.550000000000001
92.609350	-42.095159	108.419032	5.550000000000001
-92.609350	-25.257095	108.419032	5.550000000000001
-75.771286	-25.257095	108.419032	5.550000000000001
-58.933223	-25.257095	108.419032	5.550000000000001
-42.095159	-25.257095	108.419032	5.550000000000001
-25.257095	-25.257095	108.419032	5.550000000000001
-8.419032	-25.257095	108.419032	5.550000000000001
8.419032	-25.257095	108.419032	5.550000000000001
25.257095	-25.257095	108.419032	5.550000000000001
42.095159	-25.257095	108.419032	5.550000000000001
58.933223	-25.257095	108.419032	5.550000000000001
75.771286	-25.257095	108.419032	5.550000000000001
92.609350	-25.257095	108.419032	5.550000000000001
-92.609350	-8.419032	108.419032	5.550000000000001
-75.771286	-8.419032	108.419032	5.550000000000001
-58.933223	-8.419032	108.419032	5.550000000000001
-42.095159	-8.419032	108.419032	5.550000000000001
-25.257095	-8.419032	108.419032	5.550000000000001
-8.419032	-8.419032	108.419032	5.550000000000001
8.419032	-8.419032	108.419032	5.550000000000001
25.257095	-8.419032	108.419032	5.550000000000001
42.095159	-8.419032	108.419032	5.550000000000001
58.933223	-8.419032	108.419032	5.550000000000001
75.771286	-8.419032	108.419032	5.550000000000001
92.609350	-8.419032	108.419032	5.550000000000001
-92.609350	8.419032	108.419032	5.550000000000001
-75.771286	8.419032	108.419032	5.550000000000001
-58.933223	8.419032	108.419032	5.550000000000001
-42.095159	8.419032	108.419032	5.550000000000001
-25.257095	8.419032	108.419032	5.550000000000001
-8.419032	8.419032	108.419032	5.550000000000001
8.419032	8.419032	108.419032	5.550000000000001
25.257095	8.419032	108.419032	5.550000000000001
42.095159	8.419032	108.419032	5.550000000000001
58.933223	8.419032	108.419032	5.550000000000001
75.771286	8.419032	108.419032	5.550000000000001
92.609350	8.419032	108.419032	5.550000000000001
-92.609350	25.257095	108.419032	5.550000000000001
-75.771286	25.257095	108.419032	5.550000000000001
-58.933223	25.257095	108.419032	5.550000000000001
-42.095159	25.257095	108.419032	5.550000000000001
-25.257095	25.257095	108.419032	5.550000000000001
-8.419032	25.257095	108.419032	5.550000000000001
8.419032	25.257095	108.419032	5.550000000000001
25.257095	25.257095	108.419032	5.550000000000001
42.095159	25.257095	108.419032	5.550000000000001
58.933223	25.257095	108.419032	5.550000000000001
75.771286	25.257095	108.419032	5.550000000000001
92.609350	25.257095	108.419032	5.550000000000001
-92.609350	42.095159	108.419032	5.550000000000001
-75.771286	42.095159	108.419032	5.550000000000001
-58.933223	42.095159	108.419032	5.550000000000001
-42.095159	42.095159	108.419032	5.550000000000001
-25.257095	42.095159	108.419032	5.550000000000001
-8.419032	42.095159	108.419032	5.550000000000001
8.419032	42.095159	108.419032	5.550000000000001
25.257095	42.095159	108.419032	5.550000000000001
42.095159	42.095159	108.419032	5.550000000000001
58.933223	42.095159	108.419032	5.550000000000001
75.771286	42.095159	108.419032	5.550000000000001
92.609350	42.095159	108.419032	5.550000000000001
-92.609350	58.933223	108.419032	5.550000000000001
-75.771286	58.933223	108.419032	5.550000000000001
-58.933223	58.933223	108.419032	5.550000000000001
-42.095159	58.933223	108.419032	5.550000000000001
-25.257095	58.933223	108.419032	5.550000000000001
-8.419032	58.933223	108.419032	5.550000000000001
8.419032	58.933223	108.419032	5.550000000000001
25.257095	58.933223	108.419032	5.550000000000001
42.095159	58.933223	108.419032	5.550000000000001
58.933223	58.933223	108.419032	5.550000000000001
75.771286	58.933223	108.419032	5.550000000000001
92.609350	58.933223	108.419032	5.550000000000001
-92.609350	75.771286	108.419032	5.550000000000001
-75.771286	75.771286	108.419032	5.550000000000001
-58.933223	75.771286	108.419032	5.550000000000001
-42.095159	75.771286	108.419032	5.550000000000001
-25.257095	75.771286	108.419032	5.550000000000001
-8.419032	75.771286	108.419032	5.550000000000001
8.419032	75.771286	108.419032	5.550000000000001
25.257095	75.771286	108.419032	5.550000000000001
42.095159	75.771286	108.419032	5.550000000000001
58.933223	75.771286	108.419032	5.550000000000001
75.771286	75.771286	108.419032	5.550000000000001
92.609350	75.771286	108.419032	5.550000000000001
-92.609350	92.609350	108.419032	5.550000000000001
-75.771286	92.609350	108.419032	5.550000000000001
-58.933223	92.609350	108.419032	5.550000000000001
-42.095159	92.609350	108.419032	5.550000000000001
-25.257095	92.609350	108.419032	5.550000000000001
-8.419032	92.609350	108.419032	5.550000000000001
8.419032	92.609350	108.419032	5.550000000000001
25.257095	92.609350	108.419032	5.550000000000001
42.095159	92.609350	108.419032	5.550000000000001
58.933223	92.609350	108.419032	5.550000000000001
75.771286	92.609350	108.419032	5.550000000000001
92.609350	92.609350	108.419032	5.550000000000001
-92.609350	-92.609350	125.257095	5.550000000000001
-75.771286	-92.609350	125.257095	5.550000000000001
-58.933223	-92.609350	125.257095	5.550000000000001
-42.095159	-92.609350	125.257095	5.550000000000001
-25.257095	-92.609350	125.257095	5.550000000000001
-8.419032	-92.609350	125.257095	5.550000000000001
8.419032	-92.609350	125.257095	5.550000000000001
25.257095	-92.609350	125.257095	5.550000000000001
42.095159	-92.609350	125.257095	5.550000000000001
58.933223	-92.609350	125.257095	5.550000000000001
75.771286	-92.609350	125.257095	5.550000000000001
92.609350	-92.609350	125.257095	5.550000000000001
-92.609350	-75.771286	125.257095	5.550000000000001
-75.771286	-75.771286	125.257095	5.550000000000001
-58.933223	-75.771286	125.257095	5.550000000000001
-42.095159	-75.771286	125.257095	5.550000000000001
-25.257095	-75.771286	125.257095	5.550000000000001
-8.419032	-75.771286	125.257095	5.550000000000001
8.419032	-75.771286	125.257095	5.550000000000001
25.257095	-75.771286	125.257095	5.550000000000001
42.095159	-75.771286	125.257095	5.550000000000001
58.933223	-75.771286	125.257095	5.550000000000001
75.771286	-75.771286	125.257095	5.550000000000001
92.609350	-75.771286	125.257095	5.550000000000001
-92.609350	-58.933223	125.257095	5.550000000000001
-75.771286	-58.933223	125.257095	5.550000000000001
-58.933223	-58.933223	125.257095	5.550000000000001
-42.095159	-58.933223	125.257095	5.550000000000001
-25.257095	-58.933223	125.257095	5.550000000000001
-8.419032	-58.933223	125.257095	5.550000000000001
8.419032	-58.933223	125.257095	5.550000000000001
25.257095	-58.933223	125.257095	5.550000000000001
42.095159	-58.933223	125.257095	5.550000000000001
58.933223	-58.933223	125.257095	5.550000000000001
75.771286	-58.933223	125.257095	5.550000000000001
92.609350	-58.933223	125.257095	5.550000000000001
-92.609350	-42.095159	125.257095	5.550000000000001
-75.771286	-42.095159	125.257095	5.550000000000001
-58.933223	-42.095159	125.257095	5.550000000000001
-42.095159	-42.095159	125.257095	5.550000000000001
-25.257095	-42.095159	125.257095	5.550000000000001
-8.419032	-42.095159	125.257095	5.550000000000001
8.419032	-42.095159	125.257095	5.550000000000001
25.257095	-42.095159	125.257095	5.550000000000001
42.095159	-42.095159	125.257095	5.550000000000001
58.933223	-42.095159	125.257095	5.550000000000001
75.771286	-42.095159	125.257095	5.550000000000001
92.609350	-42.095159	125.257095	5.550000000000001
-92.609350	-25.257095	125.257095	5.550000000000001
-75.771286	-25.257095	125.257095	5.550000000000001
-58.933223	-25.257095	125.257095	5.550000000000001
-42.095159	-25.257095	125.257095	5.550000000000001
-25.257095	-25.257095	125.257095	5.550000000000001
-8.419032	-25.257095	125.257095	5.550000000000001
8.419032	-25.257095	125.257095	5.550000000000001
25.257095	-25.257095	125.257095	5.550000000000001
42.095159	-25.257095	125.257095	5.550000000000001
58.933223	-25.257095	125.257095	5.550000000000001
75.771286	-25.257095	125.257095	5.550000000000001
92.609350	-25.257095	125.257095	5.550000000000001
-92.609350	-8.419032	125.257095	5.550000000000001
-75.771286	-8.419032	125.257095	5.550000000000001
-58.933223	-8.419032	125.257095	5.550000000000001
-42.095159	-8.419032	125.257095	5.550000000000001
-25.257095	-8.419032	125.257095	5.550000000000001
-8.419032	-8.419032	125.257095	5.550000000000001
8.419032	-8.419032	125.257095	5.550000000000001
25.257095	-8.419032	125.257095	5.550000000000001
42.095159	-8.419032	125.257095	5.550000000000001
58.933223	-8.419032	125.257095	5.550000000000001
75.771286	-8.419032	125.257095	5.550000000000001
92.609350	-8.419032	125.257095	5.550000000000001
-92.609350	8.419032	125.257095	5.550000000000001
-75.771286	8.419032	125.257095	5.550000000000001
-58.933223	8.419032	125.257095	5.550000000000001
-42.095159	8.419032	125.257095	5.550000000000001
-25.257095	8.419032	125.257095	5.550000000000001
-8.419032	8.419032	125.257095	5.550000000000001
8.419032	8.419032	125.257095	5.550000000000001
25.257095	8.419032	125.257095	5.550000000000001
42.095159	8.419032	125.257095	5.550000000000001
58.933223	8.419032	125.257095	5.550000000000001
75.771286	8.419032	125.257095	5.550000000000001
92.609350	8.419032	125.257095	5.550000000000001
-92.609350	25.257095	125.257095	5.550000000000001
-75.771286	25.257095	125.257095	5.550000000000001
-58.933223	25.257095	125.257095	5.550000000000001
-42.095159	25.257095	125.257095	5.550000000000001
-25.257095	25.257095	125.257095	5.550000000000001
-8.419032	25.257095	125.257095	5.550000000000001
8.419032	25.257095	125.257095	5.550000000000001
25.257095	25.257095	125.257095	5.550000000000001
42.095159	25.257095	125.257095	5.550000000000001
58.933223	25.257095	125.257095	5.550000000000001
75.771286	25.257095	125.257095	5.550000000000001
92.609350	25.257095	125.257095	5.550000000000001
-92.609350	42.095159	125.257095	5.550000000000001
-75.771286	42.095159	125.257095	5.550000000000001
-58.933223	42.095159	125.257095	5.550000000000001
-42.095159	42.095159	125.257095	5.550000000000001
-25.257095	42.095159	125.257095	5.550000000000001
-8.419032	42.095159	125.257095	5.550000000000001
8.419032	42.095159	125.257095	5.550000000000001
25.257095	42.095159	125.257095	5.550000000000001
42.095159	42.095159	125.257095	5.550000000000001
58.933223	42.095159	125.257095	5.550000000000001
75.771286	42.095159	125.257095	5.550000000000001
92.609350	42.095159	125.257095	5.550000000000001
-92.609350	58.933223	125.257095	5.550000000000001
-75.771286	58.933223	125.257095	5.550000000000001
-58.933223	58.933223	125.257095	5.550000000000001
-42.095159	58.933223	125.257095	5.550000000000001
-25.257095	58.933223	125.257095	5.550000000000001
-8.419032	58.933223	125.257095	5.550000000000001
8.419032	58.933223	125.257095	5.550000000000001
25.257095	58.933223	125.257095	5.550000000000001
42.095159	58.933223	125.257095	5.550000000000001
58.933223	58.933223	125.257095	5.550000000000001
75.771286	58.933223	125.257095	5.550000000000001
92.609350	58.933223	125.257095	5.550000000000001
-92.609350	75.771286	125.257095	5.550000000000001
-75.771286	75.771286	125.257095	5.550000000000001
-58.933223	75.771286	125.257095	5.550000000000001
-42.095159	75.771286	125.257095	5.550000000000001
-25.257095	75.771286	125.257095	5.550000000000001
-8.419032	75.771286	125.257095	5.550000000000001
8.419032	75.771286	125.257095	5.550000000000001
25.257095	75.771286	125.257095	5.550000000000001
42.095159	75.771286	125.257095	5.550000000000001
58.933223	75.771286	125.257095	5.550000000000001
75.771286	75.771286	125.257095	5.550000000000001
92.609350	75.771286	125.257095	5.550000000000001
-92.609350	92.609350	125.257095	5.550000000000001
-75.771286	92.609350	125.257095	5.550000000000001
-58.933223	92.609350	125.257095	5.550000000000001
-42.095159	92.609350	125.257095	5.550000000000001
-25.257095	92.609350	125.257095	5.550000000000001
-8.419032	92.609350	125.257095	5.550000000000001
8.419032	92.609350	125.257095	5.550000000000001
25.257095	92.609350	125.257095	5.550000000000001
42.095159	92.609350	125.257095	5.550000000000001
58.933223	92.609350	125.257095	5.550000000000001
75.771286	92.609350	125.257095	5.550000000000001
92.609350	92.609350	125.257095	5.550000000000001
-92.609350	-92.609350	142.095159	5.550000000000001
-75.771286	-92.609350	142.095159	5.550000000000001
-58.933223	-92.609350	142.095159	5.550000000000001
-42.095159	-92.609350	142.095159	5.550000000000001
-25.257095	-92.609350	142.095159	5.550000000000001
-8.419032	-92.609350	142.095159	5.550000000000001
8.419032	-92.609350	142.095159	5.550000000000001
25.257095	-92.609350	142.095159	5.550000000000001
42.095159	-92.609350	142.095159	5.550000000000001
58.933223	-92.609350	142.095159	5.550000000000001
75.771286	-92.609350	142.095159	5.550000000000001
92.609350	-92.609350	142.095159	5.550000000000001
-92.609350	-75.771286	142.095159	5.550000000000001
-75.771286	-75.771286	142.095159	5.550000000000001
-58.933223	-75.771286	142.095159	5.550000000000001
-42.095159	-75.771286	142.095159	5.550000000000001
-25.257095	-75.771286	142.095159	5.550000000000001
-8.419032	-75.771286	142.095159	5.550000000000001
8.419032	-75.771286	142.095159	5.550000000000001
25.257095	-75.771286	142.095159	5.550000000000001
42.095159	-75.771286	142.095159	5.550000000000001
58.933223	-75.771286	142.095159	5.550000000000001
75.771286	-75.771286	142.095159	5.550000000000001
92.609350	-75.771286	142.095159	5.550000000000001
-92.609350	-58.933223	142.095159	5.550000000000001
-75.771286	-58.933223	142.095159	5.550000000000001
-58.933223	-58.933223	142.095159	5.550000000000001
-42.095159	-58.933223	142.095159	5.550000000000001
-25.257095	-58.933223	142.095159	5.550000000000001
-8.419032	-58.933223	142.095159	5.550000000000001
8.419032	-58.933223	142.095159	5.550000000000001
25.257095	-58.933223	142.095159	5.550000000000001
42.095159	-58.933223	142.095159	5.550000000000001
58.933223	-58.933223	142.095159	5.550000000000001
75.771286	-58.933223	142.095159	5.550000000000001
92.609350	-58.933223	142.095159	5.550000000000001
-92.609350	-42.095159	142.095159	5.550000000000001
-75.771286	-42.095159	142.095159	5.550000000000001
-58.933223	-42.095159	142.095159	5.550000000000001
-42.095159	-42.095159	142.095159	5.550000000000001
-25.257095	-42.095159	142.095159	5.550000000000001
-8.419032	-42.095159	142.095159	5.550000000000001
8.419032	-42.095159	142.095159	5.550000000000001
25.257095	-42.095159	142.095159	5.550000000000001
42.095159	-42.095159	142.095159	5.550000000000001
58.933223	-42.095159	142.095159	5.550000000000001
75.771286	-42.095159	142.095159	5.550000000000001
92.609350	-42.095159	142.095159	5.550000000000001
-92.609350	-25.257095	142.095159	5.550000000000001
-75.771286	-25.257095	142.095159	5.550000000000001
-58.933223	-25.257095	142.095159	5.550000000000001
-42.095159	-25.257095	142.095159	5.550000000000001
-25.257095	-25.257095	142.095159	5.550000000000001
-8.419032	-25.257095	142.095159	5.550000000000001
8.419032	-25.257095	142.095159	5.550000000000001
25.257095	-25.257095	142.095159	5.550000000000001
42.095159	-25.257095	142.095159	5.550000000000001
58.933223	-25.257095	142.095159	5.550000000000001
75.771286	-25.257095	142.095159	5.550000000000001
92.609350	-25.257095	142.095159	5.550000000000001
-92.609350	-8.419032	142.095159	5.550000000000001
-75.771286	-8.419032	142.095159	5.550000000000001
-58.933223	-8.419032	142.095159	5.550000000000001
-42.095159	-8.419032	142.095159	5.550000000000001
-25.257095	-8.419032	142.095159	5.550000000000001
-8.419032	-8.419032	142.095159	5.550000000000001
8.419032	-8.419032	142.095159	5.550000000000001
25.257095	-8.419032	142.095159	5.550000000000001
42.095159	-8.419032	142.095159	5.550000000000001
58.933223	-8.419032	142.095159	5.550000000000001
75.771286	-8.419032	142.095159	5.550000000000001
92.609350	-8.419032	142.095159	5.550000000000001
-92.609350	8.419032	142.095159	5.550000000000001
-75.771286	8.419032	142.095159	5.550000000000001
-58.933223	8.419032	142.095159	5.550000000000001
-42.095159	8.419032	142.095159	5.550000000000001
-25.257095	8.419032	142.095159	5.550000000000001
-8.419032	8.419032	142.095159	5.550000000000001
8.419032	8.419032	142.095159	5.550000000000001
25.257095	8.419032	142.095159	5.550000000000001
42.095159	8.419032	142.095159	5.550000000000001
58.933223	8.419032	142.095159	5.550000000000001
75.771286	8.419032	142.095159	5.550000000000001
92.609350	8.419032	142.095159	5.550000000000001
-92.609350	25.257095	142.095159	5.550000000000001
-75.771286	25.257095	142.095159	5.550000000000001
-58.933223	25.257095	142.095159	5.550000000000001
-42.095159	25.257095	142.095159	5.550000000000001
-25.257095	25.257095	142.095159	5.550000000000001
-8.419032	25.257095	142.095159	5.550000000000001
8.419032	25.257095	142.095159	5.550000000000001
25.257095	25.257095	142.095159	5.550000000000001
42.095159	25.257095	142.095159	5.550000000000001
58.933223	25.257095	142.095159	5.550000000000001
75.771286	25.257095	142.095159	5.550000000000001
92.609350	25.257095	142.095159	5.550000000000001
-92.609350	42.095159	142.095159	5.550000000000001
-75.771286	42.095159	142.095159	5.550000000000001
-58.933223	42.095159	142.095159	5.550000000000001
-42.095159	42.095159	142.095159	5.550000000000001
-25.257095	42.095159	142.095159	5.550000000000001
-8.419032	42.095159	142.095159	5.550000000000001
8.419032	42.095159	142.095159	5.550000000000001
25.257095	42.095159	142.095159	5.550000000000001
42.095159	42.095159	142.095159	5.550000000000001
58.933223	42.095159	142.095159	5.550000000000001
75.771286	42.095159	142.095159	5.550000000000001
92.609350	42.095159	142.095159	5.550000000000001
-92.609350	58.933223	142.095159	5.550000000000001
-75.771286	58.933223	142.095159	5.550000000000001
-58.933223	58.933223	142.095159	5.550000000000001
-42.095159	58.933223	142.095159	5.550000000000001
-25.257095	58.933223	142.095159	5.550000000000001
-8.419032	58.933223	142.095159	5.550000000000001
8.419032	58.933223	142.095159	5.550000000000001
25.257095	58.933223	142.095159	5.550000000000001
42.095159	58.933223	142.095159	5.550000000000001
58.933223	58.933223	142.095159	5.550000000000001
75.771286	58.933223	142.095159	5.550000000000001
92.609350	58.933223	142.095159	5.550000000000001
-92.609350	75.771286	142.095159	5.550000000000001
-75.771286	75.771286	142.095159	5.550000000000001
-58.933223	75.771286	142.095159	5.550000000000001
-42.095159	75.771286	142.095159	5.550000000000001
-25.257095	75.771286	142.095159	5.550000000000001
-8.419032	75.771286	142.095159	5.550000000000001
8.419032	75.771286	142.095159	5.550000000000001
25.257095	75.771286	142.095159	5.550000000000001
42.095159	75.771286	142.095159	5.550000000000001
58.933223	75.771286	142.095159	5.550000000000001
75.771286	75.771286	142.095159	5.550000000000001
92.609350	75.771286	142.095159	5.550000000000001
-92.609350	92.609350	142.095159	5.550000000000001
-75.771286	92.609350	142.095159	5.550000000000001
-58.933223	92.609350	142.095159	5.550000000000001
-42.095159	92.609350	142.095159	5.550000000000001
-25.257095	92.609350	142.095159	5.550000000000001
-8.419032	92.609350	142.095159	5.550000000000001
8.419032	92.609350	142.095159	5.550000000000001
25.257095	92.609350	142.095159	5.550000000000001
42.095159	92.609350	142.095159	5.550000000000001
58.933223	92.609350	142.095159	5.550000000000001
75.771286	92.609350	142.095159	5.550000000000001
92.609350	92.609350	142.095159	5.550000000000001
-92.609350	-92.609350	158.933223	5.550000000000001
-75.771286	-92.609350	158.933223	5.550000000000001
-58.933223	-92.609350	158.933223	5.550000000000001
-42.095159	-92.609350	158.933223	5.550000000000001
-25.257095	-92.609350	158.933223	5.550000000000001
-8.419032	-92.609350	158.933223	5.550000000000001
8.419032	-92.609350	158.933223	5.550000000000001
25.257095	-92.609350	158.933223	5.550000000000001
42.095159	-92.609350	158.933223	5.550000000000001
58.933223	-92.609350	158.933223	5.550000000000001
75.771286	-92.609350	158.933223	5.550000000000001
92.609350	-92.609350	158.933223	5.550000000000001
-92.609350	-75.771286	158.933223	5.550000000000001
-75.771286	-75.771286	158.933223	5.550000000000001
-58.933223	-75.771286	158.933223	5.550000000000001
-42.095159	-75.771286	158.933223	5.550000000000001
-25.257095	-75.771286	158.933223	5.550000000000001
-8.419032	-75.771286	158.933223	5.550000000000001
8.419032	-75.771286	158.933223	5.550000000000001
25.257095	-75.771286	158.933223	5.550000000000001
42.095159	-75.771286	158.933223	5.550000000000001
58.933223	-75.771286	158.933223	5.550000000000001
75.771286	-75.771286	158.933223	5.550000000000001
92.609350	-75.771286	158.933223	5.550000000000001
-92.609350	-58.933223	158.933223	5.550000000000001
-75.771286	-58.933223	158.933223	5.550000000000001
-58.933223	-58.933223	158.933223	5.550000000000001
-42.095159	-58.933223	158.933223	5.550000000000001
-25.257095	-58.933223	158.933223	5.550000000000001
-8.419032	-58.933223	158.933223	5.550000000000001
8.419032	-58.933223	158.933223	5.550000000000001
25.257095	-58.933223	158.933223	5.550000000000001
42.095159	-58.933223	158.933223	5.550000000000001
58.933223	-58.933223	158.933223	5.550000000000001
75.771286	-58.933223	158.933223	5.550000000000001
92.609350	-58.933223	158.933223	5.550000000000001
-92.609350	-42.095159	158.933223	5.550000000000001
-75.771286	-42.095159	158.933223	5.550000000000001
-58.933223	-42.095159	158.933223	5.550000000000001
-42.095159	-42.095159	158.933223	5.550000000000001
-25.257095	-42.095159	158.933223	5.550000000000001
-8.419032	-42.095159	158.933223	5.550000000000001
8.419032	-42.095159	158.933223	5.550000000000001
25.257095	-42.095159	158.933223	5.550000000000001
42.095159	-42.095159	158.933223	5.550000000000001
58.933223	-42.095159	158.933223	5.550000000000001
75.771286	-42.095159	158.933223	5.550000000000001
92.609350	-42.095159	158.933223	5.550000000000001
-92.609350	-25.257095	158.933223	5.550000000000001
-75.771286	-25.257095	158.933223	5.550000000000001
-58.933223	-25.257095	158.933223	5.550000000000001
-42.095159	-25.257095	158.933223	5.550000000000001
-25.257095	-25.257095	158.933223	5.550000000000001
-8.419032	-25.257095	158.933223	5.550000000000001
8.419032	-25.257095	158.933223	5.550000000000001
25.257095	-25.257095	158.933223	5.550000000000001
42.095159	-25.257095	158.933223	5.550000000000001
58.933223	-25.257095	158.933223	5.550000000000001
75.771286	-25.257095	158.933223	5.550000000000001
92.609350	-25.257095	158.933223	5.550000000000001
-92.609350	-8.419032	158.933223	5.550000000000001
-75.771286	-8.419032	158.933223	5.550000000000001
-58.933223	-8.419032	158.933223	5.550000000000001
-42.095159	-8.419032	158.933223	5.550000000000001
-25.257095	-8.419032	158.933223	5.550000000000001
-8.419032	-8.419032	158.933223	5.550000000000001
8.419032	-8.419032	158.933223	5.550000000000001
25.257095	-8.419032	158.933223	5.550000000000001
42.095159	-8.419032	158.933223	5.550000000000001
58.933223	-8.419032	158.933223	5.550000000000001
75.771286	-8.419032	158.933223	5.550000000000001
92.609350	-8.419032	158.933223	5.550000000000001
-92.609350	8.419032	158.933223	5.550000000000001
-75.771286	8.419032	158.933223	5.550000000000001
-58.933223	8.419032	158.933223	5.550000000000001
-42.095159	8.419032	158.933223	5.550000000000001
-25.257095	8.419032	158.933223	5.550000000000001
-8.419032	8.419032	158.933223	5.550000000000001
8.419032	8.419032	158.933223	5.550000000000001
25.257095	8.419032	158.933223	5.550000000000001
42.095159	8.419032	158.933223	5.550000000000001
58.933223	8.419032	158.933223	5.550000000000001
75.771286	8.419032	158.933223	5.550000000000001
92.609350	8.419032	158.933223	5.550000000000001
-92.609350	25.257095	158.933223	5.550000000000001
-75.771286	25.257095	158.933223	5.550000000000001
-58.933223	25.257095	158.933223	5.550000000000001
-42.095159	25.257095	158.933223	5.550000000000001
-25.257095	25.257095	158.933223	5.550000000000001
-8.419032	25.257095	158.933223	5.550000000000001
8.419032	25.257095	158.933223	5.550000000000001
25.257095	25.257095	158.933223	5.550000000000001
42.095159	25.257095	158.933223	5.550000000000001
58.933223	25.257095	158.933223	5.550000000000001
75.771286	25.257095	158.933223	5.550000000000001
92.609350	25.257095	158.933223	5.550000000000001
-92.609350	42.095159	158.933223	5.550000000000001
-75.771286	42.095159	158.933223	5.550000000000001
-58.933223	42.095159	158.933223	5.550000000000001
-42.095159	42.095159	158.933223	5.550000000000001
-25.257095	42.095159	158.933223	5.550000000000001
-8.419032	42.095159	158.933223	5.550000000000001
8.419032	42.095159	158.933223	5.550000000000001
25.257095	42.095159	158.933223	5.550000000000001
42.095159	42.095159	158.933223	5.550000000000001
58.933223	42.095159	158.933223	5.550000000000001
75.771286	42.095159	158.933223	5.550000000000001
92.609350	42.095159	158.933223	5.550000000000001
-92.609350	58.933223	158.933223	5.550000000000001
-75.771286	58.933223	158.933223	5.550000000000001
-58.933223	58.933223	158.933223	5.550000000000001
-42.095159	58.933223	158.933223	5.550000000000001
-25.257095	58.933223	158.933223	5.550000000000001
-8.419032	58.933223	158.933223	5.550000000000001
8.419032	58.933223	158.933223	5.550000000000001
25.257095	58.933223	158.933223	5.550000000000001
42.095159	58.933223	158.933223	5.550000000000001
58.933223	58.933223	158.933223	5.550000000000001
75.771286	58.933223	158.933223	5.550000000000001
92.609350	58.933223	158.933223	5.550000000000001
-92.609350	75.771286	158.933223	5.550000000000001
-75.771286	75.771286	158.933223	5.550000000000001
-58.933223	75.771286	158.933223	5.550000000000001
-42.095159	75.771286	158.933223	5.550000000000001
-25.257095	75.771286	158.933223	5.550000000000001
-8.419032	75.771286	158.933223	5.550000000000001
8.419032	75.771286	158.933223	5.550000000000001
25.257095	75.771286	158.933223	5.550000000000001
42.095159	75.771286	158.933223	5.550000000000001
58.933223	75.771286	158.933223	5.550000000000001
75.771286	75.771286	158.933223	5.550000000000001
92.609350	75.771286	158.933223	5.550000000000001
-92.609350	92.609350	158.933223	5.550000000000001
-75.771286	92.609350	158.933223	5.550000000000001
-58.933223	92.609350	158.933223	5.550000000000001
-42.095159	92.609350	158.933223	5.550000000000001
-25.257095	92.609350	158.933223	5.550000000000001
-8.419032	92.609350	158.933223	5.550000000000001
8.419032	92.609350	158.933223	5.550000000000001
25.257095	92.609350	158.933223	5.550000000000001
42.095159	92.609350	158.933223	5.550000000000001
58.933223	92.609350	158.933223	5.550000000000001
75.771286	92.609350	158.933223	5.550000000000001
92.609350	92.609350	158.933223	5.550000000000001
-92.609350	-92.609350	175.771286	5.550000000000001
-75.771286	-92.609350	175.771286	5.550000000000001
-58.933223	-92.609350	175.771286	5.550000000000001
-42.095159	-92.609350	175.771286	5.550000000000001
-25.257095	-92.609350	175.771286	5.550000000000001
-8.419032	-92.609350	175.771286	5.550000000000001
8.419032	-92.609350	175.771286	5.550000000000001
25.257095	-92.609350	175.771286	5.550000000000001
42.095159	-92.609350	175.771286	5.550000000000001
58.933223	-92.609350	175.771286	5.550000000000001
75.771286	-92.609350	175.771286	5.550000000000001
92.609350	-92.609350	175.771286	5.550000000000001
-92.609350	-75.771286	175.771286	5.550000000000001
-75.771286	-75.771286	175.771286	5.550000000000001
-58.933223	-75.771286	175.771286	5.550000000000001
-42.095159	-75.771286	175.771286	5.550000000000001
-25.257095	-75.771286	175.771286	5.550000000000001
-8.419032	-75.771286	175.771286	5.550000000000001
8.419032	-75.771286	175.771286	5.550000000000001
25.257095	-75.771286	175.771286	5.550000000000001
42.095159	-75.771286	175.771286	5.550000000000001
58.933223	-75.771286	175.771286	5.550000000000001
75.771286	-75.771286	175.771286	5.550000000000001
92.609350	-75.771286	175.771286	5.550000000000001
-92.609350	-58.933223	175.771286	5.550000000000001
-75.771286	-58.933223	175.771286	5.550000000000001
-58.933223	-58.933223	175.771286	5.550000000000001
-42.095159	-58.933223	175.771286	5.550000000000001
-25.257095	-58.933223	175.771286	5.550000000000001
-8.419032	-58.933223	175.771286	5.550000000000001
8.419032	-58.933223	175.771286	5.550000000000001
25.257095	-58.933223	175.771286	5.550000000000001
42.095159	-58.933223	175.771286	5.550000000000001
58.933223	-58.933223	175.771286	5.550000000000001
75.771286	-58.933223	175.771286	5.550000000000001
92.609350	-58.933223	175.771286	5.550000000000001
-92.609350	-42.095159	175.771286	5.550000000000001
-75.771286	-42.095159	175.771286	5.550000000000001
-58.933223	-42.095159	175.771286	5.550000000000001
-42.095159	-42.095159	175.771286	5.550000000000001
-25.257095	-42.095159	175.771286	5.550000000000001
-8.419032	-42.095159	175.771286	5.550000000000001
8.419032	-42.095159	175.771286	5.550000000000001
25.257095	-42.095159	175.771286	5.550000000000001
42.095159	-42.095159	175.771286	5.550000000000001
58.933223	-42.095159	175.771286	5.550000000000001
75.771286	-42.095159	175.771286	5.550000000000001
92.609350	-42.095159	175.771286	5.550000000000001
-92.609350	-25.257095	175.771286	5.550000000000001
-75.771286	-25.257095	175.771286	5.550000000000001
-58.933223	-25.257095	175.771286	5.550000000000001
-42.095159	-25.257095	175.771286	5.550000000000001
-25.257095	-25.257095	175.771286	5.550000000000001
-8.419032	-25.257095	175.771286	5.550000000000001
8.419032	-25.257095	175.771286	5.550000000000001
25.257095	-25.257095	175.771286	5.550000000000001
42.095159	-25.257095	175.771286	5.550000000000001
58.933223	-25.257095	175.771286	5.550000000000001
75.771286	-25.257095	175.771286	5.550000000000001
92.609350	-25.257095	175.771286	5.550000000000001
-92.609350	-8.419032	175.771286	5.550000000000001
-75.771286	-8.419032	175.771286	5.550000000000001
-58.933223	-8.419032	175.771286	5.550000000000001
-42.095159	-8.419032	175.771286	5.550000000000001
-25.257095	-8.419032	175.771286	5.550000000000001
-8.419032	-8.419032	175.771286	5.550000000000001
8.419032	-8.419032	175.771286	5.550000000000001
25.257095	-8.419032	175.771286	5.550000000000001
42.095159	-8.419032	175.771286	5.550000000000001
58.933223	-8.419032	175.771286	5.550000000000001
75.771286	-8.419032	175.771286	5.550000000000001
92.609350	-8.419032	175.771286	5.550000000000001
-92.609350	8.419032	175.771286	5.550000000000001
-75.771286	8.419032	175.771286	5.550000000000001
-58.933223	8.419032	175.771286	5.550000000000001
-42.095159	8.419032	175.771286	5.550000000000001
-25.257095	8.419032	175.771286	5.550000000000001
-8.419032	8.419032	175.771286	5.550000000000001
8.419032	8.419032	175.771286	5.550000000000001
25.257095	8.419032	175.771286	5.550000000000001
42.095159	8.419032	175.771286	5.550000000000001
58.933223	8.419032	175.771286	5.550000000000001
75.771286	8.419032	175.771286	5.550000000000001
92.609350	8.419032	175.771286	5.550000000000001
-92.609350	25.257095	175.771286	5.550000000000001
-75.771286	25.257095	175.771286	5.550000000000001
-58.933223	25.257095	175.771286	5.550000000000001
-42.095159	25.257095	175.771286	5.550000000000001
-25.257095	25.257095	175.771286	5.550000000000001
-8.419032	25.257095	175.771286	5.550000000000001
8.419032	25.257095	175.771286	5.550000000000001
25.257095	25.257095	175.771286	5.550000000000001
42.095159	25.257095	175.771286	5.550000000000001
58.933223	25.257095	175.771286	5.550000000000001
75.771286	25.257095	175.771286	5.550000000000001
92.609350	25.257095	175.771286	5.550000000000001
-92.609350	42.095159	175.771286	5.550000000000001
-75.771286	42.095159	175.771286	5.550000000000001
-58.933223	42.095159	175.771286	5.550000000000001
-42.095159	42.095159	175.771286	5.550000000000001
-25.257095	42.095159	175.771286	5.550000000000001
-8.419032	42.095159	175.771286	5.550000000000001
8.419032	42.095159	175.771286	5.550000000000001
25.257095	42.095159	175.771286	5.550000000000001
42.095159	42.095159	175.771286	5.550000000000001
58.933223	42.095159	175.771286	5.550000000000001
75.771286	42.095159	175.771286	5.550000000000001
92.609350	42.095159	175.771286	5.550000000000001
-92.609350	58.933223	175.771286	5.550000000000001
-75.771286	58.933223	175.771286	5.550000000000001
-58.933223	58.933223	175.771286	5.550000000000001
-42.095159	58.933223	175.771286	5.550000000000001
-25.257095	58.933223	175.771286	5.550000000000001
-8.419032	58.933223	175.771286	5.550000000000001
8.419032	58.933223	175.771286	5.550000000000001
25.257095	58.933223	175.771286	5.550000000000001
42.095159	58.933223	175.771286	5.550000000000001
58.933223	58.933223	175.771286	5.550000000000001
75.771286	58.933223	175.771286	5.550000000000001
92.609350	58.933223	175.771286	5.550000000000001
-92.609350	75.771286	175.771286	5.550000000000001
-75.771286	75.771286	175.771286	5.550000000000001
-58.933223	75.771286	175.771286	5.550000000000001
-42.095159	75.771286	175.771286	5.550000000000001
-25.257095	75.771286	175.771286	5.550000000000001
-8.419032	75.771286	175.771286	5.550000000000001
8.419032	75.771286	175.771286	5.550000000000001
25.257095	75.771286	175.771286	5.550000000000001
42.095159	75.771286	175.771286	5.550000000000001
58.933223	75.771286	175.771286	5.550000000000001
75.771286	75.771286	175.771286	5.550000000000001
92.609350	75.771286	175.771286	5.550000000000001
-92.609350	92.609350	175.771286	5.550000000000001
-75.771286	92.609350	175.771286	5.550000000000001
-58.933223	92.609350	175.771286	5.550000000000001
-42.095159	92.609350	175.771286	5.550000000000001
-25.257095	92.609350	175.771286	5.550000000000001
-8.419032	92.609350	175.771286	5.550000000000001
8.419032	92.609350	175.771286	5.550000000000001
25.257095	92.609350	175.771286	5.550000000000001
42.095159	92.609350	175.771286	5.550000000000001
58.933223	92.609350	175.771286	5.550000000000001
75.771286	92.609350	175.771286	5.550000000000001
92.609350	92.609350	175.771286	5.550000000000001
-92.609350	-92.609350	192.609350	5.550000000000001
-75.771286	-92.609350	192.609350	5.550000000000001
-58.933223	-92.609350	192.609350	5.550000000000001
-42.095159	-92.609350	192.609350	5.550000000000001
-25.257095	-92.609350	192.609350	5.550000000000001
-8.419032	-92.609350	192.609350	5.550000000000001
8.419032	-92.609350	192.609350	5.550000000000001
25.257095	-92.609350	192.609350	5.550000000000001
42.095159	-92.609350	192.609350	5.550000000000001
58.933223	-92.609350	192.609350	5.550000000000001
75.771286	-92.609350	192.609350	5.550000000000001
92.609350	-92.609350	192.609350	5.550000000000001
-92.609350	-75.771286	192.609350	5.550000000000001
-75.771286	-75.771286	192.609350	5.550000000000001
-58.933223	-75.771286	192.609350	5.550000000000001
-42.095159	-75.771286	192.609350	5.550000000000001
-25.257095	-75.771286	192.609350	5.550000000000001
-8.419032	-75.771286	192.609350	5.550000000000001
8.419032	-75.771286	192.609350	5.550000000000001
25.257095	-75.771286	192.609350	5.550000000000001
42.095159	-75.771286	192.609350	5.550000000000001
58.933223	-75.771286	192.609350	5.550000000000001
75.771286	-75.771286	192.609350	5.550000000000001
92.609350	-75.771286	192.609350	5.550000000000001
-92.609350	-58.933223	192.609350	5.550000000000001
-75.771286	-58.933223	192.609350	5.550000000000001
-58.933223	-58.933223	192.609350	5.550000000000001
-42.095159	-58.933223	192.609350	5.550000000000001
-25.257095	-58.933223	192.609350	5.550000000000001
-8.419032	-58.933223	192.609350	5.550000000000001
8.419032	-58.933223	192.609350	5.550000000000001
25.257095	-58.933223	192.609350	5.550000000000001
42.095159	-58.933223	192.609350	5.550000000000001
58.933223	-58.933223	192.609350	5.550000000000001
75.771286	-58.933223	192.609350	5.550000000000001
92.609350	-58.933223	192.609350	5.550000000000001
-92.609350	-42.095159	192.609350	5.550000000000001
-75.771286	-42.095159	192.609350	5.550000000000001
-58.933223	-42.095159	192.609350	5.550000000000001
-42.095159	-42.095159	192.609350	5.550000000000001
-25.257095	-42.095159	192.609350	5.550000000000001
-8.419032	-42.095159	192.609350	5.550000000000001
8.419032	-42.095159	192.609350	5.550000000000001
25.257095	-42.095159	192.609350	5.550000000000001
42.095159	-42.095159	192.609350	5.550000000000001
58.933223	-42.095159	192.609350	5.550000000000001
75.771286	-42.095159	192.609350	5.550000000000001
92.609350	-42.095159	192.609350	5.550000000000001
-92.609350	-25.257095	192.609350	5.550000000000001
-75.771286	-25.257095	192.609350	5.550000000000001
-58.933223	-25.257095	192.609350	5.550000000000001
-42.095159	-25.257095	192.609350	5.550000000000001
-25.257095	-25.257095	192.609350	5.550000000000001
-8.419032	-25.257095	192.609350	5.550000000000001
8.419032	-25.257095	192.609350	5.550000000000001
25.257095	-25.257095	192.609350	5.550000000000001
42.095159	-25.257095	192.609350	5.550000000000001
58.933223	-25.257095	192.609350	5.550000000000001
75.771286	-25.257095	192.609350	5.550000000000001
92.609350	-25.257095	192.609350	5.550000000000001
-92.609350	-8.419032	192.609350	5.550000000000001
-75.771286	-8.419032	192.609350	5.550000000000001
-58.933223	-8.419032	192.609350	5.550000000000001
-42.095159	-8.419032	192.609350	5.550000000000001
-25.257095	-8.419032	192.609350	5.550000000000001
-8.419032	-8.419032	192.609350	5.550000000000001
8.419032	-8.419032	192.609350	5.550000000000001
25.257095	-8.419032	192.609350	5.550000000000001
42.095159	-8.419032	192.609350	5.550000000000001
58.933223	-8.419032	192.609350	5.550000000000001
75.771286	-8.419032	192.609350	5.550000000000001
92.609350	-8.419032	192.609350	5.550000000000001
-92.609350	8.419032	192.609350	5.550000000000001
-75.771286	8.419032	192.609350	5.550000000000001
-58.933223	8.419032	192.609350	5.550000000000001
-42.095159	8.419032	192.609350	5.550000000000001
-25.257095	8.419032	192.609350	5.550000000000001
-8.419032	8.419032	192.609350	5.550000000000001
8.419032	8.419032	192.609350	5.550000000000001
25.257095	8.419032	192.609350	5.550000000000001
42.095159	8.419032	192.609350	5.550000000000001
58.933223	8.419032	192.609350	5.550000000000001
75.771286	8.419032	192.609350	5.550000000000001
92.609350	8.419032	192.609350	5.550000000000001
-92.609350	25.257095	192.609350	5.550000000000001
-75.771286	25.257095	192.609350	5.550000000000001
-58.933223	25.257095	192.609350	5.550000000000001
-42.095159	25.257095	192.609350	5.550000000000001
-25.257095	25.257095	192.609350	5.550000000000001
-8.419032	25.257095	192.609350	5.550000000000001
8.419032	25.257095	192.609350	5.550000000000001
25.257095	25.257095	192.609350	5.550000000000001
42.095159	25.257095	192.609350	5.550000000000001
58.933223	25.257095	192.609350	5.550000000000001
75.771286	25.257095	192.609350	5.550000000000001
92.609350	25.257095	192.609350	5.550000000000001
-92.609350	42.095159	192.609350	5.550000000000001
-75.771286	42.095159	192.609350	5.550000000000001
-58.933223	42.095159	192.609350	5.550000000000001
-42.095159	42.095159	192.609350	5.550000000000001
-25.257095	42.095159	192.609350	5.550000000000001
-8.419032	42.095159	192.609350	5.550000000000001
8.419032	42.095159	192.609350	5.550000000000001
25.257095	42.095159	192.609350	5.550000000000001
42.095159	42.095159	192.609350	5.550000000000001
58.933223	42.095159	192.609350	5.550000000000001
75.771286	42.095159	192.609350	5.550000000000001
92.609350	42.095159	192.609350	5.550000000000001
-92.609350	58.933223	192.609350	5.550000000000001
-75.771286	58.933223	192.609350	5.550000000000001
-58.933223	58.933223	192.609350	5.550000000000001
-42.095159	58.933223	192.609350	5.550000000000001
-25.257095	58.933223	192.609350	5.550000000000001
-8.419032	58.933223	192.609350	5.550000000000001
8.419032	58.933223	192.609350	5.550000000000001
25.257095	58.933223	192.609350	5.550000000000001
42.095159	58.933223	192.609350	5.550000000000001
58.933223	58.933223	192.609350	5.550000000000001
75.771286	58.933223	192.609350	5.550000000000001
92.609350	58.933223	192.609350	5.550000000000001
-92.609350	75.771286	192.609350	5.550000000000001
-75.771286	75.771286	192.609350	5.550000000000001
-58.933223	75.771286	192.609350	5.550000000000001
-42.095159	75.771286	192.609350	5.550000000000001
-25.257095	75.771286	192.609350	5.550000000000001
-8.419032	75.771286	192.609350	5.550000000000001
8.419032	75.771286	192.609350	5.550000000000001
25.257095	75.771286	192.609350	5.550000000000001
42.095159	75.771286	192.609350	5.550000000000001
58.933223	75.771286	192.609350	5.550000000000001
75.771286	75.771286	192.609350	5.550000000000001
92.609350	75.771286	192.609350	5.550000000000001
-92.609350	92.609350	192.609350	5.550000000000001
-75.771286	92.609350	192.609350	5.550000000000001
-58.933223	92.609350	192.609350	5.550000000000001
-42.095159	92.609350	192.609350	5.550000000000001
-25.257095	92.609350	192.609350	5.550000000000001
-8.419032	92.609350	192.609350	5.550000000000001
8.419032	92.609350	192.609350	5.550000000000001
25.257095	92.609350	192.609350	5.550000000000001
42.095159	92.609350	192.609350	5.550000000000001
58.933223	92.609350	192.609350	5.550000000000001
75.771286	92.609350	192.609350	5.550000000000001
92.609350	92.609350	192.609350	5.550000000000001
