4.764186250000000200e+01
5.672277499999999151e+01
3.874346249999999969e+01
3.263357500000000044e+01
2.913237499999999613e+01
2.620426249999999868e+01
2.309013750000000087e+01
2.040210000000000079e+01
1.829861249999999728e+01
1.635427499999999768e+01
1.435245000000000104e+01
1.209394999999999776e+01
1.027228750000000090e+01
7.155994999999999884e+00
5.741218750000000703e+00
5.088432499999999692e+00
4.467118750000000915e+00
4.026301250000000387e+00
3.685471249999999976e+00
3.417143750000000146e+00
3.196657500000000152e+00
3.014477499999999921e+00
2.752689999999999859e+00
2.462172499999999875e+00
2.241422500000000095e+00
2.067437500000000039e+00
1.920707500000000012e+00
1.797998750000000312e+00
1.693147500000000027e+00
1.603723750000000114e+00
1.522456250000000066e+00
1.450944999999999929e+00
1.386095000000000077e+00
1.327175000000000216e+00
1.252187500000000009e+00
1.163545000000000051e+00
1.087507499999999849e+00
1.021881249999999852e+00
9.723282500000001161e-01
9.439157500000000534e-01
9.077283750000000317e-01
8.595788749999998535e-01
8.160472500000000018e-01
7.779985000000000372e-01
7.409068749999999648e-01
7.167821250000000477e-01
7.013514999999999056e-01
6.860647500000000010e-01
6.707726250000000112e-01
6.607734999999999026e-01
6.561035000000000617e-01
6.515166249999999604e-01
6.468617500000000131e-01
6.422087499999999949e-01
6.375873749999999562e-01
6.329385000000000705e-01
6.282879999999999576e-01
6.236809999999999299e-01
6.190305000000001501e-01
6.144193749999999898e-01
6.097821250000000637e-01
6.051460000000000727e-01
6.004976250000000348e-01
5.958710000000000395e-01
5.877306249999999510e-01
5.761662499999998799e-01
5.645903749999999777e-01
5.529753750000000467e-01
5.387286249999999610e-01
5.220427499999999998e-01
5.052333749999999846e-01
4.882411249999999980e-01
4.714006250000000176e-01
4.515313749999999571e-01
4.283356249999999976e-01
4.050841250000000171e-01
3.854012500000000285e-01
3.682331249999999945e-01
3.539447499999999747e-01
3.388924999999999854e-01
3.226324999999999887e-01
3.085658749999999340e-01
2.954876249999999760e-01
2.841273750000000708e-01
2.730345000000000133e-01
2.613453749999999909e-01
2.501023749999999879e-01
2.401231249999999651e-01
2.310868750000000249e-01
2.252877499999999811e-01
2.216529999999999612e-01
2.150177499999999797e-01
1.987413749999999979e-01
1.794999999999999929e-01
1.655707499999999888e-01
1.432787500000000103e-01
1.247492499999999921e-01
1.150441249999999971e-01
1.025734999999999980e-01
9.368448750000001046e-02
8.915151250000000194e-02
8.556105000000001348e-02
8.105196250000000491e-02
7.858522499999999467e-02
7.224010000000000153e-02
6.294530000000000958e-02
5.611103750000000223e-02
4.973709999999999937e-02
4.581911249999999491e-02
4.359057500000000640e-02
4.121087500000000098e-02
3.964621249999999292e-02
3.853687500000000515e-02
3.758121249999999552e-02
3.669605000000000089e-02
3.575578749999999695e-02
3.550047499999999662e-02
3.536315000000000291e-02
3.545956249999999976e-02
3.616742500000000304e-02
3.804173749999999882e-02
4.207347499999999907e-02
4.962993749999999871e-02
5.904307499999999348e-02
6.515963749999999222e-02
7.446863750000000393e-02
8.699327500000000879e-02
9.900290000000000479e-02
1.191377499999999867e-01
1.564411249999999864e-01
2.505499999999999949e-01
4.071097499999999925e-01
6.730442500000000106e-01
1.966377499999999889e+00
2.605307499999999550e+02
1.492508750000000006e+01
6.954592499999999733e-01
2.884619999999999962e-01
1.565737499999999838e-01
1.178396250000000034e-01
9.515586249999999358e-02
7.827652499999999958e-02
6.925601250000000542e-02
6.291091249999999913e-02
6.783143750000000805e-02
8.302780000000001270e-02
1.134733749999999874e-01
1.958432499999999965e-01
5.672983750000000214e-01
8.579419999999998936e+01
1.726652500000000146e+02
8.973053750000000717e-01
9.370819999999999150e-02
4.231789999999999163e-02
3.865076250000001185e-02
4.530988749999998788e+00
7.798281249999999831e-02
1.035011000000000081e+01
2.453305000000000069e-01
3.376485000000000269e+01
1.499536250000000071e-01
1.105209750000000035e+01
6.556641249999999310e+00
1.274688750000000093e-01
3.702590000000000714e+00
3.417242499999999961e+00
3.193014999999999937e+00
2.759419999999999984e+00
2.111149999999999860e+00
1.852051250000000149e+00
1.665346250000000028e+00
1.533584999999999976e+00
1.271521249999999936e+00
1.159376249999999997e+00
1.098857500000000043e+00
9.848287500000000305e-01
8.547163750000001947e-01
7.753667499999999935e-01
6.568708749999999652e-01
5.090213749999999981e-01
4.333170000000000077e-01
3.666072499999999956e-01
2.990897499999999876e-01
1.831434999999999869e-01
1.216081249999999836e-01
7.715453750000000888e-02
4.483397499999999813e-02
3.978153750000000544e-02
3.655986249999999826e-02
2.986098750000000177e-02
2.619918749999999852e-02
2.498983750000000059e-02
2.363910000000000317e-02
2.148267499999999969e-02
1.801556250000000206e-02
1.615562499999999985e-02
1.353858750000000097e-02
1.072617499999999925e-02
9.515478750000000430e-03
8.973593749999999800e-03
8.741815000000000002e-03
8.688740000000000352e-03
8.634152500000000577e-03
8.599171249999999073e-03
8.510385000000000519e-03
8.404711250000000342e-03
8.333493749999998715e-03
8.190238750000000331e-03
8.077997499999999692e-03
7.964474999999998639e-03
7.761622500000000743e-03
7.600437499999999555e-03
7.529344999999999788e-03
7.498559999999999601e-03
7.463017499999999478e-03
7.376535000000000904e-03
7.398894999999999951e-03
7.360063749999999627e-03
7.137325000000000787e-03
6.972238749999999131e-03
6.789872499999999485e-03
6.623413749999999475e-03
6.399912500000000393e-03
5.951355000000000187e-03
4.886100000000000859e-03
4.029421249999999913e-03
3.409104999999999948e-03
1.973495000000000457e-03
8.992878749999999978e-04
4.476918749999999800e-04
2.288663750000000064e-04
2.838376249999999962e-04
4.679577500000000039e-04
1.361152499999999975e-04
1.290338749999999962e-04
1.115440000000000013e-04
3.340100000000000089e-05
2.052299999999999985e-05
