5.853787499999999966e+01
7.142173749999999188e+01
5.022278750000000258e+01
4.318192499999999256e+01
3.919711249999999580e+01
3.589821249999999964e+01
3.242742499999999950e+01
2.946279999999999788e+01
2.716652500000000359e+01
2.506287499999999824e+01
2.291442500000000138e+01
2.051476249999999979e+01
1.859548750000000084e+01
1.535069999999999979e+01
1.388973750000000074e+01
1.321939999999999849e+01
1.258284999999999876e+01
1.213203749999999914e+01
1.178388749999999874e+01
1.150993749999999771e+01
1.128490000000000038e+01
1.109897500000000115e+01
1.083176250000000174e+01
1.053500000000000014e+01
1.030916249999999934e+01
1.013078750000000028e+01
9.980112499999998832e+00
9.853780000000000427e+00
9.745543749999997729e+00
9.652937500000000171e+00
9.568590000000000373e+00
9.494141250000000198e+00
9.426443750000000676e+00
9.364748750000000399e+00
9.285832499999997935e+00
9.192046250000000640e+00
9.111073750000000970e+00
9.040658750000000410e+00
8.987484999999999502e+00
8.956779999999998410e+00
8.917268749999998079e+00
8.864700000000000912e+00
8.816827499999998707e+00
8.774577499999999475e+00
8.733325000000000671e+00
8.706160000000000565e+00
8.688723749999999413e+00
8.671450000000000102e+00
8.654168750000000188e+00
8.642800000000001148e+00
8.637383750000001470e+00
8.632065000000000765e+00
8.626665000000000916e+00
8.621269999999999101e+00
8.615910000000001290e+00
8.610517500000000268e+00
8.605126249999999644e+00
8.599783750000000282e+00
8.594388750000000243e+00
8.589041250000001071e+00
8.583662500000000861e+00
8.578284999999999272e+00
8.572894999999999044e+00
8.567527500000000629e+00
8.558088749999999578e+00
8.544674999999999798e+00
8.531251250000000397e+00
8.517780000000000129e+00
8.500906249999999886e+00
8.480858749999999446e+00
8.460661250000001132e+00
8.440246249999999506e+00
8.420010000000001327e+00
8.395661249999999853e+00
8.366817499999999797e+00
8.337886250000000388e+00
8.312846249999999770e+00
8.290727499999999139e+00
8.272317499999999768e+00
8.252406249999999943e+00
8.230537500000000506e+00
8.211616250000000505e+00
8.194023750000001272e+00
8.178323750000000558e+00
8.162607500000000016e+00
8.146047499999999886e+00
8.130108749999999773e+00
8.115506249999999255e+00
8.102009999999999934e+00
8.093350000000000932e+00
8.087922500000001236e+00
8.077994999999997816e+00
8.052576250000001323e+00
8.021717500000001166e+00
7.998468750000000682e+00
7.958756250000000421e+00
7.923892500000000894e+00
7.904438750000000624e+00
7.877815000000000012e+00
7.857583749999999867e+00
7.846692499999999626e+00
7.837608750000000235e+00
7.826082500000000053e+00
7.819297500000000234e+00
7.800839999999999996e+00
7.770988749999999889e+00
7.745513750000000641e+00
7.717084999999999972e+00
7.696052499999999519e+00
7.681953750000000802e+00
7.664064999999999905e+00
7.650118749999999856e+00
7.638248749999998921e+00
7.624245000000000161e+00
7.608103750000000609e+00
7.586513749999999057e+00
7.569417499999999244e+00
7.557193749999999710e+00
7.541187500000000377e+00
7.517303749999999951e+00
7.481347500000000039e+00
7.432203750000000220e+00
7.375656250000000469e+00
7.325511249999999919e+00
7.299723750000000067e+00
7.267465000000000508e+00
7.231397499999999923e+00
7.203366250000000193e+00
7.164792499999999009e+00
7.112994999999999735e+00
7.035565000000000069e+00
6.988846249999999927e+00
6.997614999999999696e+00
7.649812499999999460e+00
2.949800000000000182e+02
2.735955000000000226e+01
9.313092499999999774e+00
8.388996249999999932e+00
7.990708749999999583e+00
7.836173749999999494e+00
7.719804999999999140e+00
7.608837499999999032e+00
7.521683750000000224e+00
7.341263749999999533e+00
7.157362500000000516e+00
6.999713750000000623e+00
6.798518750000000388e+00
6.507222499999999243e+00
6.100142499999999579e+00
2.035738749999999868e+02
4.473949999999999818e+02
1.326270000000000060e+01
8.883797500000000014e+00
8.137096250000000808e+00
7.791618749999999594e+00
1.214293749999999861e+01
7.636973750000000116e+00
3.867851250000000363e+01
6.466272499999999646e+00
1.034324249999999950e+02
1.063673750000000062e+01
2.972409999999999997e+01
4.371349999999999625e+01
9.171989999999999199e+00
2.149447499999999778e+01
2.931066249999999940e+01
2.841525000000000034e+01
2.668382499999999524e+01
2.404021250000000265e+01
2.273547500000000099e+01
2.177696249999999978e+01
2.110055000000000192e+01
1.973695000000000022e+01
1.908427499999999810e+01
1.870083750000000222e+01
1.797836249999999936e+01
1.710443749999999952e+01
1.653709999999999880e+01
1.563176249999999889e+01
1.441995000000000182e+01
1.375299999999999834e+01
1.313232500000000158e+01
1.246886250000000018e+01
1.163083750000000016e+01
1.114645000000000152e+01
1.066740000000000066e+01
1.015463749999999798e+01
9.946016249999999559e+00
9.699417499999999137e+00
9.187964999999998383e+00
8.922541250000000090e+00
8.848002499999999770e+00
8.764747500000000358e+00
8.631833750000000194e+00
8.215908750000000538e+00
7.769921250000000335e+00
7.142388750000000286e+00
6.445253750000000004e+00
6.142428749999999660e+00
6.058426250000000124e+00
6.053810000000000358e+00
6.066027500000000572e+00
6.084270000000000067e+00
6.116662499999999447e+00
6.172620000000000218e+00
6.229256250000000605e+00
6.267425000000001134e+00
6.344203750000001030e+00
6.404361250000000005e+00
6.465204999999999202e+00
6.573922500000000113e+00
6.660316249999999272e+00
6.700766250000000035e+00
6.722878749999999570e+00
6.748411249999999306e+00
6.811598750000000813e+00
6.892361250000001327e+00
6.956953750000000269e+00
6.990242500000000803e+00
7.006484999999999630e+00
7.012251250000000269e+00
7.013172499999999587e+00
7.012566249999999890e+00
6.924671250000000278e+00
6.706969999999999210e+00
6.478021249999999398e+00
6.254376249999999970e+00
5.598091249999999519e+00
4.927626249999999430e+00
4.525032500000000013e+00
4.289193750000000804e+00
4.446234999999999715e+00
4.703552500000000691e+00
1.233288750000000045e+00
1.241087499999999899e+00
1.247568750000000115e+00
6.213812499999999961e-01
6.108412500000000023e-01
