1.089602500000000163e+01
1.469898749999999943e+01
1.147932499999999933e+01
1.054831250000000153e+01
1.006473750000000145e+01
9.693943750000000747e+00
9.337277500000000785e+00
9.060717499999999092e+00
8.867916250000000389e+00
8.708617500000000788e+00
8.561986250000000354e+00
8.420796250000000427e+00
8.323183749999998327e+00
8.194713750000000019e+00
8.148521249999999938e+00
8.130991249999999226e+00
8.115740000000000620e+00
8.105747499999999661e+00
8.098411249999999839e+00
8.092805000000000248e+00
8.088256250000000591e+00
8.084501249999998862e+00
8.079062500000000924e+00
8.072816250000000693e+00
8.067731249999999577e+00
8.063362500000000210e+00
8.059402500000000913e+00
8.055781250000000782e+00
8.052395000000000636e+00
8.049212499999999437e+00
8.046136249999999990e+00
8.043194999999998984e+00
8.040351250000000505e+00
8.037572499999999565e+00
8.033644999999999925e+00
8.028500000000001080e+00
8.023566250000000011e+00
8.018773749999999367e+00
8.015157499999999047e+00
8.012861250000000268e+00
8.009540000000001214e+00
8.005119999999999791e+00
8.000781249999999289e+00
7.996581250000000196e+00
7.992416249999999778e+00
7.989377499999998911e+00
7.987372500000000208e+00
7.985382500000000938e+00
7.983396250000000194e+00
7.982027500000000053e+00
7.981280000000000818e+00
7.980547500000000127e+00
7.979806250000000212e+00
7.979059999999998709e+00
7.978321249999998699e+00
7.977578750000000163e+00
7.976836250000000739e+00
7.976101250000000142e+00
7.975357499999999433e+00
7.974620000000000708e+00
7.973881249999999810e+00
7.973140000000000782e+00
7.972396249999999185e+00
7.971658750000000460e+00
7.970357499999999540e+00
7.968511250000000601e+00
7.966660000000000075e+00
7.964804999999999247e+00
7.962177499999999242e+00
7.958816249999999926e+00
7.955427499999999874e+00
7.952003749999999371e+00
7.948611250000000794e+00
7.944131250000000755e+00
7.938483750000000505e+00
7.932802499999999313e+00
7.927443750000000122e+00
7.922496250000000018e+00
7.918373749999999767e+00
7.913515000000000299e+00
7.907904999999999518e+00
7.903052500000000258e+00
7.898537499999999767e+00
7.894193750000000342e+00
7.889573750000000274e+00
7.884704999999998520e+00
7.880006250000000989e+00
7.875382500000000618e+00
7.870922500000000710e+00
7.868062499999998849e+00
7.866270000000000095e+00
7.862975000000000492e+00
7.853832500000000216e+00
7.842217499999999397e+00
7.832898750000000909e+00
7.815479999999999094e+00
7.799142500000000311e+00
7.789393749999999450e+00
7.775241250000000548e+00
7.763896249999999277e+00
7.757539999999999658e+00
7.752046249999999361e+00
7.745030000000000747e+00
7.740712500000000773e+00
7.728599999999999248e+00
7.708040000000000447e+00
7.689403749999999427e+00
7.667344999999999189e+00
7.650232500000000435e+00
7.638361249999999103e+00
7.622856249999999889e+00
7.610472499999999307e+00
7.599712499999998983e+00
7.586662500000000975e+00
7.571407499999999402e+00
7.550757499999999567e+00
7.533917500000000267e+00
7.521832500000000366e+00
7.505727499999999885e+00
7.481137499999999108e+00
7.443306250000000013e+00
7.390128749999999691e+00
7.326023750000000945e+00
7.266467499999999191e+00
7.234563749999999516e+00
7.192996250000000202e+00
7.144403750000000386e+00
7.104362500000000580e+00
7.045656249999998622e+00
6.956552500000000805e+00
6.785016250000000859e+00
6.581738750000000415e+00
6.324569999999999581e+00
5.683436249999999745e+00
3.444923750000000240e+01
1.243447499999999906e+01
8.617632499999999141e+00
8.100534999999998931e+00
7.834135000000000737e+00
7.718333749999999327e+00
7.624648749999999531e+00
7.530561250000000761e+00
7.452427499999999760e+00
7.278351250000000050e+00
7.089528750000000379e+00
6.916685000000000194e+00
6.685047500000000475e+00
6.311381250000000165e+00
5.532841250000000599e+00
1.177795000000000130e+02
2.747293750000000045e+02
1.236542499999999833e+01
8.790088750000000672e+00
8.094630000000000436e+00
7.752827499999999539e+00
7.611801249999999186e+00
7.558854999999999436e+00
2.832828749999999829e+01
6.220853750000000737e+00
6.966747500000001025e+01
1.048668750000000038e+01
1.867192500000000166e+01
3.715681250000000091e+01
9.044465000000000643e+00
1.779185000000000016e+01
2.589339999999999620e+01
2.522223750000000209e+01
2.392438750000000169e+01
2.192902499999999932e+01
2.088342499999999546e+01
2.011161249999999967e+01
1.956692500000000123e+01
1.846538749999999851e+01
1.792486249999999970e+01
1.760198749999999990e+01
1.699352499999999822e+01
1.624971250000000111e+01
1.576172500000000198e+01
1.497488749999999769e+01
1.391092500000000065e+01
1.331964999999999932e+01
1.276573749999999841e+01
1.216976250000000093e+01
1.143593749999999964e+01
1.099011250000000040e+01
1.051957499999999968e+01
9.855113750000001005e+00
9.524146249999999370e+00
9.215158749999998733e+00
8.574100000000001387e+00
8.239160000000000039e+00
8.142887500000000500e+00
8.035360000000000724e+00
7.863696249999999388e+00
7.397768750000000892e+00
6.938513750000000258e+00
6.292312500000000419e+00
5.549367499999999787e+00
5.170379999999999754e+00
5.006292499999999812e+00
4.942943750000000414e+00
4.928582500000000088e+00
4.914731250000000884e+00
4.909216250000000059e+00
4.935497499999999427e+00
4.977730000000000210e+00
5.006192500000000045e+00
5.056671249999999951e+00
5.069625000000000270e+00
5.059343750000000028e+00
5.040537500000000115e+00
4.967807500000000154e+00
4.914231250000000273e+00
4.914082500000001019e+00
4.913071249999999779e+00
4.910683750000000458e+00
4.917284999999999684e+00
4.932415000000000660e+00
4.899257500000000043e+00
4.876381250000000556e+00
4.850581250000000288e+00
4.825808750000000202e+00
4.787703750000000369e+00
4.609913749999999588e+00
4.206414999999999793e+00
3.830880000000000063e+00
3.518286250000000059e+00
2.722910000000000164e+00
2.062352500000000255e+00
1.943183750000000209e+00
2.034904999999999742e+00
2.230103750000000051e+00
2.555561250000000229e+00
7.061724999999999808e-01
7.144062500000000204e-01
7.210600000000000342e-01
3.589674999999999949e-01
3.504312500000000274e-01
