1.608299999999999955e+03
1.915167500000000018e+03
1.308400000000000091e+03
1.102251250000000027e+03
9.841381249999999454e+02
8.853747500000000628e+02
7.803606249999999136e+02
6.897398750000000973e+02
6.188507499999999482e+02
5.533530000000000655e+02
4.859551250000000095e+02
4.099907499999999345e+02
3.488013750000000073e+02
2.445152499999999804e+02
1.974143750000000068e+02
1.758264999999999816e+02
1.553906250000000000e+02
1.409838750000000118e+02
1.299127500000000168e+02
1.212521249999999924e+02
1.141816249999999968e+02
1.083794999999999931e+02
1.001062500000000028e+02
9.103243750000001455e+01
8.424147500000000832e+01
7.897328749999999786e+01
7.459023750000000064e+01
7.102029999999999177e+01
6.803743749999999579e+01
6.539435000000000286e+01
6.308233750000000128e+01
6.109058749999999804e+01
5.930932500000000118e+01
5.771387500000000159e+01
5.572777500000000117e+01
5.343664999999999310e+01
5.152708750000000038e+01
4.993532499999999885e+01
4.873331249999999670e+01
4.806742500000000007e+01
4.726028749999999690e+01
4.618636249999999421e+01
4.525245000000000317e+01
4.447923750000000354e+01
4.373362500000000352e+01
4.328575000000000728e+01
4.300626249999999828e+01
4.272937499999999034e+01
4.245242499999999808e+01
4.227992499999999865e+01
4.221284999999999599e+01
4.214693749999999994e+01
4.208008749999999765e+01
4.201323750000000246e+01
4.194683749999999378e+01
4.188007500000000505e+01
4.181326249999999334e+01
4.174707499999999527e+01
4.168026249999999777e+01
4.161402499999999804e+01
4.154741249999999297e+01
4.148080000000000211e+01
4.141401249999999834e+01
4.134756250000000222e+01
4.123062500000000341e+01
4.106448749999999848e+01
4.089818750000000591e+01
4.073132499999999823e+01
4.057938750000000283e+01
4.044412499999999966e+01
4.030788749999999965e+01
4.017016250000000355e+01
4.003367500000000234e+01
3.996348750000000649e+01
3.996090000000000231e+01
3.996320000000000050e+01
4.009912500000000080e+01
4.028542499999999649e+01
4.044046250000000242e+01
4.077277499999999577e+01
4.125033750000000055e+01
4.166346250000000140e+01
4.204816250000000366e+01
4.257593750000000199e+01
4.326845000000000141e+01
4.399816249999999940e+01
4.470866249999999553e+01
4.564622500000000116e+01
4.667767499999999359e+01
4.733961250000000121e+01
4.775451250000000414e+01
4.852943750000000023e+01
5.149516249999999928e+01
5.606517499999999643e+01
6.074663750000000562e+01
7.437254999999998972e+01
9.401568750000001273e+01
1.134342500000000058e+02
1.615974999999999966e+02
2.299102499999999907e+02
2.978402499999999691e+02
3.920736249999999927e+02
6.028585000000000491e+02
8.470193749999999682e+02
1.355245000000000073e+04
8.340452500000001237e+03
3.400673749999999700e+02
9.703213750000001880e+01
4.610483750000000214e+01
3.196285000000000309e+01
2.079556250000000261e+01
1.554245000000000054e+01
1.235030000000000072e+01
9.613160000000000593e+00
7.383641250000000156e+00
5.427693749999999540e+00
4.322862499999999386e+00
3.744648750000000526e+00
3.150185000000000013e+00
2.503646250000000073e+00
1.872478749999999970e+00
1.360449999999999937e+00
1.033679999999999932e+00
8.571427500000000643e-01
7.908912499999999346e-01
7.299375000000000169e-01
6.729506249999999135e-01
6.395751250000000221e-01
5.992184999999999873e-01
5.594624999999999737e-01
5.119583750000000766e-01
4.820957500000000451e-01
4.610162500000000163e-01
4.394286249999999616e-01
4.111441249999999714e-01
3.877647500000000469e-01
3.699006249999999829e-01
3.520170000000000243e-01
3.400366249999999813e-01
3.332423749999999796e-01
3.267921250000000444e-01
3.253298750000000461e-01
3.264577499999999910e-01
3.881637500000000296e-01
1.034594999999999931e+00
6.259015000000000839e+01
5.450895000000000046e-01
5.122495000000000243e-01
7.127008750000000115e-01
1.289963750000000076e+00
2.452835000000000321e+00
2.761726250000000391e+02
3.861818749999999412e+00
4.484063750000000237e-01
2.420541250000000366e-01
1.892738749999999803e-01
1.747507500000000102e-01
2.721509999999999962e+01
2.588019999999999765e+00
1.239590000000000136e-01
1.355251249999999685e-01
2.754518749999999727e+01
6.156175000000000397e-01
1.205578750000000088e-01
9.703129999999999811e+00
6.158222499999999933e+00
4.237843749999999771e-02
4.153005000000000280e+00
4.003260000000000041e+00
2.559269999999999712e+00
4.442011250000000189e+00
1.591458750000000144e+00
1.009054250000000152e+00
9.682776250000000307e-01
1.413122500000000059e+00
1.547369999999999912e+00
1.086065000000000058e+00
3.586216250000000549e-01
8.914473750000000418e-01
9.714603749999999316e-01
8.582191250000000826e-01
7.574395000000000433e-01
6.524908750000000257e-01
5.505856249999999674e-01
4.746417500000000289e-01
4.102890000000000148e-01
3.636992499999999739e-01
3.503841249999999352e-01
3.363114999999999855e-01
3.140824999999999867e-01
3.009864999999999902e-01
2.954246249999999963e-01
2.893785000000000385e-01
2.819553750000000081e-01
2.648707499999999881e-01
2.196334999999999815e-01
1.738511250000000230e-01
1.457689999999999819e-01
1.305200000000000249e-01
1.233403749999999882e-01
1.193699999999999900e-01
1.182172499999999959e-01
1.168137499999999940e-01
1.151177499999999909e-01
1.135351250000000006e-01
1.125176250000000100e-01
1.118321249999999906e-01
1.111577499999999857e-01
1.108448750000000094e-01
1.104011249999999889e-01
1.091837499999999961e-01
1.061743750000000014e-01
1.041077499999999989e-01
1.026893749999999994e-01
1.009251250000000044e-01
9.612127500000000602e-02
8.582633750000000228e-02
7.669146250000000165e-02
7.280595000000000816e-02
7.037303749999999913e-02
6.804163750000000177e-02
6.604060000000000485e-02
6.427222499999998839e-02
5.714802500000000507e-02
4.569767499999999316e-02
3.752443750000000050e-02
3.054887500000000311e-02
1.649275000000000047e-02
7.312394999999999312e-03
3.762599999999999625e-03
1.272410000000000077e-03
7.362348749999999718e-04
7.262061250000000079e-04
2.077032499999999769e-04
2.014475000000000055e-04
1.830585000000000025e-04
5.737687500000000112e-05
3.630187499999999707e-05
