1.612292500000000018e+03
1.920590000000000146e+03
1.312659999999999854e+03
1.106178750000000036e+03
9.878921250000000782e+02
8.889971249999999827e+02
7.838575000000000728e+02
6.931388750000000982e+02
6.221828750000000809e+02
5.566302499999999327e+02
4.891826250000000300e+02
4.131721250000000509e+02
3.519537500000000136e+02
2.476432499999999948e+02
2.005457499999999982e+02
1.789681249999999864e+02
1.585488750000000095e+02
1.441606250000000102e+02
1.331091250000000059e+02
1.244691250000000053e+02
1.174196249999999822e+02
1.116388749999999845e+02
1.034035000000000082e+02
9.438577499999999532e+01
8.765168750000000841e+01
8.244171250000000839e+01
7.811775000000000091e+01
7.460812499999998693e+01
7.168651250000000630e+01
6.910567500000000507e+01
6.685682500000000061e+01
6.492919999999999447e+01
6.321292499999999848e+01
6.168359999999999843e+01
5.979731249999999676e+01
5.764530000000000598e+01
5.587934999999999519e+01
5.443665000000000731e+01
5.334723749999999853e+01
5.275811250000000285e+01
5.207037499999999852e+01
5.115531250000000796e+01
5.038788749999999084e+01
4.978678750000000264e+01
4.921459999999999724e+01
4.890521249999999043e+01
4.871920000000000073e+01
4.853491250000000434e+01
4.835053750000000150e+01
4.824540000000000362e+01
4.822031249999999858e+01
4.819565000000000055e+01
4.817066249999999883e+01
4.814561249999999859e+01
4.812081249999999955e+01
4.809582499999999072e+01
4.807082500000000636e+01
4.804607500000000186e+01
4.802108750000000015e+01
4.799629999999999797e+01
4.797138749999999163e+01
4.794650000000000034e+01
4.792150000000000176e+01
4.789662500000000023e+01
4.785290000000000532e+01
4.779075000000000273e+01
4.772854999999999848e+01
4.766611249999999700e+01
4.768801249999999925e+01
4.779344999999999288e+01
4.789969999999999573e+01
4.800709999999999411e+01
4.811348750000000507e+01
4.841591249999999746e+01
4.892336250000000319e+01
4.944188749999999999e+01
5.014997499999999775e+01
5.090363750000000209e+01
5.153085000000000093e+01
5.254118750000000659e+01
5.387786250000000621e+01
5.503418750000000159e+01
5.611056250000000034e+01
5.745818749999999397e+01
5.915165000000000362e+01
6.093616249999999468e+01
6.267142499999999927e+01
6.488559999999999661e+01
6.729120000000000346e+01
6.883503749999999854e+01
6.980264999999999986e+01
7.160867499999999097e+01
7.844441249999999854e+01
8.897867500000000973e+01
9.979946250000001839e+01
1.318573749999999905e+02
1.790930000000000177e+02
2.270792500000000018e+02
3.497226249999999936e+02
5.285229999999999109e+02
7.106541250000000218e+02
9.678095000000000709e+02
1.554248749999999973e+03
2.244837500000000091e+03
4.062546250000000146e+04
2.607061250000000291e+04
1.259421250000000100e+03
4.199181250000000318e+02
2.301138750000000357e+02
1.733728749999999650e+02
1.263902500000000089e+02
1.029715000000000060e+02
8.810316249999999627e+01
7.476816250000000252e+01
6.333583749999999668e+01
5.262601250000000164e+01
4.620497500000000457e+01
4.264383749999999651e+01
3.881851249999999709e+01
3.440019999999999811e+01
2.970098749999999654e+01
2.544571250000000262e+01
2.237375000000000114e+01
2.052482499999999987e+01
1.978428749999999781e+01
1.905201250000000002e+01
1.834626250000000169e+01
1.790426250000000152e+01
1.736214999999999975e+01
1.678427500000000094e+01
1.605624999999999858e+01
1.556541249999999899e+01
1.519382500000000036e+01
1.479367499999999858e+01
1.422056249999999977e+01
1.367311250000000022e+01
1.318869999999999898e+01
1.268263750000000023e+01
1.218740000000000023e+01
1.185647500000000143e+01
1.150471250000000190e+01
1.109853749999999906e+01
1.070490000000000030e+01
9.694980000000001041e+00
8.658691250000000394e+00
7.504438749999999914e+01
8.198379999999998446e+00
6.719854999999999912e+00
5.102332500000000159e+00
3.503233749999999702e+00
2.912146250000000158e+00
1.144826249999999845e+03
4.517629999999999768e+01
1.739607499999999973e+01
1.360378749999999926e+01
1.193657499999999949e+01
1.109503750000000011e+01
7.287098749999999825e+01
1.451093749999999893e+01
7.564933749999999790e+00
6.033820000000000405e+00
2.149813749999999857e+02
2.074569999999999936e+01
7.307795000000000485e+00
4.115713749999999749e+01
3.503132499999999538e+01
5.943934999999999746e+00
7.489670000000000982e+01
3.020366250000000008e+01
3.818612500000000409e+01
3.353196249999999878e+01
2.614168749999999619e+01
1.591661249999999939e+01
1.348590000000000089e+01
1.384702500000000214e+01
3.360864999999999725e+01
2.581690000000000040e+01
1.268900000000000006e+01
2.117238749999999925e+01
1.706137499999999818e+01
1.598066250000000110e+01
1.498209999999999731e+01
1.392661249999999917e+01
1.289765000000000050e+01
1.212561250000000079e+01
1.144302500000000045e+01
1.091821249999999921e+01
1.075580000000000069e+01
1.057661249999999953e+01
1.026459999999999972e+01
1.006366250000000129e+01
9.966697500000000431e+00
9.860027500000001055e+00
9.712989999999999569e+00
9.350911249999999342e+00
8.952717500000000328e+00
8.505306250000000290e+00
8.031712500000001143e+00
7.641343749999999879e+00
7.434967499999999951e+00
7.319727499999999054e+00
7.291017500000000595e+00
7.256046249999998921e+00
7.213805000000000689e+00
7.174834999999999852e+00
7.150157499999998834e+00
7.133528749999999974e+00
7.114301250000000465e+00
7.103583749999999419e+00
7.097067500000000528e+00
7.094677500000000414e+00
7.093427500000000663e+00
7.092793750000000230e+00
7.092360000000000220e+00
7.091856249999999307e+00
7.090611249999999366e+00
7.088636250000001304e+00
7.086508750000000134e+00
7.081331249999999855e+00
7.071596249999999806e+00
7.063251249999999537e+00
7.056498749999999376e+00
7.036082500000000017e+00
6.958223750000000152e+00
6.739113750000000458e+00
6.512061250000001245e+00
6.308387500000000259e+00
5.707102499999999523e+00
5.127055000000000362e+00
4.850702499999999695e+00
4.714523749999999680e+00
4.800912499999999916e+00
4.976181249999999778e+00
1.284203750000000088e+00
1.289033749999999978e+00
1.294037499999999952e+00
6.468987499999999669e-01
6.416724999999999790e-01
