3.992519999999999847e+00
5.422711250000000760e+00
4.259908749999999245e+00
3.926533750000000378e+00
3.754182500000000200e+00
3.622556250000000144e+00
3.496528749999999963e+00
3.399352500000000443e+00
3.332123750000000051e+00
3.277162499999999756e+00
3.227396249999999966e+00
3.181415000000000326e+00
3.152061250000000037e+00
3.128096250000000023e+00
3.131373749999999845e+00
3.141521249999999821e+00
3.158269999999999911e+00
3.176795000000000258e+00
3.196588749999999646e+00
3.216997500000000176e+00
3.237982500000000208e+00
3.259396249999999995e+00
3.297562500000000618e+00
3.353311249999999966e+00
3.410219999999999807e+00
3.468413749999999851e+00
3.527497499999999953e+00
3.587816249999999929e+00
3.649093750000000025e+00
3.711311250000000062e+00
3.774491250000000520e+00
3.838614999999999444e+00
3.903581249999999780e+00
3.969746250000000476e+00
4.069530000000000314e+00
4.208679999999999310e+00
4.352266249999999559e+00
4.501329999999999387e+00
4.613887500000000585e+00
4.690671250000000292e+00
4.810072500000000417e+00
4.968943749999999326e+00
5.135441249999999513e+00
5.307543749999998894e+00
5.480962500000000404e+00
5.619486250000000460e+00
5.712938750000000176e+00
5.805521249999999966e+00
5.898138749999999320e+00
5.965465000000000018e+00
6.007458749999999625e+00
6.048705000000000886e+00
6.090561250000000371e+00
6.132402499999999534e+00
6.173957500000000209e+00
6.215759999999999508e+00
6.257578750000000412e+00
6.299005000000000187e+00
6.340826250000000996e+00
6.382288750000000732e+00
6.423986250000000453e+00
6.465676250000000458e+00
6.507473749999999946e+00
6.549080000000000013e+00
6.622279999999999944e+00
6.726268750000000018e+00
6.830357500000000748e+00
6.934802499999999092e+00
7.108645000000000103e+00
7.349333749999999554e+00
7.591794999999999405e+00
7.836901249999998598e+00
8.079816249999998590e+00
8.452407499999999629e+00
8.962452499999999489e+00
9.478678749999998487e+00
1.005082499999999968e+01
1.061821250000000028e+01
1.109039999999999893e+01
1.176841250000000016e+01
1.262751249999999992e+01
1.337072499999999842e+01
1.406241250000000065e+01
1.488226249999999951e+01
1.588321249999999907e+01
1.693798750000000197e+01
1.796277500000000060e+01
1.923939999999999628e+01
2.061355000000000004e+01
2.149542500000000089e+01
2.204813749999999928e+01
2.307926250000000223e+01
2.694924999999999926e+01
3.291353750000000389e+01
3.905282499999999857e+01
5.748483750000000470e+01
8.507731250000000500e+01
1.136452499999999901e+02
1.881250000000000000e+02
2.986127500000000055e+02
4.128138749999999959e+02
5.757359999999999900e+02
9.513906250000000000e+02
1.397817499999999882e+03
2.707301249999999709e+04
1.773016250000000218e+04
9.193541250000000673e+02
3.228858749999999986e+02
1.840092499999999802e+02
1.414099999999999966e+02
1.055946250000000077e+02
8.742902499999999577e+01
7.575286250000000621e+01
6.515500000000000114e+01
5.595218749999999375e+01
4.719832499999999698e+01
4.188212500000000205e+01
3.889918749999999648e+01
3.566834999999999667e+01
3.189656250000000171e+01
2.782851249999999865e+01
2.408527499999999577e+01
2.134010000000000318e+01
1.966769999999999996e+01
1.899338750000000431e+01
1.832206250000000125e+01
1.767331250000000153e+01
1.726469999999999771e+01
1.676293749999999960e+01
1.622481250000000230e+01
1.554428750000000115e+01
1.508333750000000073e+01
1.473281250000000142e+01
1.435422499999999957e+01
1.380941250000000053e+01
1.328532500000000027e+01
1.281878749999999911e+01
1.233061250000000086e+01
1.184736249999999913e+01
1.152322500000000005e+01
1.117792500000000189e+01
1.077322500000000005e+01
1.037845000000000084e+01
9.306814999999998506e+00
7.624093750000000114e+00
1.245423749999999963e+01
7.653291250000000545e+00
6.207603750000000531e+00
4.389630000000000365e+00
2.213268749999999674e+00
4.593112500000000042e-01
8.686518750000000182e+02
4.131447500000000161e+01
1.694763749999999902e+01
1.336171250000000121e+01
1.174728750000000055e+01
1.092027500000000018e+01
4.565587500000000176e+01
1.192291249999999891e+01
7.440975000000000783e+00
5.898293750000000557e+00
1.874363749999999982e+02
2.013008750000000191e+01
7.187235000000000262e+00
3.145400000000000063e+01
2.887307500000000360e+01
5.901557500000000900e+00
7.074371250000000089e+01
2.620040000000000191e+01
3.562687499999999829e+01
2.908997499999999903e+01
2.455021250000000066e+01
1.490754999999999875e+01
1.251761250000000025e+01
1.243388749999999909e+01
3.206129999999999569e+01
2.473082499999999939e+01
1.233037499999999831e+01
2.028096250000000111e+01
1.608992500000000092e+01
1.512244999999999884e+01
1.422466250000000088e+01
1.327411250000000109e+01
1.234706249999999983e+01
1.165096249999999856e+01
1.103275000000000006e+01
1.055452499999999993e+01
1.040539999999999843e+01
1.024028749999999910e+01
9.950528750000001921e+00
9.762673749999999373e+00
9.671271250000000208e+00
9.570648750000000149e+00
9.431032499999998819e+00
9.081513749999999163e+00
8.611353749999999252e+00
8.048941250000000380e+00
7.429034999999999833e+00
6.871786250000000429e+00
6.525874999999999204e+00
6.312753750000000608e+00
6.242855000000000487e+00
6.157725000000000115e+00
6.054886249999999137e+00
5.935416249999999394e+00
5.839117500000000405e+00
5.774222500000000480e+00
5.673012499999998681e+00
5.602677499999999533e+00
5.496196249999999672e+00
5.350926250000000550e+00
5.265666250000000659e+00
5.201951250000000471e+00
5.158211249999999914e+00
5.124979999999999869e+00
5.061504999999999477e+00
4.915067499999999256e+00
4.769536249999999811e+00
4.721306249999999594e+00
4.645937500000000497e+00
4.581294999999999007e+00
4.542331250000000153e+00
4.481564999999999799e+00
4.334996249999999662e+00
4.023963750000000061e+00
3.776502500000000317e+00
3.558168750000000102e+00
2.982331250000000100e+00
2.447530000000000427e+00
2.176232500000000236e+00
2.064795000000000158e+00
2.225332500000000380e+00
2.493015000000000203e+00
6.785750000000000393e-01
6.857462500000000016e-01
6.935649999999999871e-01
3.486112499999999836e-01
3.442062499999999914e-01
