1.395250000000000057e+02
1.690787500000000136e+02
1.178524999999999920e+02
1.006546124999999989e+02
9.085490000000000066e+01
8.269335000000000946e+01
7.404881249999999682e+01
6.661494999999999322e+01
6.081777500000000458e+01
5.547481249999999875e+01
4.998803750000000434e+01
4.381810000000000116e+01
3.885636249999999592e+01
3.040060000000000073e+01
2.657365000000000066e+01
2.481138749999999860e+01
2.313761249999999947e+01
2.195136249999999833e+01
2.103464999999999918e+01
2.031372500000000159e+01
1.972247499999999931e+01
1.923477499999999907e+01
1.853403750000000016e+01
1.775798749999999870e+01
1.716891250000000113e+01
1.670026249999999735e+01
1.631820000000000093e+01
1.599502500000000182e+01
1.571804999999999808e+01
1.547752500000000175e+01
1.526621249999999996e+01
1.507913749999999986e+01
1.491488749999999897e+01
1.476254999999999917e+01
1.456833750000000016e+01
1.433971250000000097e+01
1.413722500000000082e+01
1.396246250000000089e+01
1.384581249999999919e+01
1.377691250000000167e+01
1.368468749999999901e+01
1.356197499999999856e+01
1.345111250000000069e+01
1.335425000000000040e+01
1.325978749999999984e+01
1.319810000000000016e+01
1.315859999999999985e+01
1.311948749999999819e+01
1.308034999999999926e+01
1.305418750000000117e+01
1.304101250000000078e+01
1.302809999999999846e+01
1.301496250000000110e+01
1.300183750000000060e+01
1.298882500000000029e+01
1.297572500000000062e+01
1.296261249999999876e+01
1.294963749999999969e+01
1.293655000000000044e+01
1.292355000000000231e+01
1.291046249999999951e+01
1.289763749999999831e+01
1.288622499999999960e+01
1.287509999999999977e+01
1.285552499999999831e+01
1.282772500000000093e+01
1.279987499999999834e+01
1.277196249999999900e+01
1.273373750000000015e+01
1.268572500000000147e+01
1.263808750000000103e+01
1.259433749999999996e+01
1.255177499999999924e+01
1.249818749999999845e+01
1.243272499999999958e+01
1.236705000000000254e+01
1.230917499999999976e+01
1.225757499999999922e+01
1.221458749999999860e+01
1.216568750000000065e+01
1.211050000000000182e+01
1.206642500000000062e+01
1.202681249999999835e+01
1.199013750000000122e+01
1.195216249999999825e+01
1.191218750000000171e+01
1.187372500000000031e+01
1.183939999999999948e+01
1.180822500000000019e+01
1.178821249999999843e+01
1.177567499999999967e+01
1.175288749999999993e+01
1.170366250000000008e+01
1.165791250000000012e+01
1.164576250000000002e+01
1.176612499999999883e+01
1.211866249999999923e+01
1.269332499999999975e+01
1.476406250000000142e+01
1.874749999999999872e+01
2.391217500000000484e+01
3.280953749999999758e+01
5.991233749999999247e+01
1.056165000000000020e+02
5.640795000000000073e+03
1.120111250000000069e+02
3.757201249999999959e+01
2.495740000000000336e+01
2.092549999999999955e+01
1.941662500000000335e+01
1.799334999999999951e+01
1.716001250000000056e+01
1.662132499999999879e+01
1.664832499999999982e+01
4.291868749999999864e+02
3.812003749999999513e+01
1.787548750000000197e+01
1.690005000000000024e+01
1.616676250000000081e+01
1.668712499999999821e+01
7.726900000000000546e+01
1.528966249999999860e+01
1.462407500000000127e+01
1.417262500000000003e+01
1.393338750000000026e+01
1.361611250000000162e+01
1.340167500000000089e+01
2.134071249999999864e+01
5.910109999999999673e+02
2.459472500000000394e+01
1.706676249999999939e+01
1.613644999999999996e+01
1.572047500000000042e+01
1.542366249999999717e+01
1.510857500000000009e+01
1.488246249999999904e+01
1.471322499999999955e+01
1.456469999999999843e+01
1.442178750000000242e+01
1.432677500000000137e+01
1.421931249999999913e+01
1.408983749999999802e+01
4.382862500000000239e+01
1.427807499999999763e+01
1.384504999999999875e+01
1.362563749999999985e+01
1.351951249999999938e+01
2.248121249999999804e+01
1.289131250000000151e+01
1.213660000000000139e+01
1.113958749999999931e+01
1.596149999999999807e+02
4.587198750000000302e+01
1.527813749999999970e+01
1.438025000000000020e+01
1.393633750000000049e+01
1.363607500000000172e+01
2.729973750000000265e+01
1.112686249999999966e+01
7.219598750000000109e+01
2.087289999999999850e+02
8.042983749999999077e+01
2.410438750000000141e+01
1.430658750000000090e+01
4.798042500000000388e+01
3.479386249999999592e+01
1.751086249999999822e+01
3.552116250000000264e+01
2.599735000000000085e+01
2.116156249999999872e+01
2.046562500000000284e+01
1.997451249999999945e+01
1.898626249999999871e+01
1.852003750000000082e+01
1.824886250000000132e+01
1.773791250000000019e+01
1.712597500000000039e+01
1.673267500000000041e+01
1.612771250000000123e+01
1.533875000000000099e+01
1.492755000000000010e+01
1.457134999999999891e+01
1.424462500000000098e+01
1.381172500000000092e+01
1.355121249999999833e+01
1.332571250000000163e+01
1.315148749999999822e+01
1.311057500000000076e+01
1.305577500000000057e+01
1.295696249999999949e+01
1.289110000000000156e+01
1.285554999999999914e+01
1.281161249999999896e+01
1.273981250000000109e+01
1.251707500000000017e+01
1.230188750000000120e+01
1.196597500000000025e+01
1.139049999999999940e+01
1.068655000000000044e+01
1.002818749999999959e+01
9.628753750000001332e+00
9.474416250000000872e+00
9.293394999999998518e+00
9.096085000000000420e+00
8.819106250000000813e+00
8.583751249999998834e+00
8.435026249999999948e+00
8.164386249999999734e+00
7.968982500000000080e+00
7.796867500000000284e+00
7.536756249999999824e+00
7.368418750000000017e+00
7.297073750000000913e+00
7.251481250000000323e+00
7.204481249999999726e+00
7.108043750000000216e+00
6.993536250000000010e+00
6.926197500000000673e+00
6.887046250000000036e+00
6.873899999999999899e+00
6.872763749999998950e+00
6.871118749999999942e+00
6.868911250000000024e+00
6.918280000000000207e+00
7.103871250000000082e+00
7.295105000000001283e+00
7.447625000000000384e+00
7.712077499999999475e+00
7.733256249999999277e+00
7.480063750000000233e+00
6.774734999999999729e+00
6.074758750000000873e+00
5.824531249999999716e+00
1.482331250000000100e+00
1.493821250000000100e+00
1.517352499999999882e+00
7.847862500000000185e-01
8.031187499999999924e-01
