8.408537499999999554e+00
1.000925999999999938e+01
6.834817499999999768e+00
5.755736250000000886e+00
5.137246250000000458e+00
4.619892499999999735e+00
4.069526250000000012e+00
3.594303749999999908e+00
3.222258749999999949e+00
2.878172499999999800e+00
2.523672499999999985e+00
2.123251250000000034e+00
1.799842499999999790e+00
1.244095000000000173e+00
9.903911249999999278e-01
8.724911249999999230e-01
7.598315000000001040e-01
6.794562499999999838e-01
6.169832499999999831e-01
5.675899999999999279e-01
5.268882500000000579e-01
4.931588750000000521e-01
4.444690000000000030e-01
3.902253749999999299e-01
3.488082499999999864e-01
3.157221249999999646e-01
2.886826250000000815e-01
2.657824999999999771e-01
2.461583749999999848e-01
2.291350000000000053e-01
2.142101249999999735e-01
2.010358750000000305e-01
1.895179999999999920e-01
1.788720000000000032e-01
1.654088750000000108e-01
1.497168750000000270e-01
1.359622500000000067e-01
1.242784999999999862e-01
1.165991249999999979e-01
1.121376249999999769e-01
1.062766249999999996e-01
9.847837500000000688e-02
9.158263750000000814e-02
8.573522500000001212e-02
8.006398750000000286e-02
7.650806250000000142e-02
7.425868750000000351e-02
7.203020000000000256e-02
6.980093750000000707e-02
6.833194999999998853e-02
6.762803750000001557e-02
6.693667500000000103e-02
6.623506249999999707e-02
6.553370000000000029e-02
6.483712499999999546e-02
6.413640000000001007e-02
6.343546249999999775e-02
6.274107500000000726e-02
6.204008750000000044e-02
6.134507499999999891e-02
6.064611250000000175e-02
5.996456249999999877e-02
5.938716249999999308e-02
5.883061249999999714e-02
5.785138749999999691e-02
5.646029999999999799e-02
5.506786249999999494e-02
5.367062499999999958e-02
5.184001249999999755e-02
4.960125000000000645e-02
4.739562500000000372e-02
4.548216249999999933e-02
4.364016250000000291e-02
4.146768750000000281e-02
3.893220000000000014e-02
3.639483749999999906e-02
3.436306249999999951e-02
3.264953750000000599e-02
3.122338749999999802e-02
2.973939999999999917e-02
2.815830000000000069e-02
2.699925000000000241e-02
2.600277499999999881e-02
2.516567499999999846e-02
2.437432500000000224e-02
2.354043750000000060e-02
2.274112500000000092e-02
2.213012500000000396e-02
2.163531250000000003e-02
2.131778750000000097e-02
2.111876250000000246e-02
2.076016249999999841e-02
2.016749999999999793e-02
1.973297499999999982e-02
1.976245000000000085e-02
2.117656250000000268e-02
2.418037500000000048e-02
2.796496250000000267e-02
3.887291250000000226e-02
5.659378749999999930e-02
7.679948750000001323e-02
1.087055000000000105e-01
1.974443750000000053e-01
3.366293750000000085e-01
1.423365000000000080e+01
1.832082499999999892e-01
3.494713749999999591e-02
1.651406250000000270e-02
1.269969999999999953e-02
1.274147500000000037e-02
1.517754999999999972e-02
2.048021250000000085e-02
3.203726249999999665e-02
8.683106250000000026e-02
1.450411249999999797e+01
6.213756249999999870e-01
3.354721250000000654e-02
2.338252499999999776e-02
2.319668750000000029e-02
1.628748750000000023e-01
4.497659999999999769e+00
1.222972499999999858e-02
1.020283749999999906e-02
1.607045000000000348e-02
2.323751250000000157e-02
4.705039999999999917e-02
1.202886250000000101e-01
8.922300000000000786e-01
3.747305000000000064e+01
3.305945000000000689e-01
4.050559999999999578e-02
2.015556250000000160e-02
1.308303750000000196e-02
9.108482500000000814e-03
5.782177500000000060e-03
4.068424999999999646e-03
3.123768750000000330e-03
2.583989999999999985e-03
2.333487499999999711e-03
2.399573750000000370e-03
3.052897499999999899e-03
9.073190000000000074e-03
1.293086249999999993e+00
4.824548749999999289e-03
1.355077500000000058e-03
1.877437499999999983e-03
2.947143750000000284e-02
6.668795000000000694e-01
2.046648749999999909e-03
2.907732499999999849e-03
5.993761250000000096e-03
1.531736250000000021e+00
1.014939000000000036e+00
2.345487500000000003e-03
9.415304999999999465e-04
9.179502499999999277e-04
1.132068750000000002e-03
4.306329999999999880e-01
5.178647499999999501e-03
7.510172500000000806e-01
1.384373749999999959e+00
6.765850000000001030e-01
1.462370000000000059e-01
3.761643750000000317e-04
3.085326250000000048e-01
1.052052499999999863e-01
4.853204999999999759e-04
2.078367499999999868e-01
2.080369999999999997e-01
2.569828749999999995e-01
2.423822499999999935e-01
2.320784999999999931e-01
2.113266249999999902e-01
2.014655000000000196e-01
1.957011249999999758e-01
1.848392499999999827e-01
1.711280000000000023e-01
1.618519999999999959e-01
1.470602499999999757e-01
1.273495000000000044e-01
1.160443750000000052e-01
1.056369999999999948e-01
9.542752500000001303e-02
8.159188750000000157e-02
7.228458749999999711e-02
6.379932500000000395e-02
5.748689999999999356e-02
5.551876249999999902e-02
5.373526249999999865e-02
4.999130000000000240e-02
4.755990000000000217e-02
4.641390000000000793e-02
4.527678749999999863e-02
4.365716249999999216e-02
4.140911249999999766e-02
4.373011250000000821e-02
5.204417499999999808e-02
7.732334999999999903e-02
1.220379999999999937e-01
1.781056249999999896e-01
2.345542500000000474e-01
2.706059999999999577e-01
3.205004999999999660e-01
3.992082499999999867e-01
5.329736250000000064e-01
6.764581249999999102e-01
7.860208749999999522e-01
1.016523750000000170e+00
1.196783749999999813e+00
1.368951250000000064e+00
1.647687500000000194e+00
1.766512499999999708e+00
1.801061250000000058e+00
1.824782499999999974e+00
1.847965000000000080e+00
1.892191250000000213e+00
1.936076250000000165e+00
1.925620000000000109e+00
1.883922499999999944e+00
1.845053749999999937e+00
1.811741250000000081e+00
1.784767500000000062e+00
1.752567500000000056e+00
1.706758750000000102e+00
1.793435000000000112e+00
1.894992500000000080e+00
1.932444999999999968e+00
1.948602499999999793e+00
1.919384999999999897e+00
1.912274999999999947e+00
2.098411250000000283e+00
2.380328750000000326e+00
2.393542499999999684e+00
6.707224999999999993e-01
6.881500000000000394e-01
7.090387499999999399e-01
3.562500000000000111e-01
3.562500000000000111e-01
