1.193999999999999915e+02
1.421645000000000039e+02
9.710824999999999818e+01
8.179756250000001216e+01
7.302422499999998706e+01
6.568728750000001071e+01
5.788475000000000392e+01
5.115023750000000291e+01
4.588069999999999737e+01
4.101022499999999837e+01
3.599628750000000110e+01
3.034107500000000002e+01
2.578228750000000247e+01
1.798988749999999825e+01
1.445776249999999941e+01
1.283074999999999832e+01
1.128635000000000055e+01
1.019290000000000163e+01
9.348978750000000559e+00
8.686337500000000489e+00
8.143831249999999855e+00
7.697261250000000388e+00
7.057231249999999179e+00
6.351344999999999352e+00
5.818635000000000446e+00
5.397432499999999855e+00
5.056391249999999893e+00
4.769803750000000342e+00
4.525949999999999918e+00
4.315808750000000416e+00
4.132673750000000368e+00
3.971898749999999811e+00
3.832153749999999359e+00
3.703460000000000196e+00
3.541753749999999812e+00
3.354586249999999659e+00
3.191491249999999447e+00
3.054142500000000204e+00
2.964563749999999942e+00
2.912922499999999637e+00
2.845727499999999743e+00
2.756321250000000056e+00
2.678200000000000358e+00
2.613068750000000051e+00
2.550141250000000248e+00
2.511793750000000269e+00
2.487751249999999636e+00
2.463935000000000208e+00
2.440108749999999826e+00
2.424621249999999950e+00
2.417531249999999687e+00
2.410566250000000021e+00
2.403498750000000239e+00
2.396432499999999965e+00
2.389414999999999623e+00
2.382356249999999953e+00
2.375294999999999934e+00
2.368298749999999675e+00
2.361237500000000100e+00
2.354235000000000078e+00
2.347196249999999651e+00
2.340383749999999985e+00
2.334972500000000117e+00
2.329826249999999987e+00
2.320770000000000000e+00
2.307907499999999779e+00
2.295033749999999984e+00
2.282112500000000210e+00
2.266424999999999912e+00
2.248177500000000162e+00
2.230532499999999807e+00
2.217371249999999794e+00
2.205132500000000384e+00
2.194318749999999874e+00
2.184860000000000024e+00
2.175657500000000244e+00
2.175521249999999629e+00
2.179268749999999866e+00
2.182383749999999623e+00
2.192922499999999886e+00
2.209656250000000099e+00
2.230013750000000350e+00
2.251251250000000148e+00
2.279351249999999940e+00
2.315623750000000314e+00
2.353845000000000187e+00
2.391113750000000149e+00
2.442222499999999741e+00
2.499217499999999870e+00
2.535793750000000291e+00
2.558720000000000105e+00
2.601623749999999902e+00
2.770822500000000410e+00
3.036825000000000330e+00
3.319033750000000005e+00
4.168571250000000283e+00
5.407420000000000115e+00
6.717768749999999400e+00
1.025067499999999932e+01
1.582408750000000097e+01
2.210377499999999884e+01
3.197871250000000032e+01
5.937892500000000240e+01
1.023148750000000007e+02
4.387266249999999673e+03
5.505132499999999851e+01
9.265295000000000059e+00
3.344295000000000684e+00
1.823848750000000019e+00
1.388242500000000046e+00
1.092082500000000067e+00
1.050958749999999942e+00
1.246692499999999981e+00
2.597262499999999807e+00
3.835418750000000614e+02
1.655503750000000096e+01
9.568358750000000024e-01
6.339518749999999425e-01
5.151461250000000103e-01
2.162586250000000376e+00
5.557428749999999695e+01
2.214133750000000234e-01
1.797417500000000057e-01
2.459293750000000056e-01
3.342657499999999726e-01
6.351308749999999836e-01
1.566904999999999992e+00
1.141423750000000048e+01
4.781332499999999754e+02
4.244907500000000056e+00
5.416856249999999484e-01
2.807838750000000161e-01
1.896552500000000252e-01
1.380915000000000059e-01
9.459206250000000427e-02
7.197398750000000289e-02
5.954030000000000433e-02
5.283052500000000318e-02
5.086859999999999299e-02
5.397535000000000527e-02
6.951341249999999639e-02
2.017638749999999814e-01
2.814886249999999990e+01
1.116326249999999992e-01
3.666482499999999811e-02
4.406893750000000221e-02
3.874940000000000051e-01
8.255960000000001742e+00
7.521488750000000778e-02
1.410490000000000077e-01
3.175715000000000066e-01
8.715186249999999291e+01
2.445830000000000126e+01
7.063084999999999503e-02
3.128009999999999818e-02
2.986042499999999947e-02
3.589849999999999985e-02
1.030597250000000109e+01
1.642445000000000155e-01
2.784216249999999704e+01
9.839275000000000659e+01
2.948722499999999513e+01
6.447746250000000678e+00
1.644421249999999946e-02
1.162767499999999998e+01
5.963225000000000442e+00
2.702078750000000071e-02
6.251241250000000527e+00
3.937003750000000135e+00
3.978695000000000093e+00
3.644793749999999832e+00
3.409150000000000347e+00
2.940336250000000540e+00
2.739168749999999708e+00
2.630363749999999889e+00
2.425352500000000244e+00
2.193716249999999590e+00
2.054038750000000135e+00
1.854404999999999859e+00
1.610874999999999835e+00
1.489271249999999824e+00
1.380181250000000137e+00
1.270001249999999970e+00
1.117267500000000080e+00
1.003052500000000125e+00
8.832357499999999861e-01
7.566871250000000160e-01
7.127882500000000121e-01
6.641056250000001437e-01
5.826349999999999030e-01
5.333511250000000370e-01
5.090953750000000166e-01
4.865297499999999831e-01
4.568277500000000324e-01
3.968094999999999817e-01
3.555757499999999682e-01
3.231208749999999741e-01
2.930448750000000380e-01
2.784840000000000093e-01
2.759916249999999627e-01
2.750163749999999796e-01
2.746267499999999750e-01
2.741662500000000557e-01
2.736517500000000269e-01
2.682062499999999794e-01
2.607838749999999983e-01
2.561231249999999515e-01
2.476468750000000163e-01
2.415328750000000080e-01
2.345186250000000361e-01
2.211888750000000070e-01
2.224224999999999675e-01
2.260244999999999616e-01
2.284667499999999962e-01
2.319646250000000076e-01
2.412988749999999682e-01
2.472143749999999862e-01
2.500294999999999601e-01
2.542983750000000209e-01
2.601677500000000309e-01
2.667963749999999745e-01
2.720823750000000429e-01
2.811764999999999404e-01
2.874288750000000281e-01
2.355610000000000204e-01
1.697012499999999979e-01
1.330163750000000200e-01
6.000927500000000081e-02
1.855923749999999900e-02
8.150966250000000676e-03
2.732273749999999946e-03
2.591029999999999809e-03
2.671973750000000269e-03
4.809600000000000030e-04
4.345049999999999607e-04
3.597112500000000028e-04
1.193018750000000020e-04
8.728549999999999634e-05
