1.171657500000000063e+01
1.690482499999999888e+01
1.390930000000000000e+01
1.310132499999999922e+01
1.269340000000000046e+01
1.238614999999999888e+01
1.209457499999999897e+01
1.187038750000000142e+01
1.171480000000000032e+01
1.158637500000000031e+01
1.146806250000000027e+01
1.135378750000000103e+01
1.127425000000000210e+01
1.116660000000000075e+01
1.112548750000000020e+01
1.110811249999999895e+01
1.109143749999999784e+01
1.107898750000000021e+01
1.106868749999999935e+01
1.105979999999999741e+01
1.105176249999999882e+01
1.104433749999999748e+01
1.103232500000000016e+01
1.101641250000000305e+01
1.100148749999999964e+01
1.098709999999999987e+01
1.097313750000000176e+01
1.095942500000000130e+01
1.094592499999999902e+01
1.093258750000000035e+01
1.091932499999999706e+01
1.090622499999999917e+01
1.089321250000000063e+01
1.088018749999999990e+01
1.086117499999999936e+01
1.083541250000000034e+01
1.080978749999999877e+01
1.078405000000000058e+01
1.076462499999999878e+01
1.075186249999999966e+01
1.073267499999999863e+01
1.070718749999999986e+01
1.068132500000000107e+01
1.065546250000000050e+01
1.062956249999999869e+01
1.060979999999999990e+01
1.059661250000000088e+01
1.058352499999999985e+01
1.057043750000000060e+01
1.056121249999999989e+01
1.055583749999999910e+01
1.055057500000000026e+01
1.054523749999999893e+01
1.053988750000000074e+01
1.053457500000000024e+01
1.052923750000000069e+01
1.052388749999999895e+01
1.051861250000000148e+01
1.051324999999999932e+01
1.050796249999999965e+01
1.050262500000000188e+01
1.049729999999999741e+01
1.049186249999999809e+01
1.048646250000000180e+01
1.047690000000000055e+01
1.046336250000000234e+01
1.044978750000000112e+01
1.043618750000000084e+01
1.041547499999999715e+01
1.038796250000000043e+01
1.036016249999999950e+01
1.033148750000000149e+01
1.030298750000000041e+01
1.026239999999999952e+01
1.020893749999999933e+01
1.015498749999999895e+01
1.009931249999999991e+01
1.004563749999999978e+01
1.000097499999999862e+01
9.943035000000000068e+00
9.872692500000001203e+00
9.809401250000000516e+00
9.749567500000001274e+00
9.685605000000000686e+00
9.612176249999999200e+00
9.534801250000001005e+00
9.459863749999998461e+00
9.375051250000000280e+00
9.287372500000000031e+00
9.231104999999999450e+00
9.195836249999999268e+00
9.130507500000000221e+00
8.912657499999999899e+00
8.601357500000000655e+00
8.306963749999999536e+00
7.576368749999999430e+00
6.687067500000000386e+00
5.947586249999999630e+00
4.474492500000000206e+00
2.866806249999999778e+00
1.731611249999999824e+00
7.221327499999999899e-01
3.359426249999999947e-01
2.965046249999999883e+00
1.239295000000000073e+03
5.677657499999999402e+01
2.827178750000000207e+01
2.159661249999999910e+01
1.908897500000000136e+01
1.801564999999999728e+01
1.688608749999999858e+01
1.608857499999999874e+01
1.534260000000000090e+01
1.396422500000000078e+01
3.114098750000000138e+01
2.094361250000000041e+01
1.688511249999999819e+01
1.624269999999999925e+01
1.562839999999999918e+01
1.436164999999999914e+01
1.719704999999999728e+01
1.505602499999999822e+01
1.443413750000000029e+01
1.391062499999999957e+01
1.357587499999999991e+01
1.293392499999999856e+01
1.171448750000000061e+01
9.034262500000000529e+00
7.540461249999999893e+01
2.001921250000000185e+01
1.648456249999999912e+01
1.583551250000000010e+01
1.551772499999999866e+01
1.527646250000000094e+01
1.500822499999999948e+01
1.480643750000000125e+01
1.465057499999999990e+01
1.450928749999999923e+01
1.436858750000000029e+01
1.427039999999999864e+01
1.414674999999999905e+01
1.387898749999999914e+01
1.438670000000000115e+01
1.416158749999999955e+01
1.380701249999999902e+01
1.357969999999999899e+01
1.310256250000000122e+01
1.355836249999999765e+01
1.281403749999999953e+01
1.199262500000000031e+01
1.081603750000000019e+01
7.093133749999998372e+01
2.039873749999999930e+01
1.520514999999999972e+01
1.434803750000000022e+01
1.390556249999999849e+01
1.359903749999999967e+01
1.656315000000000026e+01
1.095742499999999886e+01
4.360278750000000514e+01
1.089517500000000041e+02
5.026600000000000534e+01
1.751040000000000063e+01
1.428977500000000056e+01
3.604422500000000440e+01
2.872542500000000132e+01
1.748333750000000109e+01
2.906208750000000052e+01
2.185231249999999648e+01
1.692588749999999820e+01
1.657847500000000096e+01
1.633327500000000043e+01
1.583460000000000178e+01
1.557938749999999928e+01
1.542281250000000092e+01
1.512769999999999904e+01
1.476111249999999941e+01
1.451678750000000129e+01
1.412626250000000105e+01
1.360052499999999931e+01
1.332222500000000132e+01
1.308551250000000010e+01
1.287922500000000170e+01
1.261286250000000031e+01
1.247586249999999986e+01
1.237748750000000086e+01
1.229069999999999929e+01
1.224642499999999856e+01
1.216870000000000118e+01
1.201930000000000121e+01
1.191497500000000187e+01
1.185711250000000128e+01
1.178813749999999949e+01
1.167703750000000085e+01
1.135162500000000030e+01
1.104211250000000177e+01
1.060118749999999999e+01
9.885651249999998669e+00
9.054463750000000033e+00
8.305402500000001353e+00
7.830418750000000649e+00
7.632376249999999196e+00
7.392400000000000304e+00
7.106242500000000462e+00
6.720239999999999547e+00
6.384967499999999241e+00
6.154523750000000959e+00
5.705281249999999638e+00
5.367828750000001037e+00
5.064501250000000176e+00
4.599972499999999798e+00
4.317088749999999031e+00
4.199511250000000473e+00
4.122346249999999657e+00
4.040657500000000013e+00
3.861498749999999980e+00
3.584174999999999667e+00
3.371962499999999974e+00
3.264394999999999936e+00
3.213196249999999754e+00
3.184372499999999828e+00
3.162232500000000002e+00
3.112547499999999800e+00
3.111234999999999751e+00
3.311854999999999549e+00
3.573691250000000430e+00
3.817376249999999693e+00
4.265813749999999516e+00
4.364261250000000203e+00
4.090542499999999748e+00
3.360822500000000268e+00
2.689491250000000111e+00
2.507126250000000667e+00
5.987149999999999972e-01
5.978887499999999688e-01
6.122049999999999992e-01
3.429187499999999944e-01
3.685149999999999815e-01
