1.515866250000000036e+04
1.806439999999999782e+04
1.235337500000000000e+04
1.041513750000000073e+04
9.305511250000001382e+03
8.378364999999999782e+03
7.393506250000000364e+03
6.545472500000000764e+03
5.884099999999999454e+03
5.270098750000000109e+03
4.642437500000000000e+03
3.938598749999999654e+03
3.375633749999999509e+03
2.435608749999999873e+03
2.024330000000000155e+03
1.845224999999999909e+03
1.682856250000000045e+03
1.574203749999999900e+03
1.497518749999999955e+03
1.442598750000000109e+03
1.402442500000000109e+03
1.372327500000000100e+03
1.338606250000000045e+03
1.316997499999999945e+03
1.312650000000000091e+03
1.318853749999999764e+03
1.329291249999999764e+03
1.339388749999999845e+03
1.343897500000000036e+03
1.340651250000000118e+03
1.324333750000000009e+03
1.293466249999999945e+03
1.247932500000000118e+03
1.187838749999999891e+03
1.075144999999999982e+03
9.184721249999998918e+02
7.668768750000000409e+02
6.259874999999999545e+02
5.342297499999999673e+02
4.833629999999999995e+02
4.156281250000000682e+02
3.430978750000000446e+02
2.860124999999999886e+02
2.416862500000000011e+02
2.069591250000000002e+02
1.855964999999999918e+02
1.730848750000000109e+02
1.624957499999999868e+02
1.528394999999999868e+02
1.464987500000000296e+02
1.434954999999999927e+02
1.405454999999999757e+02
1.375521250000000180e+02
1.345595000000000141e+02
1.315877499999999998e+02
1.287959999999999923e+02
1.264902499999999890e+02
1.242281249999999915e+02
1.219442500000000109e+02
1.196798749999999956e+02
1.174026250000000147e+02
1.151937499999999943e+02
1.133956249999999955e+02
1.116771250000000038e+02
1.086531250000000028e+02
1.044931249999999920e+02
1.011458750000000038e+02
9.792662500000000136e+01
9.399336250000000348e+01
8.981413750000000107e+01
8.682328750000000639e+01
8.493177500000001601e+01
8.414419999999999789e+01
8.490855000000000530e+01
8.933133750000000362e+01
9.897327500000000100e+01
1.162851249999999936e+02
1.456136250000000132e+02
1.900320000000000107e+02
3.165311249999999745e+02
5.481158750000000737e+02
4.971032499999999459e+02
3.357089999999999463e+02
2.410890000000000271e+02
1.755453749999999786e+02
1.295613749999999698e+02
1.013622499999999889e+02
8.374606250000000784e+01
7.455355000000000132e+01
7.174294999999999334e+01
7.145176250000000095e+01
7.352982499999998822e+01
1.275878749999999968e+02
6.146033749999999145e+02
4.407545000000000073e+02
5.890716249999999832e+01
3.323632500000000078e+01
3.642459999999999809e+01
5.925882499999999453e+01
7.938431249999999295e+01
1.021563749999999970e+02
1.625946249999999793e+02
8.831401250000000118e+02
1.006861250000000155e+03
1.609637499999999761e+02
1.405872499999999832e+02
1.150836250000000121e+02
1.405526250000000061e+02
1.241301250000000209e+02
1.563453750000000184e+02
1.480928749999999923e+02
7.328491249999999013e+01
1.979378749999999911e+02
2.167522499999999752e+02
7.951302499999999895e+01
2.729025000000000318e+02
8.403114999999999668e+01
1.871776250000000346e+02
3.667182499999999123e+01
5.559715000000000629e+01
9.554217500000000030e+01
4.098668750000000216e+01
1.116413749999999965e+02
8.209770000000000323e+01
4.450349999999999540e+01
4.084279999999999688e+01
6.865125000000000455e+01
2.736666250000000389e+01
3.530731249999999477e+01
3.698683750000000714e+01
2.005253749999999968e+02
3.834936249999999802e+01
5.570137499999999164e+01
4.965594999999999715e+01
4.805340000000000344e+01
1.430587500000000034e+01
9.392927500000000762e+00
2.915594999999999715e+01
1.264712499999999906e+01
3.473975000000000080e+01
8.925867499999999666e+01
4.860951250000000101e+01
7.158695000000000164e+01
9.739297500000000696e+01
8.175584999999999525e+01
1.239482499999999874e+02
1.642573749999999961e+02
5.223906250000000995e+01
3.172977499999999651e+01
5.531964999999999577e+01
1.075961250000000007e+02
7.277097499999999286e+01
3.285622500000000201e+01
4.477113749999999470e+01
4.351398749999999893e+01
4.256855000000000189e+01
4.196687500000000171e+01
3.741841249999999519e+01
3.365166250000000048e+01
3.273328750000000298e+01
3.198639999999999972e+01
3.063376249999999956e+01
2.805221250000000310e+01
2.665960000000000107e+01
2.259813749999999999e+01
1.851824999999999832e+01
1.723981249999999932e+01
1.578663749999999943e+01
1.378047500000000092e+01
1.233722500000000011e+01
1.131577499999999858e+01
1.093632500000000007e+01
1.010379999999999967e+01
9.452423750000001235e+00
8.982362500000000693e+00
8.446893750000000978e+00
7.755572500000000424e+00
7.193036249999999576e+00
6.507914999999999672e+00
5.450991249999999511e+00
4.917322499999999152e+00
4.440405000000000157e+00
3.961975000000000247e+00
3.561282500000000351e+00
3.244041249999999543e+00
3.017062500000000203e+00
2.920061250000000275e+00
2.896567500000000184e+00
2.871158750000000204e+00
2.824374999999999858e+00
2.794201249999999970e+00
2.777638750000000378e+00
2.758567500000000283e+00
2.730252499999999749e+00
2.638418750000000035e+00
2.562142499999999767e+00
2.483122499999999899e+00
2.375244999999999607e+00
2.266517499999999963e+00
2.195191250000000149e+00
2.153861249999999838e+00
2.137097500000000316e+00
2.116845000000000088e+00
2.092877499999999724e+00
2.063838749999999944e+00
2.042206250000000001e+00
2.031497499999999956e+00
2.014445000000000263e+00
2.003477500000000244e+00
1.993501250000000224e+00
1.975193749999999859e+00
1.961833750000000043e+00
1.955589999999999939e+00
1.951307499999999973e+00
1.948371250000000332e+00
1.947391250000000129e+00
1.951284999999999936e+00
1.959447500000000009e+00
1.964637499999999815e+00
1.966559999999999864e+00
1.968207500000000110e+00
1.969543750000000149e+00
1.969474999999999865e+00
1.970712500000000089e+00
1.980341250000000164e+00
1.960096250000000095e+00
1.922453749999999850e+00
1.802440000000000042e+00
1.669291249999999893e+00
1.673227500000000090e+00
2.050412499999999749e+00
2.177163750000000508e+00
2.140536250000000251e+00
5.932687500000000114e-01
6.079912499999999831e-01
6.250037500000000801e-01
3.223862499999999853e-01
3.270775000000000210e-01
