1.676042499999999927e+04
1.997513749999999709e+04
1.366157500000000073e+04
1.151896249999999964e+04
1.029235000000000036e+04
9.267497499999999491e+03
8.178858750000000327e+03
7.241476249999999709e+03
6.510422500000000582e+03
5.831728750000000218e+03
5.137937500000000000e+03
4.359926250000000437e+03
3.737611249999999927e+03
2.698342500000000200e+03
2.243534999999999854e+03
2.045406249999999773e+03
1.865723749999999882e+03
1.745431249999999864e+03
1.660473750000000109e+03
1.599583749999999782e+03
1.555015000000000100e+03
1.521550000000000182e+03
1.483979999999999791e+03
1.459697499999999991e+03
1.454528750000000173e+03
1.461069999999999936e+03
1.472374999999999773e+03
1.483365000000000236e+03
1.488288749999999709e+03
1.484738750000000209e+03
1.466883749999999736e+03
1.433068750000000136e+03
1.383153749999999945e+03
1.317246249999999918e+03
1.193541249999999764e+03
1.021546249999999986e+03
8.550556249999999636e+02
7.002271249999998872e+02
5.993483749999999191e+02
5.434053749999999354e+02
4.688921250000000214e+02
3.890716249999999832e+02
3.262201249999999959e+02
2.773968750000000227e+02
2.391323750000000246e+02
2.155881249999999909e+02
2.017964999999999804e+02
1.901235000000000070e+02
1.794784999999999968e+02
1.724887499999999818e+02
1.691787499999999795e+02
1.659271250000000180e+02
1.626277500000000202e+02
1.593296250000000214e+02
1.560537499999999795e+02
1.529776249999999891e+02
1.504381250000000136e+02
1.479464999999999861e+02
1.454311250000000086e+02
1.429373750000000030e+02
1.404295000000000186e+02
1.379971249999999827e+02
1.360193749999999966e+02
1.341301249999999925e+02
1.308056249999999920e+02
1.262335000000000065e+02
1.225644999999999953e+02
1.190382500000000050e+02
1.147482499999999987e+02
1.102192500000000024e+02
1.070289999999999822e+02
1.050879999999999939e+02
1.044101250000000078e+02
1.056252500000000083e+02
1.112569999999999908e+02
1.232069999999999936e+02
1.446933749999999748e+02
1.816454999999999700e+02
2.388736250000000041e+02
4.073203750000000127e+02
7.205041250000000446e+02
6.442662500000000136e+02
4.193233749999999986e+02
2.941577499999999645e+02
2.135054999999999836e+02
1.593102500000000248e+02
1.267428749999999980e+02
1.067098749999999967e+02
9.659454999999999814e+01
9.377933749999999691e+01
9.379419999999998936e+01
9.705666249999998740e+01
1.681589999999999918e+02
8.062187500000000000e+02
5.848727499999999964e+02
8.273069999999999879e+01
4.751477500000000020e+01
5.009503750000000366e+01
7.488051250000000891e+01
9.924154999999998950e+01
1.301696250000000248e+02
2.183010000000000161e+02
1.344769999999999754e+03
1.557087500000000091e+03
2.149254999999999711e+02
1.590036249999999995e+02
1.309541250000000048e+02
1.590538750000000050e+02
1.448813750000000198e+02
1.804069999999999823e+02
2.152753749999999684e+02
9.725792499999998597e+01
2.331810000000000116e+02
2.801617499999999836e+02
9.567626250000000709e+01
3.035118749999999750e+02
1.039077499999999930e+02
2.419028749999999661e+02
5.802397500000000008e+01
9.007476250000000562e+01
1.212091249999999860e+02
5.678983749999999731e+01
1.321686249999999916e+02
9.913524999999999920e+01
5.972003749999998945e+01
5.619768750000000068e+01
8.860211250000000405e+01
4.026931249999999807e+01
4.790472500000000622e+01
4.965901250000000289e+01
4.125662499999999682e+02
6.253833750000001146e+01
7.145408749999998577e+01
6.523138749999999675e+01
6.801577499999999077e+01
2.761915000000000120e+01
2.069679999999999609e+01
7.719006250000001046e+01
2.778085000000000093e+01
5.073250000000000171e+01
1.160062500000000085e+02
6.593826250000000755e+01
9.808376250000000596e+01
1.388173750000000268e+02
1.083893750000000011e+02
1.557131249999999909e+02
2.055178750000000036e+02
7.262956250000000580e+01
5.133171249999999475e+01
7.734113750000000209e+01
1.312742500000000234e+02
9.436178749999999127e+01
6.079845000000000255e+01
6.658197499999999991e+01
6.505298750000000041e+01
6.390317499999999740e+01
6.317142499999999927e+01
5.763826250000000329e+01
5.305269999999999442e+01
5.193420000000000414e+01
5.102452499999999702e+01
4.937708749999999469e+01
4.623138750000000385e+01
4.453147500000000036e+01
3.956946250000000731e+01
3.457286249999999939e+01
3.300572499999999820e+01
3.121720000000000184e+01
2.874153750000000329e+01
2.695010000000000261e+01
2.568076250000000016e+01
2.520346249999999699e+01
2.415625000000000000e+01
2.333688749999999601e+01
2.274525000000000219e+01
2.206206249999999969e+01
2.117252500000000026e+01
2.044863750000000024e+01
1.954237499999999983e+01
1.812223750000000067e+01
1.737583749999999938e+01
1.667967499999999959e+01
1.594088749999999877e+01
1.525148749999999787e+01
1.466424999999999912e+01
1.415047499999999836e+01
1.368479999999999919e+01
1.347956250000000011e+01
1.323141250000000113e+01
1.285457500000000053e+01
1.260742500000000099e+01
1.248128750000000053e+01
1.235512500000000102e+01
1.217643750000000047e+01
1.176515000000000022e+01
1.141042500000000182e+01
1.097637499999999910e+01
1.041319999999999979e+01
9.875030000000000641e+00
9.379039999999999822e+00
9.030490000000000350e+00
8.875263750000000229e+00
8.686218750000000099e+00
8.457850000000000534e+00
8.244037499999999241e+00
8.106018750000000495e+00
8.013009999999999522e+00
7.825918749999999591e+00
7.679331249999999720e+00
7.531072499999999614e+00
7.271201249999998950e+00
7.131978749999999145e+00
7.079477500000000312e+00
7.043436250000000065e+00
7.001820000000000377e+00
6.898961250000000156e+00
6.778931250000001185e+00
6.709868750000000048e+00
6.677412499999999973e+00
6.653252499999999792e+00
6.651006250000000009e+00
6.657668750000000912e+00
6.669312500000000199e+00
6.784774999999999778e+00
7.059994999999999798e+00
7.298272500000000385e+00
7.461858749999999318e+00
7.680551249999999719e+00
7.590833750000000713e+00
7.238636249999999883e+00
6.520471249999999941e+00
5.949168750000000117e+00
5.694155000000000300e+00
1.443323750000000016e+00
1.452558750000000121e+00
1.470076249999999973e+00
7.529649999999999954e-01
7.641900000000000359e-01
