8.157925000000000537e+00
1.175594999999999857e+01
9.664456250000000637e+00
9.099575000000001523e+00
8.814238749999999456e+00
8.599213750000000545e+00
8.395042499999998853e+00
8.238158750000000197e+00
8.129385000000000971e+00
8.038624999999999687e+00
7.955327499999999219e+00
7.874417500000000736e+00
7.817611250000000567e+00
7.738306249999999942e+00
7.706784999999999108e+00
7.693324999999999747e+00
7.681160000000000210e+00
7.673531250000000803e+00
7.669231250000000166e+00
7.667984999999999829e+00
7.669607500000000577e+00
7.673931249999999871e+00
7.689161249999999725e+00
7.729207499999999342e+00
7.790528750000000002e+00
7.878556249999999928e+00
7.999453749999999808e+00
8.144456250000001063e+00
8.320755000000001900e+00
8.518143750000000125e+00
8.737831250000001049e+00
8.967851249999998942e+00
9.196516249999998394e+00
9.406531250000000455e+00
9.618367499999997960e+00
9.892111249999999245e+00
1.006673750000000034e+01
1.011261250000000089e+01
1.009549999999999947e+01
1.006477499999999914e+01
1.000480000000000125e+01
9.905207499999999499e+00
9.794151250000000530e+00
9.680796250000000214e+00
9.568889999999999674e+00
9.486187499999999773e+00
9.432029999999999248e+00
9.379816250000001077e+00
9.328331250000001518e+00
9.292616250000000022e+00
9.272731249999997871e+00
9.253202500000000441e+00
9.233385000000000176e+00
9.213573750000001894e+00
9.193896249999998105e+00
9.174322500000000602e+00
9.155280000000001195e+00
9.136440000000000339e+00
9.117420000000000968e+00
9.098563750000000283e+00
9.079599999999999227e+00
9.060716250000000471e+00
9.042233749999999404e+00
9.023916249999999195e+00
8.991688749999999786e+00
8.946028749999999974e+00
8.901057500000000289e+00
8.856060000000001153e+00
8.789034999999998377e+00
8.700859999999998706e+00
8.611647500000000122e+00
8.520197500000001867e+00
8.427367500000000788e+00
8.292953750000000568e+00
8.104688750000001107e+00
7.890809999999999214e+00
7.643427499999999597e+00
7.363641249999999694e+00
7.095821250000000191e+00
6.961083750000001125e+00
8.444752499999999884e+00
1.039516249999999964e+01
1.049423749999999878e+01
1.012265000000000015e+01
9.776538749999998501e+00
9.446817499999998091e+00
9.146932499999998356e+00
8.850574999999999193e+00
8.563613750000000024e+00
8.377905000000000157e+00
8.257947500000000218e+00
8.025042500000001411e+00
7.130882500000000235e+00
8.371380000000000265e+00
1.374406250000000007e+01
1.012968750000000107e+01
8.852757499999999169e+00
8.343911249999999669e+00
7.582674999999999166e+00
6.841896249999999569e+00
6.063738750000000621e+00
5.068721250000000289e+00
1.689468749999999986e+01
3.550392500000000240e+01
1.397313749999999999e+01
1.032833749999999995e+01
9.697442499999999299e+00
9.218560000000000088e+00
9.391919999999998936e+00
9.668231249999999832e+00
9.646139999999999048e+00
9.681433750000000060e+00
8.239821250000000319e+00
1.287448749999999897e+01
9.450223750000001033e+00
1.157489999999999952e+01
1.171710000000000029e+01
1.242833749999999959e+01
1.267259999999999920e+01
1.168738749999999982e+01
1.029632500000000128e+01
1.128519999999999968e+01
1.064588750000000061e+01
1.145220000000000127e+01
1.131623749999999973e+01
1.033602499999999935e+01
1.133985000000000021e+01
1.042917499999999897e+01
9.706956249999999287e+00
8.759782500000000027e+00
3.954653750000000656e+01
1.519096249999999948e+01
1.156429999999999936e+01
1.205717499999999909e+01
1.118977499999999914e+01
1.121067500000000017e+01
1.011773750000000049e+01
1.162591249999999832e+01
1.002191625000000030e+01
8.695850000000000080e+00
1.143088749999999898e+01
9.233670000000000044e+00
8.867586250000000447e+00
1.776843750000000099e+01
9.563762499999999278e+00
1.211466249999999967e+01
1.964683750000000018e+01
1.366638749999999902e+01
1.295863750000000181e+01
1.115358749999999866e+01
1.252440000000000175e+01
1.453687500000000021e+01
1.466979999999999862e+01
1.251033750000000211e+01
1.250502499999999984e+01
1.250102500000000028e+01
1.249849999999999994e+01
1.247762499999999797e+01
1.245607499999999845e+01
1.245017499999999977e+01
1.244539999999999935e+01
1.243670000000000009e+01
1.241823750000000004e+01
1.240465000000000018e+01
1.235970000000000013e+01
1.230006249999999923e+01
1.227967500000000101e+01
1.224793749999999903e+01
1.219653750000000159e+01
1.214753750000000032e+01
1.211121249999999883e+01
1.209120000000000061e+01
1.204729999999999990e+01
1.201296250000000221e+01
1.198775000000000013e+01
1.194896250000000038e+01
1.189061249999999959e+01
1.184312500000000057e+01
1.175877499999999998e+01
1.160511250000000061e+01
1.149687499999999929e+01
1.137032500000000113e+01
1.120262499999999939e+01
1.099318749999999945e+01
1.078793749999999996e+01
1.055665000000000120e+01
1.031902499999999989e+01
1.015583750000000052e+01
9.949595000000000411e+00
9.643100000000000449e+00
9.438097499999999584e+00
9.326066250000000224e+00
9.216644999999999754e+00
9.067588750000000530e+00
8.719272500000000647e+00
8.414297499999999985e+00
8.035177499999999640e+00
7.521040000000001058e+00
6.981377499999998903e+00
6.397001249999999750e+00
5.968077500000000590e+00
5.779962500000000780e+00
5.550901249999999898e+00
5.277648750000000000e+00
5.003552499999999625e+00
4.810207500000000636e+00
4.677672499999999900e+00
4.419658749999999969e+00
4.221376249999999608e+00
4.037762499999999477e+00
3.753341250000000517e+00
3.614213750000000225e+00
3.565506250000000321e+00
3.532063749999999835e+00
3.491049999999999542e+00
3.382155000000000022e+00
3.247307499999999791e+00
3.156372500000000247e+00
3.108716249999999626e+00
3.078692499999999832e+00
3.070485000000000131e+00
3.071887500000000326e+00
3.081218750000000561e+00
3.188256250000000236e+00
3.448581250000000153e+00
3.715908750000000094e+00
3.929302499999999476e+00
4.277671249999999148e+00
4.299873749999999717e+00
4.013511249999999642e+00
3.355323750000000160e+00
2.814923750000000169e+00
2.597080000000000055e+00
6.763250000000000650e-01
6.869262499999999605e-01
7.062812499999999716e-01
3.733412500000000134e-01
3.856212500000000265e-01
