1.593601250000000164e+03
1.898966249999999945e+03
1.298514999999999873e+03
1.094717499999999973e+03
9.780331250000000409e+02
8.805342499999999291e+02
7.769585000000000719e+02
6.877632499999999709e+02
6.181921249999999191e+02
5.535938750000000255e+02
4.875451249999999845e+02
4.134527500000000373e+02
3.541587499999999977e+02
2.549935000000000116e+02
2.114997500000000059e+02
1.924867500000000007e+02
1.751875000000000000e+02
1.635525000000000091e+02
1.552863749999999925e+02
1.493163749999999936e+02
1.449035000000000082e+02
1.415498749999999859e+02
1.376842500000000200e+02
1.349693750000000136e+02
1.340867499999999950e+02
1.343386249999999791e+02
1.350818749999999966e+02
1.358316250000000025e+02
1.360709999999999980e+02
1.355698749999999961e+02
1.338074999999999761e+02
1.306316250000000139e+02
1.260257500000000022e+02
1.200005000000000024e+02
1.087772500000000093e+02
9.318225000000001046e+01
7.811178749999999127e+01
6.412724999999998943e+01
5.502312500000000028e+01
4.997727500000000589e+01
4.325919999999999987e+01
3.606836249999999922e+01
3.041358749999999844e+01
2.602976249999999681e+01
2.260451249999999845e+01
2.050538749999999766e+01
1.927969999999999828e+01
1.824801249999999797e+01
1.731066249999999940e+01
1.669741249999999866e+01
1.641038749999999879e+01
1.612846249999999770e+01
1.584237499999999876e+01
1.555637500000000273e+01
1.527237500000000026e+01
1.500720000000000098e+01
1.479247499999999960e+01
1.458201250000000115e+01
1.436958749999999796e+01
1.415895000000000081e+01
1.394710000000000072e+01
1.374248750000000108e+01
1.358163749999999936e+01
1.342911250000000045e+01
1.316071249999999893e+01
1.279438749999999914e+01
1.251768750000000097e+01
1.225543749999999932e+01
1.196580000000000155e+01
1.170412499999999945e+01
1.159390000000000143e+01
1.163599999999999923e+01
1.183838749999999962e+01
1.242368749999999977e+01
1.382091249999999860e+01
1.634292500000000103e+01
2.076497499999999974e+01
2.866819999999999879e+01
4.174578749999999872e+01
8.382803749999999354e+01
1.639433750000000032e+02
1.367677499999999782e+02
7.312027499999999236e+01
4.294606250000000358e+01
2.818355000000000032e+01
2.030213750000000061e+01
1.623372499999999974e+01
1.411332499999999968e+01
1.347734999999999950e+01
1.365845000000000198e+01
1.408445000000000036e+01
1.550179999999999936e+01
3.344026249999999578e+01
1.832442499999999939e+02
1.303741249999999923e+02
1.369384999999999941e+01
5.425682500000000630e+00
5.326516250000000063e+00
8.039015000000000910e+00
1.301533750000000111e+01
2.194955000000000211e+01
5.063776250000000090e+01
4.447356250000000273e+02
5.147179999999999609e+02
3.998871250000000543e+01
8.088110000000000355e+00
6.172960000000000669e+00
9.282843749999997840e+00
1.135918750000000088e+01
1.439337499999999892e+01
5.753642499999999416e+01
1.429156250000000128e+01
2.700347500000000167e+01
5.053496249999999890e+01
6.712996249999998888e+00
1.903462500000000190e+01
8.159448750000001027e+00
4.229686250000000314e+01
8.679546250000001351e+00
2.279023749999999637e+01
1.537051250000000024e+01
4.517981250000000060e+00
9.881287499999999113e+00
5.585307499999999870e+00
3.900286249999999733e+00
5.018839999999999968e+00
8.611000000000000654e+00
2.473473750000000138e+00
2.890449999999999964e+00
3.912386249999999954e+00
1.724947500000000389e+02
8.998023749999999765e+00
4.188425000000000509e+00
3.518263750000000023e+00
8.772611250000000638e+00
2.102570000000000050e+00
1.186122499999999969e+00
3.640818749999999682e+01
5.111826250000000016e+00
7.296897500000000036e+00
1.531657500000000027e+01
8.095068749999999369e+00
1.762922499999999815e+01
2.365608749999999816e+01
1.706985000000000241e+01
1.965022500000000250e+01
2.161363749999999939e+01
6.724116249999999795e+00
6.643277499999999947e+00
1.086790000000000056e+01
1.115366250000000115e+01
7.053958749999999611e+00
1.327242500000000014e+01
9.300467499999999887e+00
9.033979999999999677e+00
8.833578750000000923e+00
8.706045000000001366e+00
7.742246249999999108e+00
6.944969999999999644e+00
6.750720000000001164e+00
6.592737500000000139e+00
6.306630000000000180e+00
5.760943750000000030e+00
5.467242500000000227e+00
4.611604999999999954e+00
3.754533749999999781e+00
3.486260000000000137e+00
3.182617500000000099e+00
2.764522500000000438e+00
2.465332499999999705e+00
2.253772499999999734e+00
2.175936249999999905e+00
2.005153749999999846e+00
1.871528749999999963e+00
1.775138750000000210e+00
1.666217499999999907e+00
1.526323749999999979e+00
1.412486250000000165e+00
1.275686250000000133e+00
1.066140000000000088e+00
9.616238750000000168e-01
8.689452499999998913e-01
7.762888749999999893e-01
6.970158749999999515e-01
6.322794999999999943e-01
5.767044999999999533e-01
4.398981250000000287e-01
4.149491249999999742e-01
3.917879999999999696e-01
3.481486249999999893e-01
3.225007500000000027e-01
3.106220000000000092e-01
2.962767500000000331e-01
2.757014999999999327e-01
2.419826250000000067e-01
2.146532500000000176e-01
1.903334999999999888e-01
1.607540000000000080e-01
1.350481249999999911e-01
1.163948749999999949e-01
1.038148749999999870e-01
9.917812500000000586e-02
9.353573749999999354e-02
8.673357500000000719e-02
7.876985000000000237e-02
7.268416249999999634e-02
6.913931249999999418e-02
6.297099999999999920e-02
5.877666249999999315e-02
5.507678750000001566e-02
4.936193749999999436e-02
4.567304999999999976e-02
4.393255000000000077e-02
4.273772500000000418e-02
4.153182500000000138e-02
3.908509999999999762e-02
3.592488750000000231e-02
3.302066249999999897e-02
3.088899999999999979e-02
2.951571249999999577e-02
2.833877500000000008e-02
2.738573750000000001e-02
2.593967499999999884e-02
2.222078749999999853e-02
1.671734999999999888e-02
1.302248749999999899e-02
1.048648750000000067e-02
5.937968750000000538e-03
3.407449999999999802e-03
2.614244999999999850e-03
2.131283749999999914e-03
2.145105000000000015e-03
2.120153749999999660e-03
4.952024999999999873e-04
4.851912500000000279e-04
4.709487499999999893e-04
2.241137499999999987e-04
2.186699999999999918e-04
