2.639797499999999797e+00
3.143288749999999965e+00
2.147258750000000216e+00
1.808831250000000113e+00
1.614916250000000053e+00
1.452759999999999829e+00
1.280328750000000015e+00
1.131513749999999874e+00
1.015088750000000095e+00
9.075017500000001069e-01
7.967729999999999535e-01
6.719202500000001077e-01
5.712985000000000424e-01
3.995768749999999980e-01
3.218671250000000317e-01
2.861664999999999903e-01
2.522833749999999764e-01
2.283376249999999885e-01
2.098975000000000146e-01
1.954333750000000203e-01
1.835846250000000013e-01
1.738306249999999886e-01
1.598813749999999922e-01
1.444987500000000091e-01
1.328997500000000109e-01
1.238223750000000123e-01
1.162167499999999798e-01
1.098978749999999921e-01
1.045297500000000046e-01
9.997871250000001098e-02
9.586013750000001166e-02
9.225547500000000345e-02
8.899987499999999219e-02
8.605469999999999786e-02
8.232789999999999553e-02
7.794603750000000941e-02
7.420674999999998800e-02
7.099838749999999588e-02
6.857565000000000188e-02
6.719146249999999321e-02
6.543711249999999147e-02
6.310288750000001001e-02
6.099521249999999978e-02
5.915619999999999906e-02
5.736353750000000584e-02
5.619796250000000382e-02
5.545254999999999629e-02
5.471406249999999361e-02
5.397529999999999689e-02
5.349176249999999799e-02
5.326512499999999650e-02
5.304251249999999973e-02
5.281662500000000593e-02
5.259081250000000041e-02
5.236651249999999674e-02
5.214089999999999697e-02
5.191521250000000198e-02
5.169164999999999871e-02
5.146594999999999642e-02
5.124217500000000092e-02
5.101712500000000344e-02
5.079212499999999353e-02
5.056654999999999484e-02
5.034202499999999858e-02
4.994695000000000384e-02
4.938573749999999873e-02
4.882396250000000520e-02
4.826028749999999173e-02
4.756310000000000399e-02
4.674182500000000767e-02
4.591449999999999698e-02
4.507819999999999883e-02
4.424933749999999943e-02
4.325972499999999887e-02
4.209422499999999900e-02
4.092530000000000473e-02
3.992028750000000542e-02
3.903580000000000244e-02
3.829967500000000524e-02
3.755867499999999970e-02
3.678238749999999946e-02
3.611084999999999989e-02
3.548617500000000174e-02
3.485161249999999683e-02
3.414788750000000150e-02
3.340628749999999952e-02
3.269461250000000457e-02
3.212002500000000343e-02
3.163367499999999999e-02
3.132154999999999662e-02
3.112590000000000495e-02
3.076568749999999963e-02
2.969447499999999796e-02
2.843232499999999788e-02
2.756837499999999913e-02
2.593674999999999800e-02
2.455203749999999852e-02
2.382404999999999939e-02
2.283323749999999902e-02
2.199221250000000030e-02
2.156530000000000252e-02
2.124141250000000092e-02
2.082438749999999950e-02
2.055421249999999853e-02
1.982899999999999940e-02
1.873187500000000200e-02
1.783921249999999986e-02
1.693836250000000168e-02
1.628932499999999686e-02
1.583921250000000155e-02
1.536032499999999759e-02
1.500010000000000059e-02
1.468446249999999856e-02
1.436407500000000045e-02
1.402662500000000090e-02
1.360123750000000013e-02
1.331659999999999788e-02
1.311788750000000142e-02
1.290437499999999918e-02
1.267266249999999921e-02
1.233906249999999934e-02
1.191402499999999996e-02
1.161111250000000129e-02
1.147645000000000089e-02
1.141497499999999908e-02
1.134563749999999843e-02
1.127512500000000042e-02
1.122606249999999993e-02
1.117613750000000065e-02
1.118026250000000131e-02
1.119451249999999821e-02
1.120488749999999992e-02
1.121329999999999896e-02
1.122277500000000081e-02
1.123729999999999868e-02
1.131712500000000080e-02
1.146126249999999958e-02
1.163146249999999840e-02
1.193953750000000154e-02
1.229156249999999867e-02
1.281841249999999925e-02
1.393662500000000110e-02
1.642769999999999994e-02
1.046034750000000013e+00
1.834222500000000020e-02
1.479271249999999926e-02
1.449706250000000127e-02
1.525172499999999896e-02
1.662482499999999933e-02
1.859043750000000106e-02
2.040678749999999889e-02
2.516134999999999899e-02
4.174150000000000083e-02
9.567033750000000780e-02
3.499766250000000412e-01
5.383776250000000374e+00
3.064732500000000073e+02
2.087916250000000362e-01
7.484934999999999852e-03
7.145504999999999045e-03
7.531374999999999875e-03
1.746513749999999865e+00
7.841422500000000406e-03
1.074620000000000089e-02
2.294235000000000024e+00
5.587807499999999372e-01
1.658393750000000111e+01
1.019419000000000075e+00
1.242663750000000178e+00
8.202672499999998923e-01
6.137503750000000355e-03
5.357098750000000020e-01
6.309080000000000243e-01
1.112407500000000216e+00
2.389516250000000008e-01
8.377948750000000500e-01
5.407174999999999621e-01
3.670070000000000277e-01
3.397937499999999500e-01
3.804802499999999643e-01
3.286945000000000006e-01
2.883417500000000078e-01
2.423105000000000120e-01
1.967111249999999867e-01
1.624193750000000047e-01
1.333745000000000069e-01
1.119722500000000093e-01
1.074831249999999988e-01
1.019761250000000008e-01
9.097231249999998548e-02
8.556988749999999699e-02
8.325875000000000636e-02
8.067741249999998976e-02
7.655642499999999739e-02
6.911657499999999954e-02
6.766901249999998647e-02
6.654406250000000078e-02
6.661793750000000180e-02
6.824389999999999623e-02
7.124931249999999494e-02
7.361073750000000915e-02
7.481833750000001226e-02
7.628903750000000372e-02
7.806566250000000762e-02
8.098747500000000321e-02
7.808512500000000522e-02
5.095332499999999376e-02
3.686404999999999543e-02
3.327343749999999573e-02
3.199068749999999656e-02
3.121215000000000100e-02
3.139862499999999945e-02
3.168136250000000431e-02
3.187542499999999890e-02
3.209957500000000519e-02
3.264672500000000144e-02
3.267848749999999886e-02
3.210744999999999572e-02
3.165161250000000231e-02
3.129280000000000256e-02
3.098530000000000034e-02
3.073631250000000148e-02
3.030118750000000000e-02
3.033447500000000310e-02
2.897463750000000074e-02
2.350042500000000187e-02
2.074919999999999889e-02
1.420107500000000050e-02
6.696586249999999900e-03
2.877201250000000106e-03
1.697464999999999998e-03
6.749802500000000229e-04
7.020256250000001062e-04
2.370828749999999777e-04
2.474913749999999848e-04
2.224368749999999827e-04
8.098149999999999706e-05
5.682587499999999911e-05
