9.337949999999999307e+00
1.198192500000000038e+01
8.914561250000000214e+00
7.961477499999999985e+00
7.444121250000001133e+00
7.031548749999999792e+00
6.616073750000000864e+00
6.277447500000000957e+00
6.028018749999999315e+00
5.810247500000000009e+00
5.597989999999999355e+00
5.375379999999999825e+00
5.207247500000000251e+00
4.947153750000000016e+00
4.838055000000000661e+00
4.790726249999999631e+00
4.746978750000000247e+00
4.716802500000000009e+00
4.693977499999999914e+00
4.676319999999999588e+00
4.662009999999999543e+00
4.650343750000000220e+00
4.633823750000000352e+00
4.615808749999999350e+00
4.602362499999999912e+00
4.591918750000000493e+00
4.583211250000000625e+00
4.576007500000000228e+00
4.569903749999999931e+00
4.564732500000000748e+00
4.560060000000000002e+00
4.555975000000000108e+00
4.552282499999999565e+00
4.548941250000000380e+00
4.544703750000000042e+00
4.539706250000000054e+00
4.535423749999999643e+00
4.531728750000000083e+00
4.528937500000000504e+00
4.527331249999999585e+00
4.525276250000000999e+00
4.522541249999999735e+00
4.520052500000000251e+00
4.517858750000000256e+00
4.515715000000000146e+00
4.514297499999999630e+00
4.513388749999999838e+00
4.512486250000000254e+00
4.511586249999999687e+00
4.510991250000000008e+00
4.510704999999999742e+00
4.510419999999999874e+00
4.510133749999999608e+00
4.509848749999999740e+00
4.509563749999999871e+00
4.509280000000000399e+00
4.508991250000000228e+00
4.508708750000000265e+00
4.508423750000000396e+00
4.508140000000000036e+00
4.507853750000000659e+00
4.507570000000000299e+00
4.507284999999999542e+00
4.506999999999999673e+00
4.506501249999999459e+00
4.505788750000000675e+00
4.505076250000000115e+00
4.504362500000000047e+00
4.503451250000000350e+00
4.502352499999999758e+00
4.501244999999999941e+00
4.500126250000000105e+00
4.499017499999999892e+00
4.497650000000000148e+00
4.496001249999999949e+00
4.494348750000000337e+00
4.492869999999999919e+00
4.491540000000000532e+00
4.490433749999999336e+00
4.489241250000000072e+00
4.487933749999999833e+00
4.486799999999999677e+00
4.485749999999999460e+00
4.484678750000000491e+00
4.483491250000000150e+00
4.482245000000000701e+00
4.481042500000000040e+00
4.479963750000000466e+00
4.478978749999999565e+00
4.478348750000000322e+00
4.477951250000000272e+00
4.477222499999999883e+00
4.475060000000000038e+00
4.472356250000000699e+00
4.470277499999999904e+00
4.466172500000000767e+00
4.462322499999999970e+00
4.460022500000000001e+00
4.456606250000000102e+00
4.453705000000001135e+00
4.452071249999999480e+00
4.450667499999999777e+00
4.448856250000000401e+00
4.447683750000000380e+00
4.444336250000000099e+00
4.438532499999999992e+00
4.433065000000000033e+00
4.426387499999999697e+00
4.421030000000000015e+00
4.417207499999999953e+00
4.412206250000000551e+00
4.408181250000000162e+00
4.404641250000000952e+00
4.400388750000001181e+00
4.395439999999999792e+00
4.388808750000000813e+00
4.383538749999999595e+00
4.379768750000000210e+00
4.374905000000000044e+00
4.367812499999999432e+00
4.357601250000000093e+00
4.344590000000000174e+00
4.331453749999999658e+00
4.321256250000000243e+00
4.316601249999999723e+00
4.311348749999999619e+00
4.306008750000000163e+00
4.302291250000000566e+00
4.297600000000000087e+00
4.291838750000000147e+00
4.284061250000000598e+00
4.278394999999999726e+00
4.273797500000000582e+00
4.268625000000000114e+00
4.260699999999999932e+00
4.252311249999999987e+00
4.244226250000000533e+00
4.235662500000000108e+00
4.226473750000000251e+00
4.220183750000000344e+00
4.213516249999999630e+00
4.205803749999999397e+00
4.199469999999999814e+00
5.206823749999999862e+00
4.151097499999999663e+00
4.124923750000000666e+00
4.098435000000000272e+00
4.068178750000000399e+00
4.029367499999999325e+00
3.987789999999999946e+00
3.954532500000000006e+00
3.886813749999999512e+00
3.721920000000000339e+00
3.423666250000000133e+00
2.918464999999999865e+00
7.037418750000000500e+00
5.184792500000000928e+02
5.359613750000000287e+00
4.137834999999999930e+00
4.047786249999999697e+00
3.972712500000000091e+00
5.721529999999999561e+00
3.597412499999999902e+00
3.201308749999999925e+00
4.336543749999999875e+01
6.492132500000000306e+00
1.424481250000000045e+02
1.357261249999999819e+01
9.645232500000000542e+00
1.847822500000000190e+01
6.886436250000000925e+00
6.114827500000000526e+00
9.287526249999999095e+00
6.983556250000000354e+00
4.850618750000000645e+00
1.247507500000000036e+01
1.265391250000000056e+01
1.161517500000000069e+01
7.693380000000000329e+00
7.087985000000000646e+00
8.431205000000000283e+00
8.203501250000000411e+00
7.977166249999999792e+00
7.797012500000000124e+00
7.688847500000000501e+00
7.624577499999999119e+00
7.592633750000000070e+00
7.592469999999999608e+00
7.592270000000000074e+00
7.592852500000000227e+00
7.597521249999999782e+00
7.601446249999999516e+00
7.605828749999999694e+00
7.612824999999999953e+00
7.644264999999999866e+00
7.682382500000000114e+00
7.706837499999999785e+00
7.694298750000001519e+00
7.647470000000001100e+00
7.603808749999999783e+00
7.570332499999999243e+00
7.551208749999998915e+00
7.527921250000000342e+00
7.499794999999999767e+00
7.461647499999999766e+00
7.426527499999999726e+00
7.403038749999999446e+00
7.343034999999999535e+00
7.292109999999999204e+00
7.240677500000000322e+00
7.147899999999999920e+00
7.072187500000000071e+00
7.033312500000000078e+00
7.006627500000000452e+00
6.975809999999999178e+00
6.899371250000000622e+00
6.785400000000000098e+00
6.667277500000000856e+00
6.571168750000000003e+00
6.493221249999999500e+00
6.426923750000000268e+00
6.373264999999999958e+00
6.278760000000000119e+00
5.992823750000000338e+00
5.470908749999999543e+00
5.082193750000000954e+00
4.798812500000000369e+00
4.283488749999999179e+00
4.061698749999999691e+00
4.103146249999999995e+00
4.296019999999999506e+00
4.506513749999999874e+00
4.614711250000000042e+00
1.133178749999999901e+00
1.123419999999999863e+00
1.108038749999999961e+00
5.369812499999999655e-01
5.235275000000000345e-01
