6.698162499999999575e+00
8.838631250000000605e+00
6.767299999999999649e+00
6.152647500000000491e+00
5.829204999999999970e+00
5.578789999999999694e+00
5.335748749999999596e+00
5.145933750000001083e+00
5.012929999999999886e+00
4.902743749999999956e+00
4.801217499999999028e+00
4.703459999999999752e+00
4.635946250000000823e+00
4.547575000000000145e+00
4.516187499999999133e+00
4.504561250000000072e+00
4.494693749999999710e+00
4.488464999999999705e+00
4.484081250000000018e+00
4.480887499999999690e+00
4.478426250000000053e+00
4.476513750000000513e+00
4.473941249999999314e+00
4.471309999999999896e+00
4.469462499999999672e+00
4.468094999999999928e+00
4.466993749999999430e+00
4.466109999999999580e+00
4.465370000000000061e+00
4.464755000000000251e+00
4.464199999999999058e+00
4.463720000000001242e+00
4.463280000000000136e+00
4.462887499999999896e+00
4.462373749999999362e+00
4.461759999999999060e+00
4.461216250000000549e+00
4.460729999999998974e+00
4.460360000000000547e+00
4.460139999999999993e+00
4.459838749999999408e+00
4.459440000000000737e+00
4.459060000000000024e+00
4.458701250000000726e+00
4.458352500000000163e+00
4.458100000000000840e+00
4.457937499999999886e+00
4.457770000000000010e+00
4.457609999999999850e+00
4.457499999999999574e+00
4.457439999999999181e+00
4.457379999999999676e+00
4.457320000000000171e+00
4.457259999999998890e+00
4.457200000000000273e+00
4.457139999999999880e+00
4.457080000000000375e+00
4.457019999999999982e+00
4.456959999999999589e+00
4.456900000000000084e+00
4.456839999999999691e+00
4.456780000000001074e+00
4.456719999999999793e+00
4.456660000000000288e+00
4.456551250000000408e+00
4.456400000000001249e+00
4.456251250000000219e+00
4.456100000000000172e+00
4.455888749999999732e+00
4.455610000000000070e+00
4.455328749999999616e+00
4.455047500000000049e+00
4.454769999999999897e+00
4.454391250000000468e+00
4.453906250000000178e+00
4.453420000000000378e+00
4.452950000000000408e+00
4.452503749999999982e+00
4.452133749999999779e+00
4.451681250000000034e+00
4.451151249999999671e+00
4.450691249999999322e+00
4.450261250000000501e+00
4.449827500000000491e+00
4.449346249999999614e+00
4.448837500000000666e+00
4.448343749999999375e+00
4.447843749999999652e+00
4.447343749999999929e+00
4.447025000000000006e+00
4.446826249999999980e+00
4.446458750000000570e+00
4.445365000000000677e+00
4.443922500000000220e+00
4.442708750000000428e+00
4.440234999999999488e+00
4.437771249999999945e+00
4.436197500000000460e+00
4.433771249999999498e+00
4.431712499999999721e+00
4.430507499999999155e+00
4.429423749999999771e+00
4.428032499999999594e+00
4.427131249999999518e+00
4.424506250000000307e+00
4.419801249999999904e+00
4.415225000000000399e+00
4.409448750000000139e+00
4.404740000000000322e+00
4.401368749999999608e+00
4.396846249999999401e+00
4.393180000000000085e+00
4.389958749999999910e+00
4.386026250000000459e+00
4.381415000000000504e+00
4.375207500000000138e+00
4.370222499999999677e+00
4.366652499999999826e+00
4.361998749999999703e+00
4.355137499999999662e+00
4.345261250000000075e+00
4.332677499999999959e+00
4.319843750000000426e+00
4.309778749999999548e+00
4.305183750000000309e+00
4.300003750000000124e+00
4.294729999999999492e+00
4.291064999999999685e+00
4.286421250000000960e+00
4.280657500000000226e+00
4.272868750000000659e+00
4.267191250000000657e+00
4.262584999999999624e+00
4.257402500000000423e+00
4.249460000000000015e+00
4.240996250000000245e+00
4.232764999999999667e+00
4.224031249999999460e+00
4.214532499999999793e+00
4.207892499999999814e+00
4.200697500000000417e+00
4.191867499999999858e+00
4.183041249999999600e+00
4.160787500000000527e+00
4.132756249999999909e+00
4.110132499999999744e+00
4.083940000000000126e+00
4.052926249999999619e+00
4.012742499999999879e+00
3.969198750000000331e+00
3.934126250000000269e+00
3.861653749999999885e+00
3.680178749999999610e+00
3.327997499999999498e+00
2.568490000000000162e+00
1.653643749999999857e+00
2.120062499999999943e+02
5.150825000000000209e+00
4.130349999999999966e+00
4.040637500000000770e+00
3.965182500000000054e+00
3.975018749999999823e+00
3.589572500000000055e+00
3.190561250000000015e+00
4.107119999999999749e+01
5.933351249999999411e+00
1.258643749999999955e+02
1.255319999999999858e+01
8.402570000000000761e+00
1.765796250000000001e+01
6.880300000000000082e+00
5.579116250000000221e+00
8.656617499999999410e+00
5.871148750000000582e+00
4.611665000000000347e+00
1.163729999999999976e+01
1.211321249999999949e+01
1.124814999999999898e+01
7.353585000000000704e+00
6.707502500000000367e+00
8.102513749999999959e+00
7.915160000000000196e+00
7.734856249999999989e+00
7.600303750000001024e+00
7.526428750000000889e+00
7.491202499999999986e+00
7.480661249999999818e+00
7.484991250000000207e+00
7.490297499999999609e+00
7.501881250000000279e+00
7.511951250000000080e+00
7.518186249999999404e+00
7.525147500000000100e+00
7.536267500000001007e+00
7.575147499999999923e+00
7.614713749999999060e+00
7.640295000000000059e+00
7.627682499999999699e+00
7.579224999999999213e+00
7.532561250000001429e+00
7.496718749999999432e+00
7.476391250000000710e+00
7.451633749999999168e+00
7.421728749999999764e+00
7.380659999999999776e+00
7.324180000000000135e+00
7.094693749999999355e+00
6.773209999999999731e+00
6.595101250000000803e+00
6.412686249999999255e+00
6.090398750000000305e+00
5.912136249999999649e+00
5.842725000000000612e+00
5.795077500000000548e+00
5.740059999999999718e+00
5.603907500000000041e+00
5.430483749999999610e+00
5.251584999999999503e+00
5.092549999999999244e+00
4.979163750000000555e+00
4.844231249999999989e+00
4.694787500000000335e+00
4.471876249999999331e+00
4.059183749999999868e+00
3.441548750000000378e+00
3.040805000000000202e+00
2.748385000000000300e+00
2.154512499999999608e+00
1.863401249999999898e+00
1.950351250000000203e+00
2.319513750000000041e+00
2.680221250000000222e+00
2.817486249999999970e+00
6.754612499999999020e-01
6.627137499999999903e-01
6.373824999999999630e-01
2.893112500000000198e-01
2.648725000000000107e-01
