9.102212500000000261e+00
1.185811250000000072e+01
8.969426250000001488e+00
8.098735000000001349e+00
7.636678749999999738e+00
7.276551250000000692e+00
6.924702499999999539e+00
6.648308750000000877e+00
6.453723750000000869e+00
6.292051250000000095e+00
6.142834999999999823e+00
5.999036250000000514e+00
5.899715000000000487e+00
5.769737500000000630e+00
5.723600000000000243e+00
5.706533749999999294e+00
5.692073750000000487e+00
5.682962499999999473e+00
5.676568750000000385e+00
5.671926250000000280e+00
5.668361250000001128e+00
5.665602500000000319e+00
5.661920000000000286e+00
5.658188749999999878e+00
5.655611250000000645e+00
5.653738750000000479e+00
5.652263749999999476e+00
5.651112499999999983e+00
5.650190000000001156e+00
5.649391249999998976e+00
5.648719999999999075e+00
5.648150000000000226e+00
5.647653749999999917e+00
5.647211249999999794e+00
5.646667499999999507e+00
5.646050000000000679e+00
5.645531250000000334e+00
5.645100000000000229e+00
5.644779999999999021e+00
5.644589999999999996e+00
5.644361249999999330e+00
5.644057499999999727e+00
5.643779999999999575e+00
5.643540000000000667e+00
5.643309999999999604e+00
5.643153749999999746e+00
5.643058749999999790e+00
5.642960000000001308e+00
5.642859999999999765e+00
5.642798750000000751e+00
5.642760000000000886e+00
5.642730000000000246e+00
5.642699999999998717e+00
5.642670000000000741e+00
5.642640000000000100e+00
5.642609999999999459e+00
5.642570000000000086e+00
5.642540000000000333e+00
5.642510000000000581e+00
5.642479999999999940e+00
5.642450000000000188e+00
5.642420000000000435e+00
5.642383750000000475e+00
5.642350000000000421e+00
5.642299999999999649e+00
5.642220000000000901e+00
5.642139999999999489e+00
5.642059999999999853e+00
5.641959999999999198e+00
5.641829999999999679e+00
5.641703749999999573e+00
5.641576249999999959e+00
5.641449999999999854e+00
5.641286249999999391e+00
5.641087499999999366e+00
5.640888749999999341e+00
5.640701250000000222e+00
5.640531249999998664e+00
5.640390000000000015e+00
5.640228750000000346e+00
5.640041249999999451e+00
5.639882499999998799e+00
5.639732500000000037e+00
5.639580000000000481e+00
5.639413749999999226e+00
5.639237500000000125e+00
5.639067500000001232e+00
5.638899999999999579e+00
5.638739999999999419e+00
5.638640000000000541e+00
5.638573750000000828e+00
5.638457500000001232e+00
5.638103749999999970e+00
5.637649999999999828e+00
5.637274999999998926e+00
5.636521249999999483e+00
5.635777499999999662e+00
5.635307499999999692e+00
5.634588750000000701e+00
5.633983749999999624e+00
5.633630000000000138e+00
5.633318749999999930e+00
5.632910000000000750e+00
5.632649999999999046e+00
5.631887499999999491e+00
5.630533750000000559e+00
5.629222500000000906e+00
5.627626250000000496e+00
5.627735000000000376e+00
5.629222500000000906e+00
5.624060000000000059e+00
5.622963750000000260e+00
5.622038749999999752e+00
5.620921250000000313e+00
5.619616249999999091e+00
5.617868750000000411e+00
5.616470000000000518e+00
5.615468749999999787e+00
5.614174999999999471e+00
5.612288750000000270e+00
5.609564999999999024e+00
5.606088749999999621e+00
5.602607500000000407e+00
5.599926249999999328e+00
5.598700000000000010e+00
5.597311249999999738e+00
5.595898749999999922e+00
5.594918749999999719e+00
5.593686250000001081e+00
5.592215000000000380e+00
5.590233749999999446e+00
5.588790000000000369e+00
5.587613750000000046e+00
5.586287500000000072e+00
5.584254999999999747e+00
5.582137500000000863e+00
5.580118749999999572e+00
5.577988750000000273e+00
5.575718750000000057e+00
5.574163750000001194e+00
5.572496249999999485e+00
5.570457499999998952e+00
5.568447500000000439e+00
5.563339999999999286e+00
5.557761249999999542e+00
5.553353749999999422e+00
5.548473749999999427e+00
5.543222500000000608e+00
5.536891250000000042e+00
5.530733750000000448e+00
5.526192499999999619e+00
5.518496250000000103e+00
5.504436250000000364e+00
5.489547499999999580e+00
5.477143750000000644e+00
5.467817500000000663e+00
5.461882500000000640e+00
5.404023750000000348e+00
5.327628749999999691e+00
5.302858749999999510e+00
5.281032500000000240e+00
5.238342499999999902e+00
5.120462499999999473e+00
4.986741250000000569e+00
2.723203750000000056e+01
7.895981250000000173e+00
6.240307499999999230e+00
7.001466250000000002e+00
5.618575000000000763e+00
4.881416249999999124e+00
7.112731250000000216e+01
7.043359999999999843e+00
6.193817499999999754e+00
5.455743749999999892e+00
9.977752500000001135e+00
5.966732499999999995e+00
7.965304999999998969e+00
7.223645000000000316e+00
6.822771249999999732e+00
9.234702499999999148e+00
1.662484999999999857e+01
1.028611249999999977e+01
7.521861250000000609e+00
7.168137499999999385e+00
6.322842500000000143e+00
8.610837499999998812e+00
8.559956250000000821e+00
8.611457500000000209e+00
8.668643750000001091e+00
8.780338750000000303e+00
8.854883749999999054e+00
8.894519999999999982e+00
8.934099999999999042e+00
8.992526249999999166e+00
9.151201249999999732e+00
9.221045000000000158e+00
9.246713750000001397e+00
9.179890000000000327e+00
8.981652499999999151e+00
8.703551250000000294e+00
8.522996250000002050e+00
8.449921249999999162e+00
8.367187500000000000e+00
8.270636250000000800e+00
8.137996249999998710e+00
8.018892499999999757e+00
7.943492500000000511e+00
7.769762500000000571e+00
7.631415000000000504e+00
7.494948749999999826e+00
7.116694999999999993e+00
6.644966250000000407e+00
6.405268750000000288e+00
6.243145000000000167e+00
6.087739999999999263e+00
5.802834999999999965e+00
5.440529999999999866e+00
5.143275000000000929e+00
4.946101249999999894e+00
4.814149999999999707e+00
4.708210000000000228e+00
4.626864999999999561e+00
4.492358750000000178e+00
3.964668749999999964e+00
3.197327500000000544e+00
2.737407499999999771e+00
2.544601249999999482e+00
2.208375000000000199e+00
2.064738750000000067e+00
2.139622499999999761e+00
2.384142499999999831e+00
2.593428750000000171e+00
2.568162499999999682e+00
5.913287499999999586e-01
5.737737499999999713e-01
5.447150000000000603e-01
2.425499999999999878e-01
2.275899999999999868e-01
