1.020266249999999930e+00
1.214871250000000069e+00
8.299196250000000497e-01
6.991222499999999451e-01
6.241785000000000805e-01
5.615088750000000184e-01
4.948687499999999684e-01
4.373571249999999577e-01
3.923639999999999350e-01
3.507878750000000267e-01
3.079981250000000115e-01
2.597523749999999798e-01
2.208721249999999747e-01
1.545340000000000047e-01
1.245228750000000051e-01
1.107421249999999968e-01
9.766373750000001408e-02
8.842519999999999547e-02
8.131531250000000044e-02
7.574015000000000608e-02
7.117348749999999336e-02
6.741521250000000187e-02
6.204540000000000055e-02
5.612869999999999665e-02
5.167167500000000718e-02
4.818686249999999671e-02
4.527515000000000012e-02
4.288205000000000489e-02
4.086616249999999728e-02
3.906991250000000498e-02
3.748733750000000225e-02
3.611120000000000302e-02
3.487139999999999684e-02
3.375161250000000002e-02
3.233728749999999902e-02
3.067802499999999766e-02
2.926617499999999844e-02
2.805901250000000097e-02
2.714746250000000041e-02
2.662846249999999831e-02
2.597381250000000211e-02
2.510277499999999731e-02
2.431908749999999939e-02
2.363856249999999465e-02
2.297588750000000360e-02
2.254808750000000112e-02
2.227509999999999907e-02
2.200458749999999880e-02
2.173404999999999782e-02
2.155767499999999837e-02
2.147612499999999869e-02
2.139603749999999943e-02
2.131478750000000144e-02
2.123352499999999962e-02
2.115285000000000082e-02
2.107166250000000116e-02
2.099047499999999802e-02
2.091002499999999875e-02
2.082886249999999981e-02
2.074830000000000077e-02
2.066736250000000136e-02
2.058641249999999812e-02
2.050523749999999881e-02
2.042446250000000060e-02
2.028232500000000382e-02
2.008043749999999933e-02
1.987831250000000188e-02
1.967551250000000237e-02
1.942884999999999751e-02
1.914172500000000179e-02
1.885243750000000287e-02
1.856002500000000083e-02
1.827020000000000033e-02
1.793085000000000165e-02
1.753698750000000015e-02
1.714229999999999920e-02
1.681241249999999854e-02
1.652671250000000217e-02
1.628897500000000068e-02
1.606575000000000017e-02
1.584369999999999876e-02
1.565164999999999959e-02
1.547298750000000028e-02
1.529151250000000163e-02
1.509021249999999842e-02
1.487812499999999899e-02
1.467539999999999990e-02
1.454072499999999914e-02
1.444568750000000019e-02
1.438471249999999715e-02
1.434648749999999952e-02
1.427608750000000128e-02
1.406679999999999736e-02
1.388057499999999916e-02
1.384379999999999812e-02
1.388446249999999819e-02
1.414113749999999954e-02
1.447583750000000155e-02
1.524236250000000036e-02
1.614781249999999724e-02
1.685886250000000197e-02
1.763857500000000009e-02
1.870869999999999825e-02
1.966601249999999634e-02
2.305522500000000211e-02
3.427381250000000046e-02
6.107401249999999671e-02
3.121656250000000021e-01
6.400200000000000777e+00
1.636560000000000059e+01
3.287745000000000251e-01
1.163929999999999965e-01
6.806003750000000352e-02
4.291445000000000676e-02
2.895977500000000357e-02
1.996194999999999914e-02
1.577323749999999872e-02
1.395076249999999997e-02
1.201435000000000176e-02
1.014842499999999911e-02
8.455308750000001261e-03
7.096563750000000649e-03
6.219114999999999886e-03
5.732736249999999430e-03
5.549247499999999944e-03
5.385893750000000577e-03
5.219716249999999981e-03
5.104093750000000124e-03
4.966316250000000002e-03
4.842042499999999264e-03
4.680105000000000376e-03
4.563611249999999404e-03
4.484641250000000016e-03
4.405125000000000186e-03
4.283273750000000241e-03
4.174689999999999998e-03
4.091146250000000234e-03
4.002892499999999819e-03
3.908968750000000117e-03
3.844548750000000188e-03
3.778726250000000349e-03
3.723271250000000088e-03
3.674209999999999803e-03
3.549384999999999953e-03
3.413058750000000103e-03
3.317341249999999995e-03
3.244101249999999537e-03
3.170024999999999926e-03
3.081753750000000049e-03
3.018912500000000068e-03
2.979416249999999790e-03
2.914478750000000333e-03
2.829279999999999989e-03
2.770706249999999819e-03
2.743340000000000362e-03
2.722762500000000269e-03
2.709664999999999990e-03
2.754647499999999995e-03
2.957925000000000137e-03
3.062117500000000221e-03
3.173171249999999673e-03
3.424021250000000051e-03
4.310772499999999778e-03
5.634086249999999824e-03
4.617706249999999457e+00
2.632901249999999749e+00
5.744795000000000457e-03
1.627496249999999867e+00
3.341925000000000034e-01
3.996317499999999835e-03
3.801482500000000098e+00
7.693120000000000340e-03
4.701301250000000098e-01
4.184088750000000342e-03
6.962223750000000599e-01
3.008192499999999825e-01
1.637497499999999995e-01
9.386571250000000921e-01
3.944138750000000249e-01
1.978807500000000219e-01
1.901707499999999995e-01
1.504688750000000019e-01
1.305746249999999997e-01
1.067282500000000106e-01
8.441548749999999712e-02
8.936220000000000274e-02
7.649342500000000378e-02
7.172997500000000137e-02
6.755202500000000165e-02
6.023848750000000002e-02
5.607038749999999905e-02
5.410115000000000757e-02
5.243946250000000586e-02
5.033214999999999911e-02
4.597978749999999393e-02
4.325216250000000345e-02
4.170160000000000533e-02
4.166645000000000071e-02
4.323780000000000678e-02
4.511054999999999926e-02
4.633127500000000509e-02
4.683623750000000252e-02
4.741739999999999844e-02
4.810135000000000105e-02
4.915527500000000521e-02
5.016563750000000571e-02
5.081743749999999976e-02
5.206897500000000345e-02
5.301136249999999217e-02
5.395165000000000377e-02
5.163585000000000397e-02
3.975851250000000253e-02
3.487838749999999655e-02
3.195582500000000020e-02
2.998526249999999838e-02
2.876305000000000181e-02
2.834828749999999606e-02
2.890126250000000022e-02
2.931898750000000442e-02
2.998826249999999791e-02
3.077486249999999979e-02
3.140382499999999633e-02
3.165858750000000166e-02
2.640618750000000084e-02
2.043120000000000006e-02
1.654066250000000085e-02
1.342688749999999993e-02
8.829306250000000175e-03
5.808848749999999742e-03
3.840354999999999724e-03
1.504681249999999769e-03
6.189694999999999833e-04
6.789366249999999889e-04
2.564024999999999833e-04
2.524899999999999627e-04
2.429381249999999857e-04
1.143134999999999957e-04
1.134382499999999976e-04
