1.012248750000000008e+01
1.307300000000000040e+01
9.799346249999999259e+00
8.797857500000000996e+00
8.260856249999998013e+00
7.838061250000000868e+00
7.419572499999999238e+00
7.085667499999999563e+00
6.846090000000000231e+00
6.642841250000000031e+00
6.450832500000000636e+00
6.258789999999999409e+00
6.120585000000000164e+00
5.924269999999999925e+00
5.848122499999999668e+00
5.817276249999999926e+00
5.789736249999999806e+00
5.771386249999999940e+00
5.757883750000000411e+00
5.747667500000000373e+00
5.739535000000000053e+00
5.733019999999999783e+00
5.723966250000000144e+00
5.714316249999999542e+00
5.707283750000000211e+00
5.701927500000000038e+00
5.697540000000000937e+00
5.693995000000000140e+00
5.691053750000000022e+00
5.688463750000000374e+00
5.686206250000000573e+00
5.684264999999999901e+00
5.682525000000000048e+00
5.680963750000000090e+00
5.679004999999999193e+00
5.676726250000000640e+00
5.674798749999999892e+00
5.673162500000000108e+00
5.671924999999999883e+00
5.671221249999999436e+00
5.670337500000000475e+00
5.669159999999999755e+00
5.668099999999999916e+00
5.667181250000000503e+00
5.666285000000000238e+00
5.665701250000000577e+00
5.665331249999999486e+00
5.664963750000000964e+00
5.664592499999999475e+00
5.664351249999999283e+00
5.664240000000000386e+00
5.664130000000000109e+00
5.664017499999999927e+00
5.663899999999999046e+00
5.663789999999999658e+00
5.663680000000000270e+00
5.663565000000000182e+00
5.663449999999999207e+00
5.663339999999998930e+00
5.663229999999999542e+00
5.663117499999999360e+00
5.663001249999998876e+00
5.662889999999999091e+00
5.662779999999998815e+00
5.662581249999998789e+00
5.662300000000000999e+00
5.662019999999999165e+00
5.661736250000000581e+00
5.661388749999999526e+00
5.660973750000000138e+00
5.660556250000000844e+00
5.660134999999999472e+00
5.659717499999999291e+00
5.659214999999998774e+00
5.658623750000000285e+00
5.658031249999998735e+00
5.657513750000000563e+00
5.657060000000000421e+00
5.656680000000000597e+00
5.656293750000000564e+00
5.655884999999999607e+00
5.655533750000000026e+00
5.655206249999999102e+00
5.654872499999999746e+00
5.654505000000000337e+00
5.654115000000000002e+00
5.653742499999999893e+00
5.653440000000000687e+00
5.653185000000000571e+00
5.653021249999998332e+00
5.652920000000000833e+00
5.652731249999998653e+00
5.652171249999999425e+00
5.651530000000000165e+00
5.651117499999999794e+00
5.650403749999999725e+00
5.649920000000000719e+00
5.649779999999999802e+00
5.649830000000000574e+00
5.650132499999999780e+00
5.650491249999999077e+00
5.650956250000000125e+00
5.651618750000000801e+00
5.652317500000000550e+00
5.654943749999999270e+00
5.664805000000000312e+00
5.690296250000000278e+00
5.939791250000000744e+00
1.202793749999999839e+01
2.199482500000000229e+01
5.952834999999999432e+00
5.739359999999999573e+00
5.690100000000000158e+00
5.663836250000000128e+00
5.648577500000000029e+00
5.637827500000000214e+00
5.632242500000000263e+00
5.629417499999999741e+00
5.626190000000000246e+00
5.622436249999999802e+00
5.618019999999999570e+00
5.613184999999999647e+00
5.608826249999999902e+00
5.605658749999999912e+00
5.604248750000000001e+00
5.602698750000000061e+00
5.601118750000000368e+00
5.600022499999999681e+00
5.598653750000000429e+00
5.597057500000000907e+00
5.594912499999999511e+00
5.593352499999999949e+00
5.592096249999999991e+00
5.590693750000000684e+00
5.588540000000000951e+00
5.586308749999999712e+00
5.584210000000000562e+00
5.581991249999999738e+00
5.579627499999999962e+00
5.578012500000000706e+00
5.576276249999999379e+00
5.574181249999999643e+00
5.572125000000000661e+00
5.566888750000000385e+00
5.561173749999999139e+00
5.556671250000000839e+00
5.551719999999999544e+00
5.546392499999999615e+00
5.539972500000000188e+00
5.533753749999999805e+00
5.529172500000000490e+00
5.521412500000000279e+00
5.507264999999999411e+00
5.492320000000001201e+00
5.479888750000000641e+00
5.470541250000000133e+00
5.464592500000001074e+00
5.406779999999999475e+00
5.330585000000001017e+00
5.305920000000000414e+00
5.284204999999999153e+00
5.241765000000000008e+00
5.124772500000000619e+00
4.992375000000000895e+00
3.184975000000000023e+01
1.052888749999999796e+01
6.246050000000000324e+00
8.628967499999998125e+00
5.952767500000000211e+00
4.885411250000000649e+00
7.492879999999999541e+01
7.051053750000000342e+00
6.663950000000000706e+00
5.459927500000000933e+00
1.067398749999999907e+01
6.267552499999999860e+00
8.129054999999999254e+00
8.162301249999998731e+00
7.217184999999999739e+00
9.432581250000000139e+00
1.681503749999999897e+01
1.043661249999999896e+01
7.652435000000000542e+00
7.274867500000000931e+00
6.407259999999999067e+00
8.700201250000000996e+00
8.636449999999999960e+00
8.683186249999998552e+00
8.736193749999999980e+00
8.840576250000001579e+00
8.910954999999999515e+00
8.948621250000000416e+00
8.986538749999999354e+00
9.042857499999998439e+00
9.197179999999999467e+00
9.264297500000001406e+00
9.288414999999998756e+00
9.221556249999999011e+00
9.024890000000000967e+00
8.748661250000001388e+00
8.569326250000001366e+00
8.496757499999999297e+00
8.414604999999999890e+00
8.318741250000000420e+00
8.187152499999999833e+00
8.069061250000000740e+00
7.994308749999999186e+00
7.821830000000000283e+00
7.684423749999999664e+00
7.550003749999999236e+00
7.314221250000000119e+00
7.133341250000000855e+00
7.045648749999999794e+00
6.988301250000001019e+00
6.923066249999999755e+00
6.764980000000000437e+00
6.543396249999999803e+00
6.330360000000000653e+00
6.175936250000000349e+00
6.068130000000000912e+00
5.979328749999999637e+00
5.910118750000000531e+00
5.791292500000000842e+00
5.459554999999999048e+00
4.926680000000000170e+00
4.575391250000000021e+00
4.345568749999999980e+00
3.951485000000000802e+00
3.786531249999999904e+00
3.874353750000000041e+00
4.134851250000000533e+00
4.298564999999999969e+00
4.291271249999999426e+00
1.031131250000000055e+00
1.017206250000000090e+00
9.910299999999999665e-01
4.680250000000000243e-01
4.535012500000000224e-01
