7.444150000000000489e+00
9.610381249999999653e+00
7.204566250000000061e+00
6.471161250000000642e+00
6.079469999999999708e+00
5.772587499999999316e+00
5.471137500000000209e+00
5.233146249999999888e+00
5.064869999999999983e+00
4.924637499999999335e+00
4.794971249999999685e+00
4.669863750000000202e+00
4.583421249999999780e+00
4.470296249999999638e+00
4.430145000000000444e+00
4.415291250000000112e+00
4.402709999999999901e+00
4.394782499999999814e+00
4.389219999999999899e+00
4.385184999999999889e+00
4.382083749999999611e+00
4.379688749999999686e+00
4.376487500000000530e+00
4.373248749999999241e+00
4.371014999999999873e+00
4.369393749999999521e+00
4.368115000000000414e+00
4.367117499999999986e+00
4.366299999999999848e+00
4.365639999999999965e+00
4.365062499999999623e+00
4.364580000000000126e+00
4.364150000000001306e+00
4.363779999999999326e+00
4.363316249999999563e+00
4.362790000000000390e+00
4.362359999999999793e+00
4.362000000000000988e+00
4.361730000000000551e+00
4.361580000000000013e+00
4.361390000000000100e+00
4.361141249999999303e+00
4.360920000000000130e+00
4.360730000000000217e+00
4.360540000000000305e+00
4.360420000000000407e+00
4.360339999999999883e+00
4.360260000000000247e+00
4.360190000000000232e+00
4.360140000000000349e+00
4.360109999999999708e+00
4.360089999999999577e+00
4.360059999999999825e+00
4.360039999999998805e+00
4.360017499999999657e+00
4.359989999999999810e+00
4.359969999999999679e+00
4.359940000000000815e+00
4.359919999999999796e+00
4.359890000000000043e+00
4.359869999999999912e+00
4.359850000000000669e+00
4.359820000000000029e+00
4.359799999999999898e+00
4.359756250000000222e+00
4.359696250000000717e+00
4.359633749999999530e+00
4.359572499999999629e+00
4.359499999999999709e+00
4.359399999999999942e+00
4.359309999999999796e+00
4.359210000000000029e+00
4.359119999999999884e+00
4.359000000000000874e+00
4.358857500000000051e+00
4.358711250000000703e+00
4.358579999999999899e+00
4.358460000000000001e+00
4.358360000000000234e+00
4.358249999999999069e+00
4.358120000000000438e+00
4.358010000000000161e+00
4.357910000000000394e+00
4.357802500000000023e+00
4.357689999999998953e+00
4.357569999999999943e+00
4.357450000000000045e+00
4.357339999999999769e+00
4.357230000000000381e+00
4.357163749999999780e+00
4.357120000000000992e+00
4.357041249999999089e+00
4.356810000000000294e+00
4.356508749999999708e+00
4.356259999999999799e+00
4.355766250000000284e+00
4.355283749999999898e+00
4.354981250000000692e+00
4.354517500000000041e+00
4.354123749999999404e+00
4.353893749999999230e+00
4.353690000000000282e+00
4.353430000000000355e+00
4.353259999999999685e+00
4.352766250000000170e+00
4.351891250000000433e+00
4.351041250000000637e+00
4.349966249999999590e+00
4.349095000000000155e+00
4.348471249999999344e+00
4.347632499999999567e+00
4.346952499999999553e+00
4.346356250000000365e+00
4.345626250000000468e+00
4.344772500000000370e+00
4.343622500000000386e+00
4.342698750000000274e+00
4.342033750000000580e+00
4.341171249999999482e+00
4.339900000000000091e+00
4.338071249999999601e+00
4.335737499999999578e+00
4.333371250000000785e+00
4.331523749999999673e+00
4.330682499999999990e+00
4.329732499999999540e+00
4.328764999999999752e+00
4.328093749999999851e+00
4.327246249999999961e+00
4.326209999999999667e+00
4.324813749999999679e+00
4.323796249999999119e+00
4.322969999999999757e+00
4.322041250000000723e+00
4.320618749999999508e+00
4.319113750000000529e+00
4.317664999999999864e+00
4.316133750000000546e+00
4.314503750000000082e+00
4.313385000000000247e+00
4.312181250000000077e+00
4.310674999999999812e+00
4.309184999999999377e+00
4.305400000000000560e+00
4.301263750000000385e+00
4.297961250000000177e+00
4.294214999999999449e+00
4.290168750000000308e+00
4.285281249999999709e+00
4.280402499999999222e+00
4.276763749999999753e+00
4.270576250000000407e+00
4.258944999999999759e+00
4.246162499999999618e+00
4.235146249999999668e+00
4.226861250000000680e+00
4.221587500000000048e+00
4.164622500000000116e+00
4.082428750000000051e+00
4.051629999999999399e+00
4.024452499999999766e+00
3.967106250000000056e+00
4.454367500000000035e+00
3.499806250000000230e+00
2.727894999999999825e+01
4.900827500000001002e+00
4.772772499999999418e+00
4.647992500000000859e+00
4.488497500000000251e+00
4.360016250000000149e+00
4.266216249999999377e+00
4.198463750000000161e+00
4.035411250000000116e+00
3.889671250000000136e+00
3.764872500000000066e+00
3.452331250000000296e+00
2.316878749999999876e+00
8.849568749999998829e+01
1.326312500000000050e+01
1.453308750000000060e+01
3.923123749999999887e+01
1.140021249999999853e+01
1.110443750000000129e+01
1.039891249999999978e+01
9.765387500000000998e+00
9.287876250000000056e+00
8.925931250000001427e+00
8.811634999999998996e+00
8.700737500000000679e+00
8.498086250000000064e+00
8.373347499999999499e+00
8.309841249999999846e+00
8.247869999999998925e+00
8.158019999999998717e+00
8.053983750000000441e+00
8.015156250000000426e+00
7.951268749999999663e+00
7.813979999999999926e+00
7.611756250000000890e+00
7.397044999999999426e+00
7.232049999999999201e+00
7.094515000000001237e+00
6.932688750000000510e+00
6.752743749999999601e+00
6.528989999999999405e+00
6.337157500000000887e+00
6.207874999999999588e+00
5.988262500000000266e+00
5.828557499999998726e+00
5.676168749999999541e+00
5.424434999999999896e+00
5.238895000000000302e+00
5.143105000000000260e+00
5.073906250000000284e+00
4.997383750000000013e+00
4.818808749999999641e+00
4.570047500000000262e+00
4.334806249999999750e+00
4.164728750000000090e+00
4.052885000000000737e+00
3.966695000000000526e+00
3.896902500000000380e+00
3.774565000000000392e+00
3.410979999999999901e+00
2.891902500000000487e+00
2.639452499999999979e+00
2.500726250000000039e+00
2.263879999999999892e+00
2.227921250000000075e+00
2.396133749999999729e+00
2.748423750000000165e+00
2.958797500000000191e+00
2.823859999999999815e+00
5.772412500000000390e-01
5.593362499999999793e-01
5.244087500000000901e-01
2.279299999999999937e-01
2.066999999999999948e-01
