8.386874999999999858e+00
1.073292499999999983e+01
7.971403750000000343e+00
7.117136249999999720e+00
6.656193749999999909e+00
6.291402500000000231e+00
5.928372500000000045e+00
5.637236250000000837e+00
5.427382499999999332e+00
5.248732500000000023e+00
5.079521249999999988e+00
4.909824999999999662e+00
4.787449999999999761e+00
4.612998750000000037e+00
4.545097499999999791e+00
4.517500000000000071e+00
4.492812500000000320e+00
4.476336250000000128e+00
4.464190000000000325e+00
4.454992499999999467e+00
4.447658749999999550e+00
4.441778750000000109e+00
4.433597499999999414e+00
4.424868750000000794e+00
4.418493750000000553e+00
4.413628750000000878e+00
4.409639999999999560e+00
4.406385000000000218e+00
4.403653750000000144e+00
4.401372499999999910e+00
4.399321249999999850e+00
4.397552499999999753e+00
4.395963749999999948e+00
4.394536249999999811e+00
4.392744999999999678e+00
4.390660000000000451e+00
4.388893749999999372e+00
4.387389999999999901e+00
4.386255000000000237e+00
4.385611250000000183e+00
4.384797499999999459e+00
4.383713750000000076e+00
4.382740000000000080e+00
4.381891249999999793e+00
4.381067499999999448e+00
4.380530000000000257e+00
4.380184999999999995e+00
4.379845000000000432e+00
4.379502500000000076e+00
4.379280000000000506e+00
4.379177499999999057e+00
4.379069999999999574e+00
4.378969999999999807e+00
4.378860000000000419e+00
4.378759999999999764e+00
4.378656250000000583e+00
4.378549999999999720e+00
4.378448750000000445e+00
4.378340000000000565e+00
4.378239999999999021e+00
4.378132499999999538e+00
4.378029999999999866e+00
4.377923749999999004e+00
4.377819999999999823e+00
4.377637499999999626e+00
4.377378749999999208e+00
4.377117499999999772e+00
4.376856250000000337e+00
4.376528749999999413e+00
4.376143749999999777e+00
4.375756250000000236e+00
4.375362500000000487e+00
4.374972500000000153e+00
4.374502500000000182e+00
4.373942500000000067e+00
4.373381250000000442e+00
4.372891249999999452e+00
4.372457500000000330e+00
4.372093749999999446e+00
4.371718749999999432e+00
4.371315000000000062e+00
4.370966250000000386e+00
4.370642499999999764e+00
4.370312499999999822e+00
4.369947500000000318e+00
4.369562499999999794e+00
4.369192499999999590e+00
4.368875000000000064e+00
4.368596250000000403e+00
4.368420000000000414e+00
4.368303749999999042e+00
4.368098749999999697e+00
4.367481249999999982e+00
4.366731249999999953e+00
4.366181250000000347e+00
4.365106250000000188e+00
4.364132500000000192e+00
4.363568749999999774e+00
4.362753749999999542e+00
4.362061250000000001e+00
4.361678749999999383e+00
4.361360000000000348e+00
4.360949999999999882e+00
4.360686249999999653e+00
4.359936250000000513e+00
4.358666250000000630e+00
4.357497500000000024e+00
4.356101250000000036e+00
4.354995000000000616e+00
4.354207500000000231e+00
4.353196249999999878e+00
4.352383749999999552e+00
4.351671249999999880e+00
4.350823750000000878e+00
4.349843749999999787e+00
4.348533749999999642e+00
4.347498749999999745e+00
4.346758749999999338e+00
4.345810000000000173e+00
4.344439999999999635e+00
4.342471249999999117e+00
4.339956250000000182e+00
4.337443750000000264e+00
4.335511249999999706e+00
4.334630000000000649e+00
4.333636249999999634e+00
4.332626249999999679e+00
4.331922500000000120e+00
4.331037500000000762e+00
4.329969999999999430e+00
4.328533750000000069e+00
4.327486250000000645e+00
4.326636250000000850e+00
4.325679999999999303e+00
4.324216250000000983e+00
4.322673749999999870e+00
4.321197500000000247e+00
4.319634999999999891e+00
4.317973750000000166e+00
4.316835000000000200e+00
4.315610000000000390e+00
4.314086250000000788e+00
4.312582500000000429e+00
4.308752499999999763e+00
4.304573750000000310e+00
4.301241249999999461e+00
4.297475000000000378e+00
4.293408749999999330e+00
4.288501249999999487e+00
4.283616249999999681e+00
4.279973749999999910e+00
4.273787500000000072e+00
4.262178749999999461e+00
4.249451249999999902e+00
4.238497500000000251e+00
4.230261249999999862e+00
4.225017499999999870e+00
4.168635000000000090e+00
4.087587499999999707e+00
4.057417499999999677e+00
4.030891250000000703e+00
3.975684999999999913e+00
8.243438749999999260e+00
3.524248749999999930e+00
3.039531249999999929e+01
4.902826250000000385e+00
4.773935000000000706e+00
4.737953749999999964e+00
4.488896249999999810e+00
4.360312500000000036e+00
4.266486249999999814e+00
4.198732500000000201e+00
4.035698749999999890e+00
3.889991250000000456e+00
3.765233750000000157e+00
3.452847499999999403e+00
2.321117500000000167e+00
8.893704999999999927e+01
1.328097499999999975e+01
1.456182499999999891e+01
3.925343749999999687e+01
1.143278749999999810e+01
1.115072500000000133e+01
1.043534999999999968e+01
9.793407499999997157e+00
9.310352500000000475e+00
8.944533749999999728e+00
8.829112499999999031e+00
8.717205000000001647e+00
8.512901250000000530e+00
8.387251250000000269e+00
8.323280000000000456e+00
8.260881250000000620e+00
8.170451250000001053e+00
8.065055000000000973e+00
8.025211249999999907e+00
7.960417500000000146e+00
7.822096249999999529e+00
7.619042499999999940e+00
7.403761249999999627e+00
7.250937500000000924e+00
7.172190000000000509e+00
7.083307500000000090e+00
6.986573749999999805e+00
6.840234999999999843e+00
6.698500000000000121e+00
6.602976250000000213e+00
6.443745000000000722e+00
6.329044999999999810e+00
6.210602500000000248e+00
5.994297500000000056e+00
5.829317500000000152e+00
5.748598750000000202e+00
5.695258750000000703e+00
5.635201249999999717e+00
5.491626250000001264e+00
5.282713750000000097e+00
5.078881250000000236e+00
4.932263749999999725e+00
4.833106250000000159e+00
4.754632500000000483e+00
4.691087500000000077e+00
4.580521250000000322e+00
4.324356250000000124e+00
4.002236250000000162e+00
3.830626250000000343e+00
3.741817500000000241e+00
3.679697500000000066e+00
3.767205000000000137e+00
3.960866250000000033e+00
4.348466249999999533e+00
4.497610000000000774e+00
4.279653749999999590e+00
9.779474999999999696e-01
9.600037500000000446e-01
9.352437499999999293e-01
4.424549999999999872e-01
4.226187499999999875e-01
