9.427324999999999733e-01
1.122540000000000093e+00
7.668358749999999446e-01
6.459755000000000358e-01
5.767242500000000494e-01
5.188148750000000087e-01
4.572356250000000344e-01
4.040914999999999924e-01
3.625140000000000029e-01
3.240933749999999614e-01
2.845506250000000570e-01
2.399622500000000158e-01
2.040275000000000283e-01
1.427031250000000140e-01
1.149524999999999991e-01
1.022068750000000026e-01
9.010457499999999231e-02
8.155305000000000193e-02
7.497093750000001500e-02
6.980746250000000042e-02
6.557533749999999717e-02
6.209076250000000741e-02
5.711087499999999845e-02
5.162012499999999587e-02
4.747951250000000123e-02
4.423746249999999797e-02
4.152326250000000496e-02
3.926856249999999271e-02
3.735247500000000304e-02
3.572723749999999476e-02
3.425711249999999902e-02
3.297097499999999959e-02
3.180968750000000289e-02
3.075926250000000223e-02
2.942956249999999913e-02
2.786607500000000057e-02
2.653221249999999920e-02
2.538816249999999858e-02
2.452424999999999744e-02
2.403069999999999859e-02
2.340524999999999897e-02
2.257303750000000039e-02
2.182141249999999810e-02
2.116542500000000160e-02
2.052598749999999875e-02
2.011033749999999870e-02
1.984453749999999864e-02
1.958123750000000107e-02
1.931779999999999609e-02
1.914542499999999717e-02
1.906468750000000004e-02
1.898537499999999878e-02
1.890490000000000226e-02
1.882446249999999988e-02
1.874456249999999907e-02
1.866418750000000196e-02
1.858377500000000376e-02
1.850418750000000154e-02
1.842376249999999951e-02
1.834403750000000027e-02
1.826387499999999886e-02
1.818371250000000439e-02
1.810336250000000452e-02
1.802336250000000084e-02
1.788264999999999993e-02
1.768271249999999947e-02
1.748260000000000092e-02
1.728179999999999994e-02
1.703348749999999967e-02
1.674105000000000038e-02
1.644646249999999824e-02
1.614865000000000050e-02
1.585347500000000229e-02
1.550102500000000161e-02
1.508585000000000134e-02
1.466947500000000126e-02
1.431167499999999940e-02
1.399689999999999962e-02
1.373491249999999816e-02
1.347125000000000059e-02
1.319507500000000055e-02
1.295613750000000099e-02
1.273392500000000011e-02
1.250816250000000122e-02
1.225777499999999853e-02
1.199394999999999975e-02
1.174073750000000083e-02
1.153642499999999946e-02
1.136355000000000004e-02
1.125262499999999874e-02
1.118307499999999892e-02
1.105502499999999957e-02
1.067427500000000043e-02
1.022575000000000046e-02
9.918812500000000545e-03
9.339079999999997869e-03
8.846954999999998362e-03
8.588222499999999260e-03
8.236101249999999013e-03
7.937197500000001474e-03
7.785404999999999583e-03
7.670177499999999982e-03
7.521812499999999853e-03
7.425687499999999996e-03
7.167493750000000947e-03
6.776185000000000541e-03
6.457023749999999708e-03
6.133439999999999552e-03
5.899542499999999544e-03
5.737144999999999918e-03
5.562662500000000072e-03
5.430944999999999523e-03
5.315511250000000062e-03
5.196804999999999654e-03
5.070700000000000901e-03
4.910676250000000839e-03
4.801326249999999726e-03
4.724751249999999125e-03
4.639651249999999713e-03
4.541004999999999868e-03
4.398977500000000700e-03
4.218038749999999948e-03
4.071575000000000021e-03
3.986700000000000139e-03
3.947951249999999759e-03
3.904258750000000333e-03
3.859811250000000186e-03
3.828888749999999948e-03
3.792292499999999796e-03
3.760761249999999487e-03
3.719937500000000587e-03
3.690193749999999637e-03
3.666065000000000036e-03
3.638912499999999526e-03
3.597303750000000085e-03
3.560572499999999866e-03
3.532743750000000120e-03
3.503350000000000127e-03
3.472067500000000292e-03
3.450612499999999774e-03
3.428702500000000222e-03
3.410360000000000301e-03
3.394171250000000816e-03
3.352977500000000211e-03
3.307990000000000236e-03
3.277838749999999971e-03
3.259173749999999797e-03
3.241228750000000117e-03
3.220195000000000349e-03
3.213187499999999898e-03
3.212045000000000611e-03
3.211557500000000037e-03
3.235023750000000538e-03
3.287941250000000256e-03
3.352733750000000141e-03
3.401457499999999828e-03
3.432467499999999980e-03
4.010718750000000395e-03
5.158128750000000144e-03
5.788292500000000174e-03
6.437491249999999915e-03
8.580128750000000706e-03
3.789069999999999716e+00
2.444399999999999698e-02
3.116366250000000004e+00
1.999734999999999881e-03
1.161619999999999927e-03
8.996087499999999570e-02
3.961606249999999980e-04
2.945341250000000385e-04
2.690513749999999885e-04
2.682493749999999917e-04
2.870299999999999675e-04
3.209186250000000025e-04
3.609786250000000221e-04
5.175827499999999769e-04
4.238948749999999800e-03
4.413617499999999416e-01
1.786152499999999615e-02
2.872505000000000197e-02
2.223311249999999906e-02
3.256327500000000263e-02
4.626016250000000718e-02
3.642698749999999375e-02
2.801971249999999844e-02
2.247677500000000092e-02
1.860152500000000417e-02
1.747697499999999876e-02
1.646820000000000228e-02
1.481855000000000325e-02
1.390216249999999890e-02
1.343766249999999926e-02
1.301288750000000050e-02
1.243006250000000014e-02
1.107146250000000040e-02
1.005458749999999998e-02
9.148430000000000797e-03
8.115322500000000938e-03
7.287892499999999545e-03
6.714042500000000531e-03
6.260236250000000488e-03
5.706581249999999501e-03
5.099456249999999476e-03
4.486473749999999976e-03
4.057235000000000182e-03
3.886791249999999986e-03
3.771947500000000057e-03
3.581167499999999854e-03
3.443985000000000102e-03
3.334748750000000265e-03
3.204602499999999708e-03
3.130061250000000257e-03
3.090698750000000269e-03
3.056843749999999665e-03
3.028379999999999787e-03
2.989840000000000119e-03
2.966837499999999683e-03
2.968036250000000154e-03
2.968933750000000028e-03
2.982947499999999853e-03
3.003323749999999622e-03
3.019822499999999868e-03
3.046611250000000153e-03
2.653646249999999825e-03
2.012495000000000429e-03
2.031393750000000300e-03
1.978198750000000061e-03
1.197117499999999883e-03
6.642923749999999402e-04
5.154638749999999403e-04
3.408441250000000203e-04
2.736601249999999941e-04
5.456076250000000327e-04
2.520524999999999589e-04
2.522512499999999712e-04
2.414100000000000078e-04
1.102007499999999935e-04
1.067897499999999951e-04
