2.114141250000000127e+01
3.048156249999999901e+01
2.506667500000000004e+01
2.360402499999999648e+01
2.286481250000000287e+01
2.230728750000000105e+01
2.177706249999999955e+01
2.136818750000000122e+01
2.108287500000000136e+01
2.084553749999999894e+01
2.062424999999999997e+01
2.040415000000000134e+01
2.024317500000000081e+01
1.997886249999999819e+01
1.984193750000000023e+01
1.975928749999999923e+01
1.966072499999999934e+01
1.957133750000000560e+01
1.948590000000000089e+01
1.940416249999999820e+01
1.932446249999999921e+01
1.924674999999999869e+01
1.911412500000000136e+01
1.893025000000000091e+01
1.875247500000000045e+01
1.857923750000000140e+01
1.841065000000000040e+01
1.824565000000000126e+01
1.808452499999999930e+01
1.792661249999999740e+01
1.777211249999999865e+01
1.762119999999999820e+01
1.747289999999999921e+01
1.732661250000000308e+01
1.711734999999999829e+01
1.684026250000000147e+01
1.657203750000000042e+01
1.630940000000000012e+01
1.611106249999999918e+01
1.598356249999999790e+01
1.579690000000000083e+01
1.554852500000000148e+01
1.529918750000000038e+01
1.505246250000000074e+01
1.480573750000000111e+01
1.461691249999999975e+01
1.449037500000000023e+01
1.436227500000000035e+01
1.423361249999999956e+01
1.414228750000000190e+01
1.408826249999999902e+01
1.403521250000000009e+01
1.398135000000000083e+01
1.392755000000000187e+01
1.387353750000000119e+01
1.381713749999999941e+01
1.376053749999999987e+01
1.370443749999999916e+01
1.364783750000000140e+01
1.359161249999999832e+01
1.353267499999999757e+01
1.347286250000000152e+01
1.341289999999999871e+01
1.335317500000000379e+01
1.324592500000000150e+01
1.308419999999999916e+01
1.291933750000000103e+01
1.273971249999999955e+01
1.245808750000000131e+01
1.204103749999999806e+01
1.155677499999999824e+01
1.098900000000000077e+01
1.037969999999999970e+01
1.109426249999999925e+01
3.315757500000000135e+01
3.996808749999999577e+01
2.409633750000000063e+01
1.939515000000000100e+01
1.768911250000000379e+01
1.648271250000000165e+01
1.553913749999999894e+01
1.497518749999999876e+01
1.455146249999999952e+01
1.419133749999999772e+01
1.384959999999999880e+01
1.353291250000000012e+01
1.325058749999999996e+01
1.297540000000000049e+01
1.271573749999999947e+01
1.255267499999999892e+01
1.245132499999999887e+01
1.226408749999999870e+01
1.167113750000000039e+01
1.068403750000000052e+01
9.160702499999997528e+00
1.998270000000000124e+01
1.293043750000000003e+01
1.201916249999999842e+01
1.092612499999999898e+01
9.716566250000001403e+00
8.327280000000000015e+00
1.980705000000000027e+01
1.919362500000000082e+01
1.406307499999999777e+01
1.177341249999999917e+01
9.820471250000000651e+00
1.779225000000000279e+01
9.985716249999999405e+00
2.265913749999999993e+01
1.229947500000000105e+01
9.737622500000000514e+00
1.683846249999999856e+01
1.288658750000000097e+01
1.029621249999999932e+01
1.432641250000000177e+01
1.105266250000000028e+01
8.666605000000000558e+00
1.680376250000000127e+01
1.047572499999999884e+01
1.396697499999999970e+01
1.237154999999999916e+01
1.230152499999999982e+01
1.230346249999999841e+01
9.973744999999999195e+00
1.468227500000000063e+01
1.280603749999999863e+01
9.179510000000000502e+00
1.628442499999999882e+01
1.137450000000000117e+01
1.060335000000000072e+01
1.172159999999999869e+01
1.012766249999999957e+01
1.903306249999999977e+01
1.094994999999999941e+01
1.411264999999999858e+01
1.022396250000000073e+01
1.519451249999999831e+01
1.244766249999999808e+01
1.149289999999999878e+01
1.149317499999999903e+01
1.352587499999999920e+01
1.296413749999999787e+01
1.156142499999999806e+01
1.227381249999999824e+01
1.335250000000000092e+01
1.321106249999999882e+01
1.305862500000000104e+01
1.266541250000000041e+01
1.244638750000000016e+01
1.338575000000000159e+01
1.231277500000000025e+01
1.326314999999999955e+01
1.362926249999999939e+01
1.508414999999999928e+01
1.571734999999999971e+01
1.568846249999999820e+01
1.567009999999999970e+01
1.550831250000000061e+01
1.531503750000000075e+01
1.526380000000000159e+01
1.523587500000000006e+01
1.519435000000000002e+01
1.509731250000000102e+01
1.501135000000000197e+01
1.470064999999999777e+01
1.430909999999999904e+01
1.420252500000000140e+01
1.404182499999999933e+01
1.379422499999999729e+01
1.360012499999999847e+01
1.345320000000000071e+01
1.334952499999999986e+01
1.313841249999999938e+01
1.302957499999999946e+01
1.296246250000000089e+01
1.283600000000000207e+01
1.263168749999999996e+01
1.246539999999999893e+01
1.211301249999999996e+01
1.159256249999999966e+01
1.124034999999999940e+01
1.099699999999999811e+01
1.095642499999999941e+01
1.090398750000000128e+01
1.084462500000000063e+01
1.075934999999999953e+01
1.067056249999999906e+01
1.063516249999999985e+01
1.059173750000000069e+01
1.049973750000000017e+01
1.043110000000000070e+01
1.039143750000000210e+01
1.034718749999999865e+01
1.027643749999999834e+01
1.006747499999999995e+01
9.850351249999999226e+00
9.544838750000000260e+00
9.032230000000000203e+00
8.427473750000000763e+00
7.870121250000000401e+00
7.478447499999999692e+00
7.304016250000000099e+00
7.091582499999999456e+00
6.834957499999999797e+00
6.550947499999999479e+00
6.331444999999999546e+00
6.183515000000000761e+00
5.885957499999999953e+00
5.652812500000000462e+00
5.417010000000000325e+00
5.091021250000000720e+00
4.912438749999999743e+00
4.821964999999999613e+00
4.759853749999999550e+00
4.688140000000000640e+00
4.510618749999999899e+00
4.279432500000000417e+00
4.065297499999999786e+00
3.912898750000000092e+00
3.823201249999999440e+00
3.746326249999999636e+00
3.684076249999999941e+00
3.605177499999999924e+00
3.443946250000000209e+00
3.359321249999999814e+00
3.430408749999999785e+00
3.535181249999999942e+00
3.848172499999999552e+00
4.060178750000000392e+00
3.973903750000000290e+00
3.541143750000000257e+00
3.036351250000000057e+00
2.645472500000000338e+00
6.396174999999999500e-01
6.455824999999999481e-01
6.605037499999999451e-01
3.476612499999999772e-01
3.619287500000000213e-01
