7.051299999999999955e+02
8.394695000000000391e+02
5.733246249999999691e+02
4.828706250000000750e+02
4.310318750000000136e+02
3.876753750000000309e+02
3.415597500000000082e+02
3.017489999999999668e+02
2.705900000000000318e+02
2.417816250000000196e+02
2.121131249999999966e+02
1.786259999999999764e+02
1.516050000000000182e+02
1.052951249999999987e+02
8.422764999999999702e+01
7.447893750000000068e+01
6.519272500000001003e+01
5.859126249999999203e+01
5.347682500000000516e+01
4.944585000000000008e+01
4.613388750000000016e+01
4.339744999999999919e+01
3.945998749999999688e+01
3.509322499999999678e+01
3.177698750000000061e+01
2.914119999999999777e+01
2.699808750000000046e+01
2.519203749999999786e+01
2.365254999999999797e+01
2.232608749999999986e+01
2.118215000000000003e+01
2.018638749999999860e+01
1.928641250000000085e+01
1.847912499999999980e+01
1.748369999999999891e+01
1.635646249999999924e+01
1.545522500000000221e+01
1.474703750000000113e+01
1.421229999999999727e+01
1.395032500000000120e+01
1.369538750000000249e+01
1.335617499999999680e+01
1.316999999999999993e+01
1.314734999999999943e+01
1.315833750000000002e+01
1.331611250000000091e+01
1.346212500000000212e+01
1.370695000000000086e+01
1.396843750000000028e+01
1.418241249999999987e+01
1.434934999999999938e+01
1.451333750000000045e+01
1.467972500000000124e+01
1.484607499999999902e+01
1.502616250000000164e+01
1.526211250000000064e+01
1.550318749999999923e+01
1.574200000000000088e+01
1.598309999999999853e+01
1.622528750000000031e+01
1.653181250000000091e+01
1.686299999999999955e+01
1.719503749999999798e+01
1.752552499999999824e+01
1.816943750000000080e+01
1.935164999999999935e+01
2.062606249999999974e+01
2.236192499999999939e+01
2.540541250000000062e+01
3.131606250000000102e+01
4.083942500000000564e+01
5.764159999999999684e+01
9.096741249999999468e+01
2.671544999999999845e+02
1.082293750000000045e+03
6.843108750000000100e+02
1.332916249999999820e+02
4.974672499999999786e+01
2.929868749999999977e+01
1.857073749999999990e+01
1.215627499999999905e+01
9.329407500000000297e+00
7.618986249999999849e+00
6.453917499999999308e+00
5.588681249999999601e+00
4.980032500000000084e+00
4.559171250000000342e+00
4.266472499999999890e+00
4.107107499999999689e+00
4.069664999999999644e+00
4.062327500000000313e+00
4.098678750000000370e+00
4.805856249999999719e+00
8.073182500000001482e+00
2.972982500000000172e+01
1.734511250000000189e+02
4.497560000000000002e+00
2.928780000000000161e+00
3.046763750000000215e+00
6.331440000000000623e+00
2.867603749999999962e+01
2.707883749999999736e+02
5.896581250000000551e+01
9.340651250000000516e+00
2.939185000000000159e+00
2.644306250000000347e+01
7.929463749999999322e+01
6.639281249999999801e+00
1.769643750000000182e+02
4.875313750000000113e+00
2.650424999999999809e+00
1.074852499999999935e+02
6.361363749999998873e+00
1.648309999999999942e+00
6.377157499999999857e+01
2.396631249999999547e+00
1.834442500000000109e+01
5.916125000000000256e+01
1.367951249999999952e+00
4.185984999999999445e+01
2.302531250000000185e+01
2.186897499999999894e+01
2.054594999999999771e+01
1.704867499999999980e+00
6.730772500000000491e+01
1.042304249999999755e+01
2.568522499999999820e+00
5.317179999999999751e+01
1.641727500000000006e+00
1.427842499999999859e+01
2.413083749999999750e+00
1.382418749999999896e+01
5.240677500000000322e+01
1.555995000000000017e+00
3.093853749999999891e+01
6.189877499999999699e+00
2.736081250000000153e+01
2.045771249999999952e+01
2.280445000000000277e+00
2.484207500000000124e+01
1.242848749999999924e+01
2.560373750000000115e+01
2.413946249999999960e+00
1.472767500000000140e+01
1.451975000000000193e+01
1.739913750000000192e+01
1.467629999999999946e+01
1.394846249999999976e+01
8.705821249999999623e+00
1.554814999999999614e+01
1.152487500000000153e+01
1.174322499999999891e+01
1.115734999999999921e+01
8.922181250000001285e+00
1.113097499999999940e+01
1.091634999999999955e+01
1.077975000000000172e+01
9.577123750000001934e+00
8.140363750000000564e+00
7.774733750000000221e+00
7.624464999999999826e+00
7.448483750000000292e+00
7.037308749999999336e+00
6.672958749999999384e+00
5.365961249999999794e+00
3.954542500000000071e+00
3.666716250000000343e+00
3.307402499999999801e+00
2.811839999999999673e+00
2.532164999999999999e+00
2.324566250000000167e+00
2.178061249999999838e+00
1.892535000000000078e+00
1.792542500000000372e+00
1.748615000000000030e+00
1.665841249999999940e+00
1.532103749999999875e+00
1.423278749999999926e+00
1.212518750000000090e+00
1.047218750000000087e+00
1.014533750000000012e+00
9.376171249999999402e-01
7.603743750000000468e-01
6.355514999999999359e-01
5.153471250000000170e-01
4.098970000000000113e-01
3.249791249999999798e-01
2.958218750000000119e-01
2.762764999999999804e-01
2.478681249999999947e-01
2.373331250000000059e-01
2.343591250000000015e-01
2.310373749999999893e-01
2.257346250000000221e-01
2.155826249999999999e-01
2.083451250000000199e-01
1.981613750000000285e-01
1.791860000000000119e-01
1.547634999999999983e-01
1.322549999999999837e-01
1.179641250000000169e-01
1.139390000000000125e-01
1.090365000000000084e-01
1.031144999999999978e-01
9.316803750000000883e-02
8.310780000000000944e-02
7.632778749999999390e-02
6.268963749999999224e-02
5.200384999999999730e-02
4.673961250000000650e-02
4.920280000000000487e-02
5.199316250000000222e-02
5.340679999999999733e-02
5.437725000000000197e-02
5.350654999999999994e-02
4.522338749999999657e-02
3.785661249999999756e-02
3.404971249999999561e-02
3.101065000000000071e-02
2.861867499999999967e-02
2.656870000000000065e-02
2.490873750000000345e-02
2.200788750000000349e-02
1.832762500000000017e-02
1.417392500000000041e-02
1.083356250000000118e-02
7.904653750000000673e-03
4.764352500000000080e-03
4.340890000000000026e-03
3.953105000000000160e-03
3.249688749999999748e-03
2.464458750000000139e-03
1.897975000000000096e-03
4.129175000000000120e-04
3.995987499999999627e-04
3.793275000000000032e-04
1.669862499999999938e-04
1.488700000000000028e-04
