2.178045000000000073e+03
2.598308749999999691e+03
1.778791249999999764e+03
1.500640000000000100e+03
1.341333750000000009e+03
1.208154999999999973e+03
1.066562500000000000e+03
9.443770000000000664e+02
8.487801249999999982e+02
7.604218749999998863e+02
6.694485000000000809e+02
5.667947500000000218e+02
4.839806249999999750e+02
3.420579999999999927e+02
2.774776249999999891e+02
2.475745000000000005e+02
2.190696250000000020e+02
1.987866250000000150e+02
1.830558749999999861e+02
1.706432499999999948e+02
1.604321249999999850e+02
1.519832499999999982e+02
1.398056250000000205e+02
1.262631250000000023e+02
1.159401249999999948e+02
1.077035000000000196e+02
1.009782499999999885e+02
9.528764999999998508e+01
9.041638749999999902e+01
8.619995000000000118e+01
8.254530000000001166e+01
7.934741249999999013e+01
7.644518750000000296e+01
7.382846250000000055e+01
7.057261250000000530e+01
6.684511249999999905e+01
6.381755000000000422e+01
6.138584999999999070e+01
5.954959999999999809e+01
5.861913749999999368e+01
5.764982499999999277e+01
5.636010000000000275e+01
5.553671250000000015e+01
5.521533750000000396e+01
5.499661249999999768e+01
5.528521250000000720e+01
5.560150000000000148e+01
5.621759999999999735e+01
5.688411250000000052e+01
5.744362500000000438e+01
5.789781250000000057e+01
5.834393750000000267e+01
5.879663750000000277e+01
5.924916250000000417e+01
5.974351250000000846e+01
6.040569999999999595e+01
6.108330000000000837e+01
6.175458749999999952e+01
6.243224999999999625e+01
6.311372499999999519e+01
6.398863749999999584e+01
6.493777499999998781e+01
6.588943750000001387e+01
6.683663750000000903e+01
6.869122500000000286e+01
7.213203749999999559e+01
7.585084999999999411e+01
8.096181250000000773e+01
8.995637499999999420e+01
1.075556249999999920e+02
1.361012499999999932e+02
1.867530000000000143e+02
2.877361250000000155e+02
8.255570000000001301e+02
3.332587500000000091e+03
2.126131249999999909e+03
4.304680000000000177e+02
1.710772500000000207e+02
1.070336250000000007e+02
7.312128749999999400e+01
5.262128749999999400e+01
4.343812499999999943e+01
3.779897499999999866e+01
3.388592500000000030e+01
3.090536250000000251e+01
2.873206250000000139e+01
2.716573749999999876e+01
2.599727500000000191e+01
2.525089999999999790e+01
2.497316250000000082e+01
2.484912499999999724e+01
2.477216250000000031e+01
2.633358750000000015e+01
3.530533750000000026e+01
9.980146249999998531e+01
5.487582499999999754e+02
2.664713749999999592e+01
2.095272500000000093e+01
2.021852499999999964e+01
2.902176249999999769e+01
9.575001249999999686e+01
8.453126249999999118e+02
1.989546250000000214e+02
4.254095000000000226e+01
2.073593749999999858e+01
9.043442500000000450e+01
2.595247499999999832e+02
3.022683749999999847e+01
5.621385000000000218e+02
2.716278750000000386e+01
1.781820000000000093e+01
3.445101250000000164e+02
3.227988750000000095e+01
1.532159999999999833e+01
2.087355000000000018e+02
1.835921249999999816e+01
6.459020000000001005e+01
1.971582499999999811e+02
1.464622500000000116e+01
1.415776249999999834e+02
8.256468749999999091e+01
7.896958749999998872e+01
7.493822500000000275e+01
1.517115000000000258e+01
2.198708750000000123e+02
4.458096249999999827e+01
1.700977499999999765e+01
1.783795000000000073e+02
1.637938749999999999e+01
5.413137499999999847e+01
1.907798750000000254e+01
5.227100000000000080e+01
1.787958749999999952e+02
1.569350000000000023e+01
1.084293749999999790e+02
2.909397500000000036e+01
9.860438750000000141e+01
7.481333750000000293e+01
1.844491250000000093e+01
8.722463750000000005e+01
5.141437499999999972e+01
9.101753750000000309e+01
1.892041249999999764e+01
5.717134999999999678e+01
5.761623750000000399e+01
6.625260000000000105e+01
5.779956250000000040e+01
5.518753749999999769e+01
3.898622499999999746e+01
6.078453749999999900e+01
4.744651249999999720e+01
4.906257500000000249e+01
4.764264999999999617e+01
3.811601249999999652e+01
4.442979999999999308e+01
4.385513749999999789e+01
4.348943750000000108e+01
4.026945000000000618e+01
3.642262499999999648e+01
3.544116249999999724e+01
3.502955000000000041e+01
3.453677499999999867e+01
3.338541249999999394e+01
3.236517500000000069e+01
2.870262499999999761e+01
2.467973750000000166e+01
2.382704999999999984e+01
2.272878749999999926e+01
2.118201250000000258e+01
2.024098749999999924e+01
1.953898750000000106e+01
1.904357500000000059e+01
1.806608750000000185e+01
1.767767500000000069e+01
1.748158749999999984e+01
1.711209999999999809e+01
1.651511250000000075e+01
1.602931249999999963e+01
1.504657499999999892e+01
1.393848749999999903e+01
1.337023750000000000e+01
1.290628749999999769e+01
1.260443749999999952e+01
1.234469999999999956e+01
1.209873749999999859e+01
1.184596250000000062e+01
1.162382500000000007e+01
1.154312499999999986e+01
1.146483750000000157e+01
1.132702499999999901e+01
1.124497500000000016e+01
1.120109999999999850e+01
1.115361249999999949e+01
1.107980000000000054e+01
1.090247499999999903e+01
1.074270000000000103e+01
1.052058749999999954e+01
1.019683749999999911e+01
9.888724999999999099e+00
9.758178750000000790e+00
9.659326249999999447e+00
9.578809999999998936e+00
9.480751249999999075e+00
9.362292500000000572e+00
9.193794999999997941e+00
9.037403749999999292e+00
8.932005000000000194e+00
8.719995000000000829e+00
8.553877500000000467e+00
8.389708750000000492e+00
8.202171249999999247e+00
8.164057500000000189e+00
8.152746249999999861e+00
8.144981250000000728e+00
8.140000000000000568e+00
8.139131250000000151e+00
8.060156250000000355e+00
7.918350000000000222e+00
7.807208750000000030e+00
7.709277499999999783e+00
7.616687499999998501e+00
7.541709999999999248e+00
7.440573750000000430e+00
7.195378750000000601e+00
6.967942499999999484e+00
6.979152499999999648e+00
7.037352499999999011e+00
7.221979999999999400e+00
7.286318749999999511e+00
7.170093749999999488e+00
6.730222499999999997e+00
6.219286249999998795e+00
5.786201249999999519e+00
1.421489999999999920e+00
1.420781250000000107e+00
1.425547499999999967e+00
7.191137499999999960e-01
7.427624999999999922e-01
