1.451773750000000064e+03
1.728356250000000273e+03
1.180401250000000118e+03
9.941663750000000164e+02
8.874372500000000628e+02
7.981717500000000882e+02
7.032256250000001501e+02
6.212598749999999654e+02
5.571075000000000728e+02
4.977946249999999395e+02
4.367108749999999873e+02
3.677647499999999354e+02
3.121321249999999736e+02
2.167840000000000202e+02
1.734082500000000095e+02
1.533361250000000098e+02
1.342161250000000052e+02
1.206237500000000011e+02
1.100932499999999976e+02
1.017932500000000005e+02
9.497374999999999545e+01
8.933924999999999272e+01
8.123157499999999231e+01
7.223971249999999600e+01
6.541081250000000580e+01
5.998294999999999533e+01
5.556949999999999790e+01
5.184996249999998952e+01
4.867933750000000259e+01
4.594726250000000078e+01
4.359100000000000108e+01
4.153981249999999648e+01
3.968585000000000207e+01
3.802268750000000352e+01
3.597154999999999347e+01
3.364840000000000231e+01
3.179027499999999407e+01
3.032939999999999969e+01
2.922622499999999945e+01
2.868523749999999950e+01
2.815756250000000094e+01
2.745539999999999736e+01
2.706755000000000067e+01
2.701553750000000065e+01
2.703253750000000366e+01
2.735216250000000215e+01
2.764897500000000008e+01
2.814838749999999834e+01
2.868202500000000299e+01
2.911896250000000208e+01
2.946021249999999725e+01
2.979538749999999681e+01
3.013552499999999768e+01
3.047554999999999836e+01
3.084378750000000124e+01
3.132645000000000124e+01
3.181957499999999683e+01
3.230812499999999687e+01
3.280131250000000165e+01
3.329682500000000545e+01
3.392411249999999967e+01
3.460192500000000138e+01
3.528151250000000516e+01
3.595791249999999906e+01
3.727586249999999524e+01
3.969623750000000229e+01
4.230548749999999814e+01
4.586013750000000044e+01
5.209285000000000565e+01
6.419853750000000048e+01
8.370507500000000789e+01
1.181225000000000023e+02
1.863890000000000100e+02
5.473083749999999554e+02
2.217134999999999764e+03
1.401855000000000018e+03
2.730801250000000095e+02
1.019356249999999875e+02
6.004593750000000085e+01
3.806787500000000080e+01
2.492588750000000175e+01
1.913356249999999648e+01
1.562848749999999853e+01
1.324067499999999953e+01
1.146706249999999905e+01
1.021911250000000138e+01
9.355962500000000404e+00
8.755403749999999263e+00
8.428059999999998553e+00
8.350832499999999214e+00
8.335486249999998876e+00
8.409391249999998763e+00
9.856591249999999249e+00
1.654812499999999886e+01
6.091095000000000681e+01
3.553243750000000318e+02
9.219118749999999807e+00
6.004777500000000323e+00
6.245630000000000237e+00
1.297375000000000078e+01
5.874672499999999786e+01
5.547173750000000609e+02
1.207953749999999928e+02
1.913722499999999727e+01
6.023352499999999665e+00
5.417091249999999292e+01
1.624377499999999941e+02
1.360182499999999806e+01
3.625151250000000118e+02
9.987991250000002097e+00
5.430144999999999555e+00
2.201861250000000041e+02
1.303193749999999973e+01
3.377092500000000275e+00
1.306376250000000141e+02
4.909908749999999600e+00
3.757914999999999850e+01
1.211928750000000150e+02
2.802535000000000220e+00
8.575076249999999334e+01
4.716785000000000139e+01
4.479908749999999884e+01
4.208879999999999910e+01
3.492546250000000629e+00
1.378810000000000002e+02
2.135189999999999699e+01
5.261737499999999734e+00
1.089232499999999959e+02
3.363178749999999884e+00
2.924962500000000176e+01
4.943299999999999805e+00
2.831913750000000007e+01
1.073561249999999916e+02
3.187536249999999960e+00
6.337815000000000509e+01
1.268009999999999948e+01
5.604904999999999404e+01
4.190798750000000439e+01
4.671561250000000776e+00
5.088941249999999172e+01
2.545997499999999647e+01
5.244967499999999916e+01
4.945034999999999847e+00
3.016986249999999714e+01
2.974397499999999894e+01
3.564238750000000522e+01
3.006465000000000387e+01
2.857364999999999711e+01
1.783402500000000046e+01
3.185063750000000127e+01
2.360888750000000513e+01
2.405620000000000047e+01
2.285602499999999893e+01
1.410967500000000108e+01
1.758146250000000066e+01
1.725033750000000055e+01
1.703958750000000322e+01
1.518402500000000011e+01
1.296722499999999911e+01
1.240266249999999992e+01
1.216920000000000002e+01
1.189395000000000024e+01
1.125077499999999908e+01
1.068087500000000212e+01
8.636020000000000252e+00
6.416097500000000231e+00
5.957815000000000083e+00
5.379570000000000185e+00
4.575936249999999816e+00
4.108726249999999247e+00
3.761219999999999786e+00
3.515976250000000469e+00
3.035127500000000200e+00
2.855571250000000116e+00
2.770521250000000268e+00
2.610264999999999613e+00
2.351333750000000222e+00
2.140637499999999527e+00
1.721072500000000005e+00
1.298718749999999700e+00
1.115394999999999914e+00
9.716787500000000355e-01
8.876422499999999660e-01
8.051528749999999901e-01
7.387952499999999034e-01
6.766901250000001422e-01
6.282869999999999289e-01
6.121497500000000480e-01
5.968324999999999880e-01
5.668726250000000189e-01
5.485447500000000254e-01
5.383628750000000185e-01
5.285363749999999472e-01
5.148262500000000408e-01
4.923011250000000061e-01
4.796863749999999427e-01
4.646402499999999769e-01
4.464122499999999549e-01
4.304050000000000376e-01
4.184066250000000320e-01
4.120192500000000035e-01
4.093258750000000057e-01
4.060461250000000355e-01
4.020837499999999620e-01
3.999999999999999667e-01
3.999999999999999667e-01
3.999999999999999667e-01
4.178369999999999584e-01
4.372656250000000466e-01
4.671497500000000302e-01
5.458878750000000224e-01
6.556708749999999863e-01
7.235258749999998740e-01
7.701082499999999387e-01
8.298691249999999853e-01
9.956490000000000062e-01
1.153586249999999813e+00
1.248756250000000012e+00
1.308244999999999880e+00
1.328178749999999964e+00
1.345263749999999758e+00
1.359093749999999989e+00
1.383267500000000094e+00
1.400000000000000133e+00
1.389047499999999991e+00
1.358334999999999848e+00
1.329046249999999985e+00
1.245016250000000158e+00
1.146207500000000046e+00
1.101779999999999982e+00
1.420847500000000041e+00
1.792689999999999895e+00
1.775954999999999950e+00
4.749999999999999778e-01
4.749999999999999778e-01
4.749999999999999778e-01
2.333975000000000077e-01
2.386300000000000088e-01
