1.313092499999999973e+03
1.563321249999999964e+03
1.067746249999999918e+03
8.993258749999999964e+02
8.028098750000000337e+02
7.220892500000001064e+02
6.362370000000000800e+02
5.621272500000000036e+02
5.041287500000000250e+02
4.505120000000000005e+02
3.953022500000000150e+02
3.330026250000000232e+02
2.827506250000000136e+02
1.967168749999999875e+02
1.576378750000000082e+02
1.395925000000000011e+02
1.224320000000000022e+02
1.102596250000000140e+02
1.008499999999999943e+02
9.345132499999999709e+01
8.738652500000000600e+01
8.238881250000000023e+01
7.522056249999998556e+01
6.730913750000000562e+01
6.134822500000001355e+01
5.670486249999999728e+01
5.282419999999999760e+01
4.962212500000000404e+01
4.692430000000000234e+01
4.466651249999999607e+01
4.263973750000000251e+01
4.089003749999999116e+01
3.932976249999999396e+01
3.793948750000000558e+01
3.622750000000000625e+01
3.428497499999999576e+01
3.270611249999999615e+01
3.143309999999999960e+01
3.047178749999999781e+01
2.996272500000000605e+01
2.938847500000000323e+01
2.862443749999999909e+01
2.801188750000000027e+01
2.756738749999999882e+01
2.715360000000000440e+01
2.697325000000000017e+01
2.687465000000000259e+01
2.677698750000000061e+01
2.667927500000000052e+01
2.664037499999999881e+01
2.666116249999999965e+01
2.668159999999999954e+01
2.670231250000000500e+01
2.672302499999999625e+01
2.674361250000000467e+01
2.676431249999999551e+01
2.678501249999999700e+01
2.680552499999999938e+01
2.682625000000000171e+01
2.684678750000000136e+01
2.686743750000000119e+01
2.688806250000000020e+01
2.690874999999999773e+01
2.692936249999999987e+01
2.696560000000000201e+01
2.701708750000000236e+01
2.706865000000000165e+01
2.712036250000000237e+01
2.733845000000000525e+01
2.771924999999999883e+01
2.812726250000000050e+01
2.869487500000000324e+01
2.928413749999999993e+01
3.031428749999999894e+01
3.190731249999999974e+01
3.393758749999999935e+01
3.647788750000000135e+01
3.938756249999999426e+01
4.234855000000000302e+01
4.692980000000000018e+01
5.385002500000000225e+01
6.199504999999999910e+01
7.213328750000000866e+01
8.624103750000000446e+01
1.086367500000000064e+02
1.460692499999999825e+02
2.094966249999999945e+02
3.414992500000000177e+02
6.753584999999999354e+02
1.177912500000000136e+03
1.860556250000000091e+03
3.948278749999999945e+03
2.055093750000000000e+03
1.899276249999999777e+02
8.781431249999999977e+01
5.363127500000000225e+01
6.048819999999999908e+01
8.945317500000000166e+01
2.923077499999999986e+02
1.158652500000000146e+03
1.455051249999999982e+03
7.010800000000000409e+02
2.350823750000000132e+02
1.376487500000000068e+02
5.631556249999999864e+01
1.931127500000000197e+01
1.698128750000000053e+01
1.144678750000000065e+02
1.107443750000000193e+02
1.080792500000000018e+02
1.045167500000000018e+02
1.016302499999999895e+02
9.909489999999999554e+01
9.608691249999999684e+01
9.405109999999999104e+01
9.204407500000000653e+01
9.044008749999998997e+01
8.929186250000000769e+01
8.780985000000001151e+01
8.564848750000001587e+01
8.253663749999999766e+01
7.857220000000000937e+01
7.461202500000000271e+01
7.157048749999999870e+01
7.018188750000000198e+01
6.861614999999999043e+01
6.702341249999999206e+01
6.615082499999999754e+01
6.564667500000000189e+01
6.508978749999999991e+01
6.434001250000000027e+01
6.379368750000000432e+01
6.335056250000000233e+01
6.285186249999999575e+01
6.208762500000000273e+01
6.129326249999999732e+01
6.054206250000000011e+01
5.974771250000001288e+01
5.890229999999999677e+01
5.832249999999999801e+01
5.770192500000000280e+01
5.695239999999999725e+01
5.621717499999999745e+01
5.434642500000000354e+01
5.230339999999999634e+01
5.069969999999999288e+01
4.895262499999999761e+01
4.707577500000000015e+01
4.515319999999999823e+01
4.438223750000000223e+01
4.387368750000000261e+01
4.301395000000000124e+01
4.147700000000000387e+01
3.989724999999999966e+01
3.861891250000000042e+01
3.765761249999999905e+01
3.704582500000000067e+01
3.229658750000000111e+01
2.891810000000000258e+01
2.831737500000000196e+01
2.782886249999999961e+01
2.694408750000000552e+01
2.487692499999999995e+01
2.304516250000000355e+01
1.934486250000000140e+01
1.587482499999999952e+01
1.467967499999999959e+01
1.335435000000000016e+01
1.200686250000000044e+01
1.054413749999999972e+01
9.420011249999999947e+00
8.995186249999999717e+00
8.459334999999999383e+00
8.044130000000000891e+00
7.735083749999999370e+00
7.152767499999999501e+00
6.296731250000000557e+00
5.937828749999999545e+00
5.432141249999999033e+00
4.468468750000000433e+00
4.073952499999999866e+00
3.761297499999999516e+00
3.295397499999999980e+00
2.975820000000000132e+00
2.718353750000000346e+00
2.526542500000000135e+00
2.404907500000000198e+00
2.368243749999999981e+00
2.332298750000000087e+00
2.244295000000000151e+00
2.176016249999999985e+00
2.138625000000000220e+00
2.099993749999999881e+00
2.043446249999999687e+00
1.929702499999999876e+00
1.848985000000000101e+00
1.761857500000000076e+00
1.690474999999999950e+00
1.673000000000000043e+00
1.712952500000000100e+00
1.748146250000000013e+00
1.770167500000000116e+00
1.795788750000000045e+00
1.825459999999999861e+00
1.868531249999999977e+00
1.907815000000000261e+00
1.933153750000000226e+00
1.974886249999999954e+00
2.004041249999999774e+00
2.028798749999999540e+00
2.064022500000000093e+00
2.082634999999999792e+00
2.089901250000000044e+00
2.094888749999999966e+00
2.099969999999999892e+00
2.110449999999999715e+00
2.124616250000000317e+00
2.137809999999999988e+00
2.147631249999999881e+00
2.151317500000000216e+00
2.151965000000000128e+00
2.152488750000000284e+00
2.153405000000000236e+00
2.163902499999999840e+00
2.199617499999999559e+00
2.209990000000000343e+00
2.206613749999999818e+00
2.178578749999999786e+00
2.132445000000000146e+00
2.090890000000000359e+00
2.311665000000000081e+00
2.654398749999999918e+00
2.655785000000000284e+00
6.358087500000000336e-01
6.377137499999999681e-01
6.509687499999999849e-01
3.347487499999999838e-01
3.360437499999999744e-01
