2.457141249999999673e+02
2.925743750000000318e+02
1.998598750000000166e+02
1.683564999999999827e+02
1.503051250000000039e+02
1.352096249999999884e+02
1.191573750000000018e+02
1.053035000000000139e+02
9.446436249999999291e+01
8.444721249999999202e+01
7.413648750000000121e+01
6.251031249999999773e+01
5.314150000000000773e+01
3.714533749999999657e+01
2.990611250000000254e+01
2.657900000000000063e+01
2.342656249999999929e+01
2.120007499999999823e+01
1.948593749999999858e+01
1.814369999999999905e+01
1.704791250000000247e+01
1.614883749999999907e+01
1.486564999999999870e+01
1.345979999999999954e+01
1.241058749999999833e+01
1.160144999999999982e+01
1.093081250000000182e+01
1.038317500000000138e+01
9.926610000000000156e+00
9.549494999999998512e+00
9.214052500000001089e+00
8.928463750000000587e+00
8.677007500000000206e+00
8.456333750000000649e+00
8.192072500000000090e+00
7.902856250000000138e+00
7.680689999999999351e+00
7.515713749999999749e+00
7.391136250000000629e+00
7.332939999999998903e+00
7.282149999999999679e+00
7.214574999999999960e+00
7.179561250000000783e+00
7.179270000000000707e+00
7.185884999999999856e+00
7.221593750000000256e+00
7.250356249999999392e+00
7.278852500000000170e+00
7.307357500000000172e+00
7.335420000000000051e+00
7.363219999999999210e+00
7.390526250000000630e+00
7.418234999999999246e+00
7.445932499999999621e+00
7.473442499999999988e+00
7.501116249999999930e+00
7.528799999999999493e+00
7.556223750000000017e+00
7.583907500000000468e+00
7.611357500000000442e+00
7.638959999999999972e+00
7.666558750000000089e+00
7.694228749999999728e+00
7.721771250000000641e+00
7.770230000000000636e+00
7.839064999999999728e+00
7.907976250000000817e+00
7.977116249999999908e+00
8.125278749999999661e+00
8.350171250000000711e+00
8.585456250000000011e+00
8.878926250000001019e+00
9.179342500000000626e+00
9.677585000000000548e+00
1.042415000000000092e+01
1.134736250000000091e+01
1.248082499999999939e+01
1.376591250000000066e+01
1.506401249999999870e+01
1.706429999999999936e+01
2.007851249999999865e+01
2.362367499999999865e+01
2.803883750000000319e+01
3.419036249999999910e+01
4.397173750000000325e+01
6.035200000000000387e+01
8.815961249999999438e+01
1.461213750000000005e+02
2.928847499999999968e+02
5.139134999999999991e+02
8.142127500000000282e+02
1.732684999999999945e+03
8.992290000000000418e+02
7.777566249999999570e+01
3.192232499999999362e+01
1.346620000000000061e+01
9.844117499999999410e+00
1.203178750000000008e+01
3.350629999999999598e+01
1.283949999999999818e+02
1.608421250000000100e+02
7.779451249999999618e+01
2.642187500000000000e+01
1.564463749999999997e+01
6.574029999999999596e+00
2.364157500000000134e+00
2.070901249999999916e+00
1.378325000000000067e+01
1.328695000000000093e+01
1.293173750000000233e+01
1.245687500000000014e+01
1.207216249999999924e+01
1.173420000000000130e+01
1.133364999999999867e+01
1.107025000000000148e+01
1.081710000000000171e+01
1.061478750000000026e+01
1.046994999999999898e+01
1.028301249999999811e+01
1.001038750000000022e+01
9.617877500000000524e+00
9.117820000000001812e+00
8.618301250000000024e+00
8.234657499999999075e+00
8.059504999999999697e+00
7.862010000000000609e+00
7.661106249999999562e+00
7.551971249999999358e+00
7.491867499999999680e+00
7.425932499999999159e+00
7.337162499999999810e+00
7.272485000000000532e+00
7.220017499999999977e+00
7.160973749999999249e+00
7.070495000000000196e+00
6.976448750000000310e+00
6.887508749999999402e+00
6.793458749999999213e+00
6.693366250000000406e+00
6.624720000000000830e+00
6.551248750000000065e+00
6.462512500000000770e+00
6.375463750000000651e+00
6.153977499999998990e+00
5.912091250000000464e+00
5.722226249999999403e+00
5.515380000000000393e+00
5.293172499999999836e+00
5.066443749999999469e+00
4.978843750000000234e+00
4.921471250000000630e+00
4.824486250000000531e+00
4.651107500000000172e+00
4.472901249999999607e+00
4.328696250000000134e+00
4.220250000000000057e+00
4.151238750000000088e+00
3.615881250000000158e+00
3.236636249999999659e+00
3.169651249999999809e+00
3.115171249999999947e+00
3.016511249999999755e+00
2.785991249999999919e+00
2.581724999999999604e+00
2.169612499999999944e+00
1.783910000000000107e+00
1.651092500000000074e+00
1.504464999999999941e+00
1.356589999999999963e+00
1.196218749999999886e+00
1.072968749999999805e+00
1.026056250000000114e+00
9.662111249999999485e-01
9.198286250000000663e-01
8.853052500000001546e-01
8.202545000000001085e-01
7.245380000000001264e-01
6.840197500000000375e-01
6.262401249999999253e-01
5.163337500000000357e-01
4.737101249999999819e-01
4.425292499999999851e-01
3.960251250000000334e-01
3.630341249999999853e-01
3.358252499999999641e-01
3.137691249999999821e-01
2.976509999999999989e-01
2.906272499999999481e-01
2.779921250000000343e-01
2.587509999999999533e-01
2.478954999999999909e-01
2.419163749999999891e-01
2.357298750000000054e-01
2.266945000000000210e-01
2.040801249999999734e-01
1.852623750000000347e-01
1.661395000000000233e-01
1.454960000000000142e-01
1.303690000000000127e-01
1.213127500000000109e-01
1.158132500000000065e-01
1.132152500000000034e-01
1.103248750000000028e-01
1.071156250000000060e-01
1.027528749999999935e-01
9.906045000000000822e-02
9.680391249999999170e-02
9.238282500000000175e-02
8.912782499999999386e-02
8.630028750000000304e-02
8.188272499999998955e-02
7.899913750000001067e-02
7.764884999999999149e-02
7.672183750000000080e-02
7.579473749999998677e-02
7.394172499999999981e-02
7.136685000000000945e-02
6.894274999999999709e-02
6.720328750000000018e-02
6.568582500000000324e-02
6.428608749999999150e-02
6.315266249999999804e-02
6.117199999999999721e-02
5.526333749999999545e-02
4.470542500000000696e-02
3.638092500000000146e-02
2.993312499999999793e-02
1.656262500000000096e-02
7.490477500000000330e-03
4.098311250000000183e-03
1.902648749999999878e-03
1.599437499999999948e-03
1.360509999999999888e-03
2.270492500000000048e-04
2.005552500000000243e-04
1.614463750000000048e-04
4.983675000000000019e-05
3.529387500000000265e-05
