9.855537500000000506e+00
1.415085000000000015e+01
1.160375000000000156e+01
1.091353750000000034e+01
1.056448750000000025e+01
1.030133750000000070e+01
1.005142500000000005e+01
9.859175000000000466e+00
9.725645000000000095e+00
9.615328749999999758e+00
9.513566250000002000e+00
9.414927500000001004e+00
9.345887499999999903e+00
9.249963749999999152e+00
9.211393750000002711e+00
9.193720000000000780e+00
9.175672499999999232e+00
9.161316250000000494e+00
9.148721250000001248e+00
9.137357500000000243e+00
9.126689999999999969e+00
9.116570000000001173e+00
9.099622500000000613e+00
9.076418749999998425e+00
9.053987499999999855e+00
9.031932499999999919e+00
9.010094999999997967e+00
8.988355000000000317e+00
8.966688750000001207e+00
8.944983750000000455e+00
8.923227499999999424e+00
8.901461250000000547e+00
8.879636250000000786e+00
8.857632500000001130e+00
8.824928750000001543e+00
8.779923750000000027e+00
8.734144999999999825e+00
8.687207500000001303e+00
8.651759999999999451e+00
8.627827500000000427e+00
8.590983749999999475e+00
8.541956250000000139e+00
8.490829999999998989e+00
8.438245000000000218e+00
8.385265000000000413e+00
8.342997499999999178e+00
8.314492500000000064e+00
8.286250000000000782e+00
8.257998750000000499e+00
8.237388749999999149e+00
8.224431250000000304e+00
8.211702499999999461e+00
8.198786249999999498e+00
8.185876249999999743e+00
8.173053749999999340e+00
8.160154999999999603e+00
8.147249999999999659e+00
8.134468749999999915e+00
8.121563749999999970e+00
8.108768749999999415e+00
8.095902499999999336e+00
8.083040000000000447e+00
8.070141250000000710e+00
8.057302500000000478e+00
8.034715000000000273e+00
8.002628749999999513e+00
7.970510000000000872e+00
7.938279999999998893e+00
7.884997500000000770e+00
7.811440000000000161e+00
7.736327499999999802e+00
7.653948750000000523e+00
7.571194999999999453e+00
7.447214999999999918e+00
7.275311249999999674e+00
7.084054999999999325e+00
6.873143750000000551e+00
6.654387500000000344e+00
6.452701249999998723e+00
6.172204999999999941e+00
5.794751250000000020e+00
5.412526249999999983e+00
5.000914999999999999e+00
4.514577499999999688e+00
3.881817499999999921e+00
3.082009999999999916e+00
2.182234999999999925e+00
1.273040000000000171e+00
1.669759999999999911e+00
5.167768750000000466e+00
1.345769999999999911e+01
5.474080000000000013e+01
6.342305000000000348e+01
2.297568749999999937e+01
1.723303750000000178e+01
1.314550000000000196e+01
1.084291250000000062e+01
9.525767499999998833e+00
6.960461249999999822e+00
9.915544999999998055e+00
2.496407500000000113e+01
2.615961250000000149e+01
2.085946249999999935e+01
1.875615000000000165e+01
1.597085000000000043e+01
1.377904999999999980e+01
1.273343749999999908e+01
1.329219999999999757e+01
1.329399999999999871e+01
1.329533749999999870e+01
1.329710000000000036e+01
1.329850000000000243e+01
1.329973750000000088e+01
1.330119999999999791e+01
1.330160000000000409e+01
1.330150000000000254e+01
1.330139999999999922e+01
1.330139999999999922e+01
1.330129999999999946e+01
1.330119999999999791e+01
1.330100000000000016e+01
1.330079999999999885e+01
1.330060000000000109e+01
1.330039999999999800e+01
1.330039999999999800e+01
1.330029999999999646e+01
1.330020000000000202e+01
1.330256249999999874e+01
1.331152499999999961e+01
1.332259999999999955e+01
1.333755000000000024e+01
1.334841249999999846e+01
1.335723750000000010e+01
1.336717499999999959e+01
1.338240000000000229e+01
1.339821249999999964e+01
1.341318749999999937e+01
1.342901249999999891e+01
1.344585000000000186e+01
1.345739999999999981e+01
1.346973750000000081e+01
1.348467499999999930e+01
1.349934999999999974e+01
1.353656250000000050e+01
1.357726250000000157e+01
1.360919999999999952e+01
1.364399999999999835e+01
1.368138749999999959e+01
1.371540000000000070e+01
1.371325000000000038e+01
1.370985000000000120e+01
1.370408749999999998e+01
1.369381249999999817e+01
1.368322500000000019e+01
1.367466250000000016e+01
1.366823750000000004e+01
1.366414999999999935e+01
1.362434999999999974e+01
1.356329999999999991e+01
1.354338749999999969e+01
1.352720000000000056e+01
1.349784999999999968e+01
1.342927499999999874e+01
1.336852499999999822e+01
1.325268750000000217e+01
1.315403750000000116e+01
1.312040000000000184e+01
1.309918749999999754e+01
1.310677500000000251e+01
1.311861250000000112e+01
1.312772500000000342e+01
1.311054999999999815e+01
1.304743750000000091e+01
1.299779999999999802e+01
1.296085000000000065e+01
1.289124999999999943e+01
1.278677500000000045e+01
1.273355000000000103e+01
1.264186250000000200e+01
1.246406249999999893e+01
1.235621249999999982e+01
1.223224999999999874e+01
1.204448750000000068e+01
1.183143749999999983e+01
1.161117499999999758e+01
1.133244999999999969e+01
1.108409999999999940e+01
1.098502500000000026e+01
1.086866250000000100e+01
1.064673749999999863e+01
1.049460000000000015e+01
1.040886249999999968e+01
1.031488750000000110e+01
1.016943750000000080e+01
9.722070000000000434e+00
9.298046249999998736e+00
8.826823749999999080e+00
8.106702500000000811e+00
7.359226249999999858e+00
6.759313750000000454e+00
6.389991249999999567e+00
6.230403749999999796e+00
6.053453749999999189e+00
5.857581249999999962e+00
5.609658749999999472e+00
5.406862499999999017e+00
5.282652499999999307e+00
5.050643750000000765e+00
4.856550000000000367e+00
4.680991249999999937e+00
4.423941250000000380e+00
4.255288750000000064e+00
4.175626250000000539e+00
4.120940000000000047e+00
4.064276249999999813e+00
3.944097499999999812e+00
3.790615000000000290e+00
3.656884999999999941e+00
3.561038750000000253e+00
3.517832499999999918e+00
3.500666250000000090e+00
3.486765000000000114e+00
3.462474999999999969e+00
3.485243749999999974e+00
3.642685000000000173e+00
3.836166250000000222e+00
3.998221249999999838e+00
4.243776249999999806e+00
4.201252499999999834e+00
3.886925000000000185e+00
3.212641249999999893e+00
2.704651249999999507e+00
2.555669999999999664e+00
6.725524999999999975e-01
6.858999999999999542e-01
7.093187499999999979e-01
3.797837499999999755e-01
3.963262499999999910e-01
