1.568662500000000136e+03
1.870047500000000355e+03
1.279210000000000036e+03
1.078596249999999827e+03
9.636793749999999363e+02
8.676003750000000991e+02
7.654460000000001401e+02
6.772897500000000264e+02
6.083187499999999091e+02
5.445744999999999436e+02
4.789522500000000491e+02
4.049278749999999718e+02
3.452381249999999682e+02
2.431122499999999889e+02
1.967555000000000121e+02
1.753651250000000061e+02
1.550342499999999859e+02
1.406209999999999809e+02
1.294848749999999882e+02
1.207324999999999875e+02
1.135612499999999869e+02
1.076541249999999934e+02
9.918581249999998306e+01
8.984537500000000421e+01
8.281277499999998781e+01
7.733826250000001323e+01
7.276510000000000389e+01
6.899367499999999609e+01
6.581757499999999084e+01
6.316097500000000053e+01
6.077702500000000896e+01
5.871994999999999720e+01
5.688640000000000185e+01
5.525346249999999770e+01
5.324450000000000216e+01
5.096774999999999523e+01
4.912093750000000369e+01
4.763602500000000362e+01
4.651471250000000168e+01
4.592348750000000024e+01
4.526160000000000139e+01
4.438097499999999940e+01
4.368228750000000105e+01
4.318491250000000292e+01
4.272473749999999626e+01
4.253785000000000593e+01
4.243951249999999931e+01
4.234208749999999810e+01
4.224461250000000234e+01
4.221317499999999967e+01
4.224880000000000280e+01
4.228381249999999625e+01
4.231933750000000316e+01
4.235484999999999900e+01
4.239011250000000075e+01
4.242558749999999890e+01
4.246106249999999704e+01
4.249621249999999861e+01
4.253171249999999759e+01
4.256691250000000082e+01
4.260228749999999565e+01
4.263766250000000468e+01
4.267312500000000597e+01
4.270842499999999831e+01
4.277056249999999693e+01
4.285878749999999826e+01
4.294711249999999580e+01
4.303576249999999703e+01
4.334872499999999462e+01
4.388088750000000005e+01
4.444906249999999659e+01
4.522777499999999407e+01
4.603464999999999918e+01
4.743907500000000255e+01
4.960677499999999895e+01
5.236898750000000291e+01
5.583188750000000056e+01
5.980787499999999568e+01
6.386528749999999377e+01
7.016628750000000991e+01
7.972329999999999472e+01
9.103123750000000314e+01
1.051732499999999959e+02
1.249459999999999980e+02
1.564904999999999973e+02
2.095032500000000084e+02
2.998383750000000418e+02
4.888936250000000427e+02
9.699128749999999854e+02
1.696993750000000091e+03
2.688226249999999709e+03
5.735704999999999927e+03
3.017746250000000146e+03
2.906792500000000246e+02
1.369696249999999793e+02
8.024297500000000127e+01
8.117523749999999438e+01
1.110107499999999874e+02
3.327744999999999891e+02
1.296963749999999891e+03
1.640856250000000273e+03
8.050339999999999918e+02
2.823636250000000700e+02
1.720497499999999889e+02
7.886045000000000016e+01
3.545447500000000218e+01
3.178563750000000354e+01
1.415434999999999945e+02
1.373255000000000052e+02
1.343065000000000282e+02
1.302707499999999925e+02
1.270008749999999935e+02
1.241290000000000049e+02
1.207218749999999829e+02
1.184230000000000018e+02
1.161627500000000026e+02
1.143562500000000028e+02
1.130631250000000136e+02
1.113941249999999883e+02
1.089599999999999937e+02
1.054553750000000036e+02
1.009908750000000168e+02
9.653090000000000259e+01
9.310558749999999861e+01
9.154176249999999015e+01
8.977846250000000339e+01
8.798471250000000055e+01
8.700534999999999286e+01
8.645004999999999029e+01
8.583832499999999754e+01
8.501471250000000168e+01
8.441459999999999297e+01
8.392781250000000171e+01
8.338001249999999231e+01
8.254054999999999609e+01
8.166795000000000471e+01
8.084277499999998895e+01
7.997017500000001178e+01
7.904149999999998499e+01
7.840460000000000207e+01
7.772294999999999732e+01
7.689959999999999241e+01
7.609195000000001130e+01
7.403698750000000928e+01
7.179272500000000434e+01
7.003109999999999502e+01
6.811200000000000898e+01
6.605035000000000878e+01
6.393503749999999286e+01
6.307432500000000175e+01
6.250497500000000173e+01
6.154251249999999374e+01
5.982191250000000338e+01
5.805338749999999948e+01
5.662228749999999877e+01
5.554609999999999559e+01
5.486120000000000374e+01
4.953682499999999322e+01
4.571802499999999725e+01
4.503042500000000103e+01
4.447118749999999920e+01
4.345843750000000227e+01
4.109221250000000225e+01
3.899541250000000048e+01
3.476712500000000006e+01
3.081274999999999764e+01
2.945116249999999880e+01
2.795798749999999799e+01
2.647019999999999840e+01
2.485898749999999779e+01
2.362069999999999936e+01
2.313178750000000150e+01
2.247298750000000211e+01
2.196177500000000293e+01
2.158126250000000113e+01
2.086426250000000238e+01
1.980803749999999752e+01
1.935538749999999908e+01
1.870021249999999924e+01
1.744887500000000102e+01
1.690385000000000204e+01
1.643607499999999533e+01
1.573591250000000130e+01
1.517029999999999745e+01
1.466536250000000052e+01
1.417276249999999926e+01
1.379574999999999996e+01
1.367103749999999707e+01
1.353527499999999861e+01
1.327253750000000210e+01
1.309521250000000059e+01
1.299886250000000132e+01
1.289611249999999920e+01
1.274108749999999901e+01
1.229636249999999897e+01
1.189113750000000103e+01
1.144858750000000036e+01
1.079093750000000007e+01
1.012348749999999953e+01
9.603218750000001691e+00
9.284188750000000212e+00
9.142947500000000005e+00
8.987500000000000711e+00
8.816688750000000852e+00
8.590751250000000283e+00
8.401043750000001253e+00
8.285684999999999079e+00
8.065912499999999596e+00
7.904069999999999929e+00
7.767304999999999460e+00
7.561539999999999928e+00
7.430196249999999836e+00
7.369130000000000180e+00
7.327206249999998811e+00
7.285588749999999614e+00
7.203767499999999657e+00
7.112740000000000506e+00
7.045887500000000081e+00
6.999633750000000099e+00
6.987342500000001344e+00
6.991709999999999425e+00
6.995243749999999316e+00
7.001418750000000024e+00
7.104168750000001253e+00
7.380237499999999784e+00
7.602456250000000360e+00
7.754473750000000720e+00
7.907386250000000949e+00
7.742399999999999949e+00
7.336568749999999639e+00
6.574437500000000156e+00
6.033207500000000501e+00
5.844020000000000437e+00
1.475807499999999939e+00
1.485051250000000156e+00
1.502780000000000005e+00
7.706687500000000135e-01
7.835712500000000524e-01
