9.751762499999999889e+00
1.262101250000000086e+01
9.485085000000001543e+00
8.532099999999999795e+00
8.024048750000002173e+00
7.626590000000000202e+00
7.236768749999999528e+00
6.929454999999999032e+00
6.712443750000000264e+00
6.531762500000000138e+00
6.364793750000000472e+00
6.203756249999999639e+00
6.092505000000000059e+00
5.946919999999999540e+00
5.895255000000000578e+00
5.876146249999999682e+00
5.859963750000000360e+00
5.849772500000000264e+00
5.842627500000000751e+00
5.837442499999999868e+00
5.833461249999999154e+00
5.830391249999999914e+00
5.826288749999999794e+00
5.822148750000000206e+00
5.819298749999998854e+00
5.817238749999999570e+00
5.815623750000000314e+00
5.814362500000000544e+00
5.813341249999998794e+00
5.812520000000000131e+00
5.811803749999999269e+00
5.811210000000000875e+00
5.810688749999999736e+00
5.810229999999998896e+00
5.809676249999998987e+00
5.809058750000000160e+00
5.808555000000000135e+00
5.808149999999999480e+00
5.807839999999999669e+00
5.807672499999999793e+00
5.807470000000001242e+00
5.807205000000000616e+00
5.806971250000000140e+00
5.806779999999999831e+00
5.806592500000000712e+00
5.806479999999999642e+00
5.806407499999998834e+00
5.806330000000000879e+00
5.806260000000000865e+00
5.806212499999999999e+00
5.806189999999999962e+00
5.806170000000000719e+00
5.806150000000000588e+00
5.806129999999999569e+00
5.806110000000000326e+00
5.806089999999999307e+00
5.806069999999999176e+00
5.806049999999999933e+00
5.806029999999999802e+00
5.806009999999999671e+00
5.805990000000000428e+00
5.805970000000001185e+00
5.805950000000001054e+00
5.805930000000000035e+00
5.805900000000000283e+00
5.805850000000000399e+00
5.805799999999998739e+00
5.805746250000000330e+00
5.805689999999999351e+00
5.805619999999999337e+00
5.805550000000000210e+00
5.805482500000000989e+00
5.805419999999998915e+00
5.805340000000000167e+00
5.805253749999999435e+00
5.805170000000000385e+00
5.805100000000001259e+00
5.805031250000001641e+00
5.804979999999999585e+00
5.804935000000000400e+00
5.804890000000000327e+00
5.804843749999999858e+00
5.804809999999999803e+00
5.804769999999999541e+00
5.804719999999999658e+00
5.804679999999999396e+00
5.804630000000001289e+00
5.804599999999999760e+00
5.804569999999999119e+00
5.804560000000001274e+00
5.804549999999999876e+00
5.804529999999999745e+00
5.804470000000001129e+00
5.804400000000000226e+00
5.804360000000000852e+00
5.804279999999999440e+00
5.804219999999999935e+00
5.804189999999999294e+00
5.804149999999999920e+00
5.804110000000000547e+00
5.804099999999999149e+00
5.804090000000001304e+00
5.804070000000001173e+00
5.804059999999999775e+00
5.804029999999999134e+00
5.804000000000001158e+00
5.803969999999999629e+00
5.803939999999998989e+00
5.803919999999998858e+00
5.803899999999999615e+00
5.803890000000000882e+00
5.803880000000000372e+00
5.803869999999999862e+00
5.803860000000000241e+00
5.803849999999998843e+00
5.803840000000000110e+00
5.803834999999999411e+00
5.803829999999998712e+00
5.803820000000000867e+00
5.803820000000000867e+00
5.803809999999999469e+00
5.803800000000000736e+00
5.803790000000000227e+00
5.803779999999999717e+00
5.803779999999999717e+00
5.803779999999999717e+00
5.803779999999999717e+00
5.803770000000000095e+00
5.803770000000000095e+00
5.803770000000000095e+00
5.803770000000000095e+00
5.803770000000000095e+00
5.803759999999998698e+00
5.803759999999998698e+00
5.803759999999998698e+00
5.803759999999998698e+00
5.803759999999998698e+00
5.803749999999999964e+00
5.803749999999999964e+00
5.803749999999999964e+00
5.803749999999999964e+00
5.803749999999999964e+00
5.803749999999999964e+00
5.803749999999999964e+00
5.803739999999999455e+00
5.803739999999999455e+00
5.803739999999999455e+00
5.803739999999999455e+00
5.803730000000000722e+00
5.803730000000000722e+00
5.803730000000000722e+00
5.803730000000000722e+00
5.803730000000000722e+00
5.803719999999999324e+00
5.803719999999999324e+00
5.803719999999999324e+00
5.803719999999999324e+00
5.803719999999999324e+00
5.803710000000000591e+00
5.803710000000000591e+00
5.803710000000000591e+00
5.803710000000000591e+00
5.803710000000000591e+00
5.803710000000000591e+00
5.803710000000000591e+00
5.803700000000000081e+00
5.803700000000000081e+00
5.803700000000000081e+00
5.803700000000000081e+00
5.803700000000000081e+00
5.803700000000000081e+00
5.803700000000000081e+00
5.803700000000000081e+00
5.803700000000000081e+00
5.803700000000000081e+00
5.803700000000000081e+00
5.803700000000000081e+00
5.803700000000000081e+00
5.805386250000000636e+00
8.584670000000000911e+00
8.502071250000000191e+00
8.454472499999999613e+00
8.430317499999999242e+00
8.463633749999999623e+00
8.520281250000001805e+00
8.627057500000001156e+00
8.735921250000000526e+00
8.777362499999998846e+00
8.824415000000001896e+00
8.917398749999998486e+00
8.980366250000001216e+00
9.014154999999998807e+00
9.048216249999999405e+00
9.098861249999998790e+00
9.179924999999999002e+00
9.247984999999999900e+00
9.276023750000000234e+00
9.210776250000000331e+00
9.020556250000000276e+00
8.779851250000000107e+00
8.606268749999999912e+00
8.528962500000000446e+00
8.434813749999999999e+00
8.321082500000001048e+00
8.155957499999999527e+00
8.000878750000000039e+00
7.896366249999999809e+00
7.715573749999999009e+00
7.582917500000000643e+00
7.447924999999999685e+00
7.205443749999999703e+00
6.995884999999999465e+00
6.787232500000000002e+00
6.632559999999999789e+00
6.480902500000000011e+00
6.174691250000000409e+00
5.777668750000000131e+00
5.447521249999999426e+00
5.213738750000000088e+00
5.052134999999999820e+00
4.925536250000000393e+00
4.829094999999999693e+00
4.672211249999999261e+00
4.249255000000000670e+00
3.479049999999999976e+00
2.975570000000000270e+00
2.669071249999999562e+00
2.235173749999999959e+00
2.114002500000000229e+00
2.245610000000000106e+00
2.643603749999999586e+00
2.955007499999999787e+00
2.996307500000000346e+00
7.180037500000000517e-01
7.075262499999999122e-01
6.864375000000000338e-01
3.140112500000000195e-01
2.911250000000000226e-01
