9.869612499999998789e+00
1.276132499999999936e+01
9.580947499999998840e+00
8.612857500000000499e+00
8.096147500000000719e+00
7.691448750000000167e+00
7.293928750000000960e+00
6.979972499999999691e+00
6.757762500000000117e+00
6.572278749999999725e+00
6.400363749999999463e+00
6.233753749999999982e+00
6.118009999999999948e+00
5.964757500000000157e+00
5.909622499999999334e+00
5.888923750000000013e+00
5.871226250000000313e+00
5.859965000000000757e+00
5.851996250000000011e+00
5.846165000000000056e+00
5.841656249999998884e+00
5.838149999999999729e+00
5.833427499999999100e+00
5.828597499999999876e+00
5.825231249999999861e+00
5.822764999999999525e+00
5.820808750000000309e+00
5.819267500000000481e+00
5.818010000000000126e+00
5.816981250000000436e+00
5.816080000000000361e+00
5.815323750000000125e+00
5.814658749999999543e+00
5.814070000000000071e+00
5.813347499999999002e+00
5.812532500000000546e+00
5.811865000000000059e+00
5.811315000000000452e+00
5.810900000000000176e+00
5.810670000000000890e+00
5.810389999999999056e+00
5.810017499999999835e+00
5.809691249999999307e+00
5.809418750000000742e+00
5.809150000000000702e+00
5.808979999999999144e+00
5.808880000000001154e+00
5.808770000000000877e+00
5.808670000000000222e+00
5.808599999999999319e+00
5.808569999999999567e+00
5.808539999999999814e+00
5.808509999999999174e+00
5.808480000000001198e+00
5.808449999999999669e+00
5.808419999999999028e+00
5.808390000000001052e+00
5.808360000000000412e+00
5.808329999999998883e+00
5.808300000000000907e+00
5.808267499999999472e+00
5.808233750000000306e+00
5.808201249999999760e+00
5.808171249999999119e+00
5.808120000000000616e+00
5.808046250000000299e+00
5.807969999999999189e+00
5.807892500000001235e+00
5.807800000000000296e+00
5.807699999999998752e+00
5.807597499999999968e+00
5.807490000000000485e+00
5.807389999999998942e+00
5.807266250000000518e+00
5.807128749999999506e+00
5.806989999999999874e+00
5.806869999999999976e+00
5.806770000000000209e+00
5.806688750000001065e+00
5.806602500000000333e+00
5.806519999999999904e+00
5.806449999999999001e+00
5.806379999999998986e+00
5.806312499999998877e+00
5.806240000000000734e+00
5.806159999999999322e+00
5.806080000000000574e+00
5.806023750000000483e+00
5.805979999999999031e+00
5.805945000000000356e+00
5.805930000000000035e+00
5.805889999999998885e+00
5.805781249999999005e+00
5.805659999999999599e+00
5.805579999999999963e+00
5.805430000000000312e+00
5.805300000000000793e+00
5.805239999999999512e+00
5.805149999999999366e+00
5.805080000000000240e+00
5.805039999999999090e+00
5.805019999999999847e+00
5.804979999999999585e+00
5.804960000000000342e+00
5.804899999999999949e+00
5.804809999999999803e+00
5.804740000000000677e+00
5.804670000000000663e+00
5.804619999999999891e+00
5.804580000000000517e+00
5.804549999999999876e+00
5.804520000000000124e+00
5.804490000000000371e+00
5.804470000000001129e+00
5.804439999999999600e+00
5.804409999999998959e+00
5.804389999999998828e+00
5.804369999999999585e+00
5.804350000000000342e+00
5.804330000000000211e+00
5.804299999999998683e+00
5.804270000000000707e+00
5.804240000000000066e+00
5.804219999999999935e+00
5.804209999999999425e+00
5.804200000000000692e+00
5.804189999999999294e+00
5.804180000000000561e+00
5.804180000000000561e+00
5.804170000000000051e+00
5.804160000000001318e+00
5.804149999999999920e+00
5.804149999999999920e+00
5.804140000000000299e+00
5.804129999999999789e+00
5.804119999999999280e+00
5.804110000000000547e+00
5.804110000000000547e+00
5.804099999999999149e+00
5.804090000000001304e+00
5.804090000000001304e+00
5.804079999999999906e+00
5.804079999999999906e+00
5.804065000000000474e+00
5.804050000000000153e+00
5.804039999999999644e+00
5.804029999999999134e+00
5.804020000000000401e+00
5.804009999999999003e+00
5.804000000000001158e+00
5.804000000000001158e+00
5.803989999999999760e+00
5.803969999999999629e+00
5.803960000000000008e+00
5.803950000000000387e+00
5.803939999999998989e+00
5.803939999999998989e+00
5.803910000000001013e+00
5.803890000000000882e+00
5.803880000000000372e+00
5.803880000000000372e+00
5.803869999999999862e+00
5.803860000000000241e+00
5.803849999999998843e+00
5.803820000000000867e+00
5.803800000000000736e+00
5.803800000000000736e+00
5.803790000000000227e+00
5.803779999999999717e+00
5.803770000000000095e+00
5.803759999999998698e+00
5.803759999999998698e+00
5.803749999999999964e+00
5.803749999999999964e+00
5.803749999999999964e+00
5.803749999999999964e+00
5.803739999999999455e+00
5.803739999999999455e+00
5.805452499999998572e+00
8.632141250000000099e+00
8.541387499999999022e+00
8.487048749999999586e+00
8.455756250000000307e+00
8.483470000000000510e+00
8.535584999999999312e+00
8.639658749999998832e+00
8.746729999999999450e+00
8.787699999999999179e+00
8.834495000000000431e+00
8.926950000000001495e+00
8.989587500000000730e+00
9.023226250000000448e+00
9.057150000000000034e+00
9.107617499999999922e+00
9.188394999999999868e+00
9.256294999999999717e+00
9.284198750000001610e+00
9.218771250000001416e+00
9.028307500000000374e+00
8.787403749999999292e+00
8.613683749999999861e+00
8.536316250000000494e+00
8.442095000000000127e+00
8.328274999999999650e+00
8.163147500000000889e+00
8.008137500000000131e+00
7.903666249999999671e+00
7.722952499999999887e+00
7.590354999999999741e+00
7.455433750000000970e+00
7.213106250000000053e+00
7.026357500000000478e+00
6.932598750000000365e+00
6.874055000000000248e+00
6.809127499999999777e+00
6.645884999999999820e+00
6.388015000000000221e+00
6.140025000000000510e+00
5.967327500000000562e+00
5.834703750000000078e+00
5.721791250000000773e+00
5.636029999999999873e+00
5.497013749999999810e+00
5.129032500000000105e+00
4.581603749999999309e+00
4.251479999999999926e+00
4.046437499999999687e+00
3.753954999999999487e+00
3.722762499999999974e+00
3.897717499999999724e+00
4.269751249999999665e+00
4.456963749999999891e+00
4.449256249999999469e+00
1.089162500000000033e+00
1.083326250000000046e+00
1.067431249999999832e+00
5.007099999999999884e-01
4.694887500000000102e-01
