1.178546250000000045e-01
1.403329999999999855e-01
9.586487500000000217e-02
8.075558750000000341e-02
7.209820000000000118e-02
6.485869999999999136e-02
5.716041250000000046e-02
5.051656250000000070e-02
4.531878749999999900e-02
4.051558749999999848e-02
3.557207499999999467e-02
2.999780000000000155e-02
2.550536249999999991e-02
1.783850000000000019e-02
1.436899999999999809e-02
1.277533749999999919e-02
1.126217500000000100e-02
1.019288750000000091e-02
9.369783750000002659e-03
8.724061249999998102e-03
8.194826250000000409e-03
7.759059999999999915e-03
7.136217500000000859e-03
6.449408749999999829e-03
5.931438749999999420e-03
5.525857500000000075e-03
5.186237500000000396e-03
4.904082499999999449e-03
4.664289999999999756e-03
4.460881249999999743e-03
4.276860000000000384e-03
4.115847500000000339e-03
3.970441250000000637e-03
3.838901249999999900e-03
3.672374999999999858e-03
3.476537500000000201e-03
3.309422499999999968e-03
3.166046249999999920e-03
3.057778749999999750e-03
2.995911249999999842e-03
2.917485000000000477e-03
2.813130000000000491e-03
2.718868750000000192e-03
2.636577500000000362e-03
2.556357500000000157e-03
2.504191250000000098e-03
2.470827500000000263e-03
2.437775000000000098e-03
2.404710000000000007e-03
2.383068750000000378e-03
2.372926249999999897e-03
2.362962499999999872e-03
2.352852499999999632e-03
2.342747500000000229e-03
2.332709999999999992e-03
2.322612500000000111e-03
2.312511249999999602e-03
2.302506250000000039e-03
2.292404999999999964e-03
2.282390000000000026e-03
2.272316249999999788e-03
2.262247499999999953e-03
2.252152500000000057e-03
2.242104999999999879e-03
2.224422499999999941e-03
2.199306250000000133e-03
2.174165000000000039e-03
2.148936250000000030e-03
2.117723750000000214e-03
2.080941250000000083e-03
2.043887500000000045e-03
2.006430000000000019e-03
1.969311249999999933e-03
1.924953749999999686e-03
1.872682499999999816e-03
1.820261249999999970e-03
1.775178750000000125e-03
1.735499999999999847e-03
1.702473749999999959e-03
1.669197500000000039e-03
1.634308749999999937e-03
1.604126250000000075e-03
1.576054999999999817e-03
1.547537500000000042e-03
1.515907499999999885e-03
1.482579999999999835e-03
1.450592500000000284e-03
1.424732500000000122e-03
1.402814999999999965e-03
1.388751250000000220e-03
1.379937500000000088e-03
1.363703750000000003e-03
1.315433750000000006e-03
1.258506249999999816e-03
1.219453749999999939e-03
1.145625000000000159e-03
1.082813750000000000e-03
1.049688750000000049e-03
1.004503749999999945e-03
9.661491250000000652e-04
9.466171249999999005e-04
9.317340000000000344e-04
9.125713750000000613e-04
9.001558750000000038e-04
8.667452500000000139e-04
8.158833749999999056e-04
7.741791249999999906e-04
7.315691249999998818e-04
7.006189999999999814e-04
6.791022500000000895e-04
6.557433749999998836e-04
6.380412500000000840e-04
6.225261250000000248e-04
6.064125000000000288e-04
5.891837500000001067e-04
5.672337499999999255e-04
5.520510000000000174e-04
5.413991249999999594e-04
5.294001250000000087e-04
5.151457499999999865e-04
4.946221250000000513e-04
4.684757500000000284e-04
4.467201249999999397e-04
4.335252500000000113e-04
4.275011249999999870e-04
4.207088750000000251e-04
4.137991250000000020e-04
4.089913749999999531e-04
4.032383749999999558e-04
3.979116250000000292e-04
3.909455000000000265e-04
3.858699999999999630e-04
3.817527499999999983e-04
3.771196249999999748e-04
3.700192500000000538e-04
3.634493750000000289e-04
3.580950000000000604e-04
3.524368749999999984e-04
3.464153750000000019e-04
3.422852499999999836e-04
3.379918749999999699e-04
3.337800000000000467e-04
3.298649999999999868e-04
3.199039999999999783e-04
3.090251249999999782e-04
3.010642500000000068e-04
2.939811250000000050e-04
2.866079999999999908e-04
2.777845000000000032e-04
2.706569999999999939e-04
2.658310000000000100e-04
2.577906250000000336e-04
2.454204999999999993e-04
2.345852499999999678e-04
2.271150000000000100e-04
2.214973749999999894e-04
2.179223750000000245e-04
1.950866250000000187e-04
1.738071249999999864e-04
1.690157500000000191e-04
1.658412499999999904e-04
1.605643749999999953e-04
1.483537500000000058e-04
1.395596249999999793e-04
1.186207500000000111e-04
9.716244999999999331e-05
9.200747500000000122e-05
8.428947500000000498e-05
7.402749999999999554e-05
6.603851249999999210e-05
6.114917499999999886e-05
5.848432500000000015e-05
5.364916250000000204e-05
5.078451249999999889e-05
4.882237500000000704e-05
4.538293750000000140e-05
4.138977500000000641e-05
3.873621250000000110e-05
6.593957499999999962e-05
4.747017500000000334e-02
3.931864999999999666e-02
3.257716250000000646e-02
2.543803749999999989e-02
1.983611249999999923e-02
1.530060000000000101e-02
1.260201250000000071e-02
1.080798750000000127e-02
1.033819999999999878e-02
1.008168750000000037e-02
9.553545000000000093e-03
9.220578749999999713e-03
9.069546249999999379e-03
8.934326249999999248e-03
8.752394999999999620e-03
8.471600000000001005e-03
8.310293749999999452e-03
8.172000000000000444e-03
7.994746250000000359e-03
7.752088750000000333e-03
7.553331249999999802e-03
7.416938749999999261e-03
7.356197499999999820e-03
7.282221250000000048e-03
7.192855000000000602e-03
7.189912500000000296e-03
7.254761249999999197e-03
7.298472499999998295e-03
7.377845000000000930e-03
7.437421250000000351e-03
7.509073750000000262e-03
7.662998750000000331e-03
7.482147499999999493e-03
6.020901249999999379e-03
5.022697499999999315e-03
4.383016249999999864e-03
3.986193750000000327e-03
3.702253750000000006e-03
3.648634999999999465e-03
3.609251249999999821e-03
3.637790000000000554e-03
3.697801249999999994e-03
3.745360000000000095e-03
3.826383749999999646e-03
3.773160000000000229e-03
3.064795000000000366e-03
3.019682499999999832e-03
2.910110000000000040e-03
2.382201250000000325e-03
1.644902499999999906e-03
1.069774999999999806e-03
4.398435000000000452e-04
1.872063750000000292e-04
4.591519999999999976e-04
2.470187500000000378e-04
2.498000000000000003e-04
2.407988749999999943e-04
1.106519999999999970e-04
1.075018749999999998e-04
