1.403532500000000027e+01
2.011595000000000155e+01
1.647428750000000264e+01
1.548597500000000160e+01
1.498602499999999971e+01
1.460908750000000111e+01
1.425118749999999856e+01
1.397611249999999927e+01
1.378530000000000300e+01
1.362798749999999970e+01
1.348332499999999889e+01
1.334426250000000103e+01
1.324830000000000041e+01
1.312331250000000082e+01
1.307938749999999750e+01
1.306346249999999820e+01
1.305031249999999687e+01
1.304229999999999912e+01
1.303697500000000176e+01
1.303329999999999878e+01
1.303066249999999826e+01
1.302880000000000216e+01
1.302670000000000172e+01
1.302509999999999835e+01
1.302469999999999750e+01
1.302500000000000213e+01
1.302559999999999896e+01
1.302650000000000041e+01
1.302769999999999762e+01
1.302899999999999814e+01
1.303040000000000020e+01
1.303190000000000381e+01
1.303350000000000186e+01
1.303515000000000157e+01
1.303769999999999918e+01
1.304120000000000168e+01
1.304481249999999903e+01
1.304859999999999687e+01
1.305139999999999922e+01
1.305330000000000368e+01
1.305612500000000153e+01
1.305993750000000198e+01
1.306382500000000135e+01
1.306770000000000032e+01
1.307162500000000094e+01
1.307460000000000200e+01
1.307659999999999911e+01
1.307854999999999812e+01
1.308050000000000068e+01
1.308190000000000097e+01
1.308270000000000088e+01
1.308350000000000080e+01
1.308430000000000071e+01
1.308509999999999884e+01
1.308589999999999876e+01
1.308670000000000400e+01
1.308750000000000213e+01
1.308828750000000163e+01
1.308908749999999976e+01
1.308986249999999885e+01
1.309066249999999876e+01
1.309143749999999784e+01
1.309223749999999953e+01
1.309301250000000216e+01
1.309443749999999795e+01
1.309640000000000093e+01
1.309839999999999982e+01
1.310040000000000404e+01
1.310341249999999746e+01
1.310736249999999892e+01
1.311133750000000120e+01
1.311542499999999833e+01
1.311942499999999967e+01
1.312497499999999917e+01
1.313221249999999962e+01
1.313952499999999901e+01
1.314676249999999946e+01
1.315362499999999990e+01
1.315936250000000030e+01
1.316651249999999784e+01
1.317499999999999893e+01
1.318234999999999957e+01
1.318921250000000001e+01
1.319616249999999980e+01
1.320386250000000139e+01
1.321199999999999974e+01
1.321985000000000099e+01
1.322802500000000059e+01
1.323620000000000019e+01
1.324141249999999914e+01
1.324468749999999773e+01
1.325069999999999837e+01
1.326865000000000094e+01
1.329241249999999930e+01
1.331256249999999852e+01
1.335369999999999990e+01
1.339482499999999732e+01
1.342118749999999849e+01
1.346187499999999915e+01
1.349638749999999909e+01
1.351663749999999986e+01
1.353486249999999913e+01
1.355823749999999883e+01
1.357341249999999633e+01
1.361753749999999918e+01
1.369667499999999905e+01
1.377354999999999841e+01
1.387050000000000161e+01
1.394946249999999921e+01
1.400596250000000076e+01
1.408147500000000107e+01
1.414267500000000055e+01
1.419641250000000099e+01
1.426174999999999926e+01
1.433822500000000133e+01
1.444092500000000001e+01
1.452298750000000105e+01
1.458172500000000049e+01
1.465752500000000147e+01
1.476812500000000128e+01
1.492732499999999973e+01
1.513015000000000043e+01
1.533277499999999982e+01
1.548837499999999956e+01
1.555943750000000136e+01
1.563953749999999943e+01
1.572102499999999914e+01
1.577775000000000105e+01
1.584885000000000055e+01
1.593339999999999890e+01
1.604725000000000179e+01
1.613019999999999854e+01
1.619748750000000115e+01
1.627321249999999964e+01
1.638924999999999699e+01
1.650986250000000055e+01
1.662391250000000298e+01
1.674455000000000027e+01
1.687291249999999820e+01
1.696095000000000041e+01
1.705518750000000239e+01
1.716898750000000007e+01
1.728063749999999743e+01
1.756466249999999718e+01
1.787487499999999940e+01
1.811838750000000076e+01
1.838364999999999938e+01
1.866863749999999911e+01
1.901186249999999944e+01
1.933927500000000066e+01
1.957903749999999832e+01
1.998437500000000000e+01
2.070899999999999963e+01
2.145367499999999694e+01
2.205616249999999923e+01
2.250923749999999757e+01
2.279755000000000109e+01
2.533358750000000015e+01
2.835723750000000010e+01
2.904019999999999868e+01
2.903754999999999598e+01
2.866787499999999866e+01
2.786538749999999354e+01
2.725088749999999749e+01
2.566800000000000281e+01
2.387379999999999924e+01
2.340603750000000005e+01
2.269062500000000071e+01
2.166918750000000315e+01
2.082536250000000422e+01
2.028528749999999903e+01
1.998191249999999997e+01
1.940797500000000397e+01
1.904223750000000237e+01
1.878853749999999678e+01
1.838347499999999712e+01
1.785312500000000213e+01
1.749555000000000149e+01
1.690786250000000024e+01
1.606996249999999904e+01
1.556803750000000086e+01
1.508653750000000038e+01
1.452363749999999953e+01
1.377363749999999953e+01
1.325957499999999811e+01
1.279203749999999751e+01
1.240124999999999922e+01
1.226497499999999796e+01
1.212272500000000086e+01
1.183259999999999934e+01
1.163199999999999967e+01
1.152466249999999981e+01
1.140355000000000096e+01
1.121550000000000047e+01
1.070137499999999875e+01
1.024703749999999935e+01
9.695420000000000371e+00
8.878180000000000405e+00
8.091955000000000453e+00
7.501628750000000956e+00
7.145202499999999901e+00
6.991270000000000095e+00
6.819832499999999520e+00
6.629263750000000677e+00
6.391289999999999694e+00
6.196575000000000166e+00
6.076511249999999364e+00
5.833513749999999831e+00
5.650753749999999798e+00
5.485783749999999515e+00
5.221752500000000907e+00
5.061146250000000180e+00
4.992916250000000389e+00
4.947334999999999816e+00
4.896482499999999405e+00
4.779773749999999488e+00
4.664338749999999756e+00
4.590018749999999592e+00
4.535045000000000215e+00
4.494757500000000405e+00
4.461980000000000501e+00
4.435875000000000234e+00
4.393959999999999866e+00
4.424857499999999888e+00
4.585508750000000688e+00
4.757688750000000688e+00
4.897918750000000543e+00
5.051391249999999111e+00
4.844463749999999180e+00
4.508297500000000291e+00
3.845190000000000108e+00
3.272845000000000226e+00
3.005317499999999864e+00
7.789787500000000531e-01
7.929412500000000419e-01
8.240162500000000056e-01
4.470062499999999939e-01
4.746400000000000063e-01
