1.139271249999999964e+04
1.356568750000000182e+04
9.267059999999999491e+03
7.806472499999998945e+03
6.969579999999999927e+03
6.269748749999998836e+03
5.525567500000000109e+03
4.883322500000000218e+03
4.380852499999999964e+03
3.916513749999999618e+03
3.438593750000000000e+03
2.899748750000000200e+03
2.465572500000000218e+03
1.724422499999999673e+03
1.389037500000000136e+03
1.234862499999999955e+03
1.088703750000000127e+03
9.853771250000000919e+02
9.057276249999999891e+02
8.432522499999998900e+02
7.921416249999999764e+02
7.500938750000000255e+02
6.898603749999998627e+02
6.234327499999999418e+02
5.733386249999999791e+02
5.341899999999999409e+02
5.013357499999999618e+02
4.740418749999999477e+02
4.508531249999999773e+02
4.312160000000000082e+02
4.134331250000000750e+02
3.978643750000001091e+02
3.837993749999999409e+02
3.710704999999999814e+02
3.549491250000000377e+02
3.360128750000000082e+02
3.198542500000000359e+02
3.059851249999999823e+02
2.955122499999999945e+02
2.895274999999999750e+02
2.819389999999999645e+02
2.718419999999999845e+02
2.627321250000000532e+02
2.547914999999999850e+02
2.470506249999999966e+02
2.420146250000000236e+02
2.387941250000000082e+02
2.356030000000000086e+02
2.324112500000000239e+02
2.303211249999999950e+02
2.293399999999999750e+02
2.283763749999999959e+02
2.273986250000000382e+02
2.264208749999999952e+02
2.254502500000000111e+02
2.244731249999999818e+02
2.234964999999999975e+02
2.225285000000000082e+02
2.215516250000000014e+02
2.205827499999999759e+02
2.196084999999999923e+02
2.186346249999999998e+02
2.176581249999999841e+02
2.166861250000000041e+02
2.149761249999999677e+02
2.125463750000000118e+02
2.101146249999999895e+02
2.076746249999999918e+02
2.046549999999999727e+02
2.010967500000000427e+02
1.975127499999999827e+02
1.938893750000000011e+02
1.902986249999999870e+02
1.860133749999999964e+02
1.809686250000000030e+02
1.759089999999999918e+02
1.715533750000000168e+02
1.677173750000000041e+02
1.645250000000000341e+02
1.613092499999999916e+02
1.579389999999999930e+02
1.550233749999999873e+02
1.523113749999999982e+02
1.495564999999999998e+02
1.465009999999999764e+02
1.432813749999999970e+02
1.401912499999999966e+02
1.376922499999999729e+02
1.355737500000000182e+02
1.342142500000000211e+02
1.333621250000000202e+02
1.317930000000000064e+02
1.271273750000000007e+02
1.216242499999999893e+02
1.178485000000000014e+02
1.107132500000000164e+02
1.046492500000000092e+02
1.014498750000000058e+02
9.708356249999999932e+01
9.337708750000001601e+01
9.148919999999999675e+01
9.005027499999998497e+01
8.819754999999999256e+01
8.699718750000000966e+01
8.376789999999998315e+01
7.885513749999999789e+01
7.482675000000000409e+01
7.070924999999999727e+01
6.771758750000000759e+01
6.563771249999999213e+01
6.337957500000000266e+01
6.166817499999999797e+01
6.016821249999999566e+01
5.861116249999999894e+01
5.694682499999999692e+01
5.482613750000000152e+01
5.335876250000001164e+01
5.232918749999999619e+01
5.116952499999998594e+01
4.979197500000000076e+01
4.780863749999999612e+01
4.528188749999999629e+01
4.317931249999999466e+01
4.190395000000000181e+01
4.132166250000000218e+01
4.066512499999999619e+01
3.999726249999999794e+01
3.953255000000000052e+01
3.897649999999999437e+01
3.846156249999999943e+01
3.778813749999999771e+01
3.729748750000000257e+01
3.689950000000000330e+01
3.645158750000000225e+01
3.576522500000000093e+01
3.513024999999999665e+01
3.461292500000000416e+01
3.406622500000000286e+01
3.348442500000000166e+01
3.308541250000000389e+01
3.267054999999999865e+01
3.226351250000000448e+01
3.188512500000000216e+01
3.092234999999999800e+01
2.987087499999999807e+01
2.910140000000000171e+01
2.841672499999999957e+01
2.770392500000000524e+01
2.685097499999999471e+01
2.616207500000000152e+01
2.569567499999999782e+01
2.491873750000000243e+01
2.372372499999999818e+01
2.267682499999999735e+01
2.195473750000000024e+01
2.141172499999999701e+01
2.106616250000000434e+01
1.889777499999999932e+01
1.685943750000000207e+01
1.631557499999999905e+01
1.588053749999999908e+01
1.509738749999999818e+01
1.345717500000000122e+01
1.230236250000000098e+01
9.762109999999999843e+00
7.260258750000000205e+00
6.690012500000001694e+00
5.898181249999999487e+00
4.860506250000000250e+00
4.104744999999999422e+00
3.661052500000000265e+00
3.432582499999999648e+00
3.026874999999999982e+00
2.788942499999999658e+00
2.628682499999999589e+00
2.391246250000000018e+00
2.105823749999999883e+00
1.928292500000000187e+00
1.671938750000000029e+00
1.352857499999999824e+00
1.190848749999999789e+00
1.055566250000000039e+00
9.116290000000000227e-01
7.234728750000000153e-01
6.062398749999999836e-01
5.124542500000000000e-01
4.412994999999999557e-01
4.183643749999999550e-01
3.960487499999999494e-01
3.541948750000000201e-01
3.274801250000000108e-01
3.138981250000000278e-01
3.002342500000000358e-01
2.809321249999999770e-01
2.400451250000000258e-01
2.106818749999999907e-01
1.861022499999999968e-01
1.636631250000000204e-01
1.494161250000000107e-01
1.449192499999999995e-01
1.438574999999999993e-01
1.450927499999999926e-01
1.465226249999999897e-01
1.481707500000000177e-01
1.503091250000000156e-01
1.521381249999999852e-01
1.533106250000000059e-01
1.527836250000000062e-01
1.515624999999999889e-01
1.504271249999999949e-01
1.487507499999999871e-01
1.502046250000000083e-01
1.516287500000000066e-01
1.525934999999999930e-01
1.536878749999999738e-01
1.561678750000000115e-01
1.480184999999999973e-01
1.329475000000000240e-01
1.225586250000000044e-01
1.154029999999999917e-01
1.098667499999999991e-01
1.055179999999999868e-01
9.905550000000000466e-02
7.738531249999999750e-02
4.741789999999999894e-02
3.030962499999999976e-02
2.200448750000000286e-02
8.274776249999999181e-03
1.599128750000000047e-03
4.663936250000000555e-04
2.763251250000000101e-05
1.162750000000000006e-06
8.444466249999999279e-08
2.134552500000000214e-09
1.520717500000000131e-09
1.028487500000000063e-09
2.159275000000000022e-10
9.483937500000000007e-11
