1.152303750000000036e+04
1.372435000000000036e+04
9.378263750000000073e+03
7.901791250000000218e+03
7.055861249999999927e+03
6.348514999999999418e+03
5.596383749999999964e+03
4.947307499999999891e+03
4.439521249999999782e+03
3.970280000000000200e+03
3.487333749999999782e+03
2.942846250000000055e+03
2.504142499999999927e+03
1.755334999999999582e+03
1.416507500000000164e+03
1.260757499999999936e+03
1.113107500000000073e+03
1.008723749999999995e+03
9.282600000000001046e+02
8.651440000000000055e+02
8.135088749999999891e+02
7.710317499999998745e+02
7.101935000000000855e+02
6.431068749999999454e+02
5.925140000000000100e+02
5.529742499999999836e+02
5.197906249999999773e+02
4.922223749999999427e+02
4.688002500000000055e+02
4.489646249999999554e+02
4.310020000000000664e+02
4.152757499999999595e+02
4.010681250000000091e+02
3.882100000000000364e+02
3.719249999999999545e+02
3.527967499999999745e+02
3.364738749999999641e+02
3.224644999999999868e+02
3.118852499999999850e+02
3.058396250000000123e+02
2.981743749999999409e+02
2.879755000000000109e+02
2.787736250000000382e+02
2.707528750000000741e+02
2.629338750000000005e+02
2.578486249999999700e+02
2.545961250000000007e+02
2.513733749999999816e+02
2.481500000000000057e+02
2.460397499999999695e+02
2.450500000000000114e+02
2.440781250000000000e+02
2.430920000000000130e+02
2.421058750000000259e+02
2.411266249999999900e+02
2.401417500000000302e+02
2.391563749999999970e+02
2.381802500000000009e+02
2.371946250000000020e+02
2.362176249999999982e+02
2.352349999999999852e+02
2.342526250000000232e+02
2.332674999999999841e+02
2.322873749999999973e+02
2.305624999999999716e+02
2.281121249999999918e+02
2.256592500000000143e+02
2.231981250000000045e+02
2.201529999999999916e+02
2.165651249999999948e+02
2.129507499999999993e+02
2.092967500000000314e+02
2.056757499999999652e+02
2.013547500000000241e+02
1.962685000000000173e+02
1.911670000000000016e+02
1.867762499999999761e+02
1.829096250000000055e+02
1.796915000000000191e+02
1.764507499999999993e+02
1.730554999999999950e+02
1.701177500000000009e+02
1.673856249999999761e+02
1.646096249999999941e+02
1.615312500000000284e+02
1.582874999999999659e+02
1.551744999999999948e+02
1.526578749999999616e+02
1.505258750000000134e+02
1.491577500000000214e+02
1.483001250000000084e+02
1.467208749999999782e+02
1.420248750000000086e+02
1.364882499999999936e+02
1.326931250000000091e+02
1.255234999999999843e+02
1.194358749999999958e+02
1.162284999999999968e+02
1.118548750000000069e+02
1.081427500000000066e+02
1.062541250000000019e+02
1.048176249999999925e+02
1.029675000000000153e+02
1.017689999999999912e+02
9.854783750000001419e+01
9.365874999999999773e+01
8.966143750000000523e+01
8.559921249999999304e+01
8.265931249999999864e+01
8.061702499999999816e+01
7.841335000000000832e+01
7.674712499999999693e+01
7.528678750000000264e+01
7.378018749999999670e+01
7.217617500000000064e+01
7.013750000000000284e+01
6.873761249999999734e+01
6.775653750000000741e+01
6.666098750000000450e+01
6.537971249999999657e+01
6.353494999999999493e+01
6.118478749999999877e+01
5.926252499999999657e+01
5.812877499999999742e+01
5.761117500000000291e+01
5.702756250000000193e+01
5.643384999999999962e+01
5.602076250000000357e+01
5.552968749999999432e+01
5.509345000000000425e+01
5.452617500000000206e+01
5.411287500000000250e+01
5.377759999999999252e+01
5.340031249999999829e+01
5.282213750000000374e+01
5.230043750000000102e+01
5.189106250000000387e+01
5.145853749999999849e+01
5.099826250000000272e+01
5.068257499999999993e+01
5.035715000000000430e+01
5.005980000000000274e+01
4.978943749999999824e+01
4.910146250000000379e+01
4.835014999999999930e+01
4.781669999999999732e+01
4.739041250000001071e+01
4.695541250000000844e+01
4.643704999999999927e+01
4.606842499999999774e+01
4.583690000000000708e+01
4.545706250000000637e+01
4.497374999999999545e+01
4.466065000000000396e+01
4.453420000000000556e+01
4.443911250000000024e+01
4.437858749999999475e+01
4.472431249999999636e+01
4.568792499999999279e+01
4.582155000000000200e+01
4.538048750000000098e+01
4.422227500000000333e+01
4.176785000000000281e+01
3.998971249999999600e+01
3.584643750000000040e+01
3.152892499999999742e+01
3.048607499999999959e+01
2.897167499999999762e+01
2.690236249999999885e+01
2.529476249999999737e+01
2.430592499999999845e+01
2.377158749999999543e+01
2.278717499999999774e+01
2.218073750000000288e+01
2.176491249999999766e+01
2.111945000000000050e+01
2.029966250000000016e+01
1.976182500000000175e+01
1.891358750000000200e+01
1.775090000000000146e+01
1.708376250000000240e+01
1.646409999999999840e+01
1.575441250000000082e+01
1.506931250000000233e+01
1.455001249999999935e+01
1.401836250000000028e+01
1.356182499999999891e+01
1.340227499999999949e+01
1.324387499999999918e+01
1.294237499999999841e+01
1.273627500000000090e+01
1.262734999999999985e+01
1.250693749999999937e+01
1.232380000000000031e+01
1.184733750000000008e+01
1.143403750000000052e+01
1.093833749999999938e+01
1.020843750000000050e+01
9.512245000000000061e+00
8.971981249999998909e+00
8.646637500000000642e+00
8.498556250000000034e+00
8.335029999999999717e+00
8.154713750000000871e+00
7.932163750000000846e+00
7.773442499999999811e+00
7.697242499999999765e+00
7.494233749999999361e+00
7.329866250000000250e+00
7.215413749999999737e+00
7.109750000000000014e+00
7.019663750000000313e+00
6.968398750000000419e+00
6.934448750000000494e+00
6.902237499999999137e+00
6.856551249999999875e+00
6.854955000000000354e+00
6.868457499999998994e+00
6.880157499999999260e+00
6.889831250000000296e+00
6.898393750000000324e+00
6.905367499999999659e+00
6.917917499999999720e+00
7.063561249999999347e+00
7.356716249999998958e+00
7.542287500000000477e+00
7.688847500000000501e+00
7.801283750000000516e+00
7.194658749999999436e+00
6.883199999999999541e+00
6.619851249999999077e+00
5.913606249999999953e+00
5.558981249999999541e+00
1.409418749999999942e+00
1.419083749999999977e+00
1.450796250000000009e+00
7.596962499999999618e-01
7.839712500000000084e-01
