1.162947500000000076e+02
1.385709999999999980e+02
9.472899999999999920e+01
7.983322499999999877e+01
7.129729999999999279e+01
6.415832499999999072e+01
5.656531250000000455e+01
5.001066249999999513e+01
4.488097499999999940e+01
4.013901249999999976e+01
3.525683749999999606e+01
2.975118750000000034e+01
2.531942500000000251e+01
1.779022499999999951e+01
1.439063750000000041e+01
1.283327500000000043e+01
1.135446250000000035e+01
1.030577499999999880e+01
9.495358749999999404e+00
8.858277499999999804e+00
8.336408750000000367e+00
7.908970000000000056e+00
7.306576249999999995e+00
6.648907499999999970e+00
6.150815000000000587e+00
5.759280000000000399e+00
5.429342499999999738e+00
5.154038749999999780e+00
4.919251250000001185e+00
4.719641250000000454e+00
4.538452500000000001e+00
4.379343750000000313e+00
4.235263749999999661e+00
4.104547499999998905e+00
3.938427499999999970e+00
3.742627499999999774e+00
3.574971249999999934e+00
3.430512499999999854e+00
3.321425000000000072e+00
3.258894999999999875e+00
3.179278749999999931e+00
3.073342500000000310e+00
2.977526249999999930e+00
2.893729999999999691e+00
2.812072500000000197e+00
2.759104999999999919e+00
2.725251249999999903e+00
2.691712500000000396e+00
2.658162499999999984e+00
2.636721249999999905e+00
2.627476249999999958e+00
2.618396249999999981e+00
2.609180000000000277e+00
2.599967500000000431e+00
2.590817500000000440e+00
2.581613749999999818e+00
2.572408750000000133e+00
2.563286249999999544e+00
2.554081250000000303e+00
2.544951249999999998e+00
2.535770000000000302e+00
2.526592500000000019e+00
2.517388749999999842e+00
2.508227499999999388e+00
2.492113750000000127e+00
2.469219999999999970e+00
2.446302499999999824e+00
2.423305000000000042e+00
2.394653749999999803e+00
2.360730000000000217e+00
2.326556250000000325e+00
2.292010000000000325e+00
2.257771249999999785e+00
2.216540000000000177e+00
2.167676249999999971e+00
2.118649999999999700e+00
2.076078749999999751e+00
2.038405000000000022e+00
2.007046250000000143e+00
1.975062499999999943e+00
1.941247500000000015e+00
1.911996250000000064e+00
1.884788750000000013e+00
1.857145000000000046e+00
1.826489999999999947e+00
1.794188749999999999e+00
1.763174999999999937e+00
1.737711250000000041e+00
1.715875000000000039e+00
1.701862500000000056e+00
1.693080000000000140e+00
1.676908749999999948e+00
1.628819999999999935e+00
1.571722499999999911e+00
1.531984999999999930e+00
1.456551249999999964e+00
1.391762500000000014e+00
1.357168750000000035e+00
1.309562499999999963e+00
1.269148750000000270e+00
1.248395000000000143e+00
1.232396250000000082e+00
1.211798749999999814e+00
1.198453750000000095e+00
1.162386250000000176e+00
1.106943749999999893e+00
1.061145000000000005e+00
1.019432500000000186e+00
9.922743750000000418e-01
9.733420000000000405e-01
9.523173749999999105e-01
9.362531249999999083e-01
9.221700000000000452e-01
9.072665000000000868e-01
8.911391249999999209e-01
8.704633750000001502e-01
8.558892500000000458e-01
8.456356250000001129e-01
8.339071249999999713e-01
8.195951249999999799e-01
7.989887500000000253e-01
7.727367499999999723e-01
7.504300000000000415e-01
7.364526249999999719e-01
7.300714999999999844e-01
7.228762499999999980e-01
7.155571250000000161e-01
7.104642500000000194e-01
7.043382500000000546e-01
6.984805000000000597e-01
6.907883750000000100e-01
6.851833750000000389e-01
6.806371250000000650e-01
6.755207499999998921e-01
6.676802500000000862e-01
6.603317499999999951e-01
6.542308749999999895e-01
6.477833749999999391e-01
6.409217499999999568e-01
6.362157499999999688e-01
6.314027500000000126e-01
6.273130000000000095e-01
6.236842500000000511e-01
6.144511249999999869e-01
6.043673750000000400e-01
5.969094999999999818e-01
5.900426250000000428e-01
5.828518749999999082e-01
5.742383749999999676e-01
5.670843749999999739e-01
5.621696250000000061e-01
5.539633750000000356e-01
5.410246250000000368e-01
5.301461249999999126e-01
5.232946250000000132e-01
5.181423750000000439e-01
5.148632499999999945e-01
4.929395000000000304e-01
4.712978749999999772e-01
4.657786249999999462e-01
4.623957499999999943e-01
4.569923750000000062e-01
4.453021249999999931e-01
4.364345000000000030e-01
4.163148749999999731e-01
3.948597500000000093e-01
3.900426249999999762e-01
3.828802500000000331e-01
3.726451250000000215e-01
3.646566249999999565e-01
3.595723749999999441e-01
3.570550000000000113e-01
3.523248750000000373e-01
3.495593750000000055e-01
3.477124999999999799e-01
3.447240000000000304e-01
3.407344999999999402e-01
3.379972500000000268e-01
3.337719999999999576e-01
3.280758749999999613e-01
3.248862499999999875e-01
3.219992500000000146e-01
3.190968749999999465e-01
3.124722500000000069e-01
2.973193749999999969e-01
2.743286250000000481e-01
2.442311249999999934e-01
2.316037499999999971e-01
2.193117500000000275e-01
1.957447500000000229e-01
1.805108750000000151e-01
1.729568750000000099e-01
1.672138749999999841e-01
1.610375000000000278e-01
1.559885000000000022e-01
1.574119999999999964e-01
1.668684999999999752e-01
1.998451250000000123e-01
2.475236249999999694e-01
2.596082499999999849e-01
2.346412500000000234e-01
2.206241249999999765e-01
2.057753749999999826e-01
1.900406249999999908e-01
1.713327499999999781e-01
1.568996249999999870e-01
1.484462500000000018e-01
1.360777499999999973e-01
1.281013749999999896e-01
1.211492500000000139e-01
1.104646249999999968e-01
1.055181249999999904e-01
1.038568750000000013e-01
1.027486250000000101e-01
1.015142500000000003e-01
9.869022499999999254e-02
9.580494999999999983e-02
9.385348749999999907e-02
9.241492499999999499e-02
9.136393750000000591e-02
9.051093749999999938e-02
8.983210000000001194e-02
8.874622500000001191e-02
8.654649999999999843e-02
8.419025000000000813e-02
8.399999999999999134e-02
8.399999999999999134e-02
8.342522499999999175e-02
8.237527499999999780e-02
8.205572500000000991e-02
1.165671250000000075e-01
1.466544999999999932e-01
1.752150000000000096e-01
1.013308749999999869e-01
1.021779999999999911e-01
9.729625000000000079e-02
4.390299999999999758e-02
4.218974999999999809e-02
