1.647331250000000000e+05
1.954802500000000000e+05
1.329355000000000000e+05
1.115853750000000000e+05
9.931221249999999418e+04
8.901634999999999127e+04
7.802202500000000873e+04
6.848543750000000000e+04
6.097696250000000146e+04
5.398736249999999563e+04
4.673113749999999709e+04
3.842793750000000000e+04
3.160511249999999927e+04
1.960448749999999927e+04
1.403221250000000146e+04
1.146195000000000073e+04
9.024547500000000582e+03
7.350771249999999782e+03
6.112454999999999927e+03
5.179408750000000509e+03
4.445241249999999127e+03
3.857093750000000455e+03
3.091352499999999964e+03
2.324857500000000073e+03
1.815511249999999791e+03
1.460855000000000018e+03
1.207443750000000136e+03
1.021147500000000036e+03
8.842660000000000764e+02
7.852368750000000546e+02
7.186768749999999955e+02
6.845605000000000473e+02
6.898891249999999218e+02
7.496216249999999945e+02
9.190882500000000164e+02
9.019672499999999218e+02
5.824288749999998345e+02
4.003011250000000132e+02
3.448018749999999955e+02
3.302982499999999959e+02
3.223495000000000346e+02
3.354739999999999895e+02
3.785546249999999873e+02
4.626844999999999573e+02
6.313973749999998972e+02
8.675369999999999209e+02
1.149924999999999727e+03
1.621467499999999745e+03
2.448953750000000127e+03
3.336835000000000036e+03
4.003486250000000382e+03
4.752180000000000291e+03
5.575438750000000255e+03
6.413375000000000909e+03
7.167117500000000291e+03
7.828715000000000146e+03
8.271557499999998981e+03
8.437533749999998690e+03
8.319276249999998981e+03
7.929289999999999964e+03
7.321691250000000764e+03
6.552286250000001019e+03
5.734878749999999854e+03
4.929097499999999854e+03
3.653693750000000364e+03
2.313746250000000146e+03
1.508107500000000073e+03
1.044712500000000091e+03
6.890961250000000291e+02
4.575167500000000018e+02
3.529332500000000437e+02
3.093651249999999777e+02
3.129221250000000509e+02
4.608047499999998990e+02
1.359225000000000136e+03
1.949926249999999982e+03
8.822306250000000318e+02
9.134466250000001537e+02
2.140562500000000000e+03
2.495409999999999854e+03
6.904208750000000236e+02
2.221366249999999809e+02
1.218673749999999956e+02
8.231687500000001023e+01
6.025961249999999580e+01
4.748154999999999859e+01
3.988100000000000023e+01
3.493815000000000026e+01
3.190903749999999661e+01
3.070568749999999980e+01
3.018987500000000068e+01
2.952679999999999794e+01
3.203492500000000121e+01
5.032158749999999969e+01
2.225939999999999941e+02
6.139616249999999127e+02
3.306803750000000264e+01
3.299243750000000119e+01
8.091567500000002156e+01
7.591499999999999773e+02
4.335462500000000546e+03
1.368654999999999745e+03
1.218018750000000097e+02
6.190317499999999740e+01
2.844452499999999873e+01
2.373812500000000014e+01
8.767258750000000589e+01
1.805088750000000118e+03
6.845291249999999650e+01
2.296518750000000182e+02
3.914104999999999990e+01
1.630241249999999908e+01
6.206889999999999930e+01
1.202942500000000052e+02
1.026420375000000149e+03
1.464096250000000055e+03
1.109240000000000009e+03
5.641237499999999727e+01
1.918291250000000048e+02
1.452194999999999823e+02
4.610543749999999363e+01
1.775136249999999905e+02
1.390724999999999909e+02
2.081567499999999882e+02
1.283931250000000013e+01
1.538761250000000018e+02
1.522033749999999941e+01
2.535431250000000247e+01
7.896046249999999134e+01
1.159401249999999948e+02
2.899126249999999914e+02
1.044288750000000050e+02
6.370057500000000346e+02
1.060896499999999918e+02
3.937709999999999582e+02
7.266067500000001189e+01
2.322244999999999777e+02
3.169591249999999860e+01
2.152429999999999950e+02
5.780737500000000750e+01
2.504819999999999993e+02
2.216765000000000043e+02
5.222123749999999731e+00
1.998242500000000064e+02
1.666149999999999807e+02
3.628659999999999997e+00
6.480566249999999684e+01
1.500887500000000045e+02
2.907126250000000027e+02
9.301283750000000339e+01
2.098199999999999932e+02
9.916296250000000612e+01
9.728630000000001132e+01
1.055559999999999974e+02
7.555580000000001739e-01
4.781936249999999688e+01
5.066628749999999570e+01
1.040806249999999977e+02
3.339151249999999749e+01
5.553613750000000948e+01
1.943883749999999964e+02
7.241479999999999961e+01
6.295931249999999579e+01
6.311563749999999828e+01
5.707626250000000567e+01
4.481877499999999515e+01
4.232397500000000434e+01
3.749972499999999798e+01
3.002031249999999574e+01
2.582629999999999981e+01
2.287762499999999832e+01
2.163621249999999918e+01
1.905003749999999485e+01
1.749966249999999945e+01
1.647970000000000113e+01
1.496408749999999976e+01
1.308673749999999991e+01
1.189321250000000063e+01
1.006936250000000044e+01
7.735599999999999810e+00
6.541846249999999863e+00
5.512037499999999923e+00
4.496562500000000462e+00
3.632642500000000663e+00
3.036272499999999930e+00
2.517065000000000108e+00
2.172654999999999781e+00
2.068811249999999990e+00
1.972916249999999705e+00
1.793995000000000006e+00
1.640652500000000069e+00
1.539215000000000222e+00
1.448313750000000066e+00
1.329910000000000148e+00
1.099599999999999911e+00
9.198500000000000565e-01
7.333623750000001218e-01
5.398533750000000797e-01
3.904127499999999751e-01
3.107286249999999805e-01
2.646356249999999855e-01
2.505668750000000222e-01
2.334332500000000088e-01
2.127351249999999971e-01
1.935147500000000131e-01
1.812391250000000287e-01
1.729664999999999953e-01
1.592658750000000012e-01
1.494297500000000001e-01
1.405607500000000121e-01
1.271275000000000321e-01
1.180168750000000072e-01
1.137766249999999923e-01
1.108658750000000026e-01
1.069514999999999910e-01
9.558038750000000250e-02
8.354419999999999902e-02
7.566786250000001601e-02
7.026818750000000946e-02
6.646128749999999363e-02
6.346369999999999789e-02
6.115818749999999554e-02
5.736433750000000109e-02
4.811202500000000271e-02
3.676989999999999426e-02
3.054988750000000100e-02
2.511478749999999927e-02
1.464978750000000066e-02
7.819121249999999926e-03
4.672902499999999348e-03
1.748603750000000089e-03
8.379477499999999496e-04
8.504957499999999792e-04
2.008129999999999898e-04
1.880949999999999940e-04
1.630849999999999878e-04
4.994762499999999767e-05
3.281662500000000194e-05
