1.648428750000000000e+05
1.956285000000000000e+05
1.330515000000000000e+05
1.116916250000000000e+05
9.941358750000000873e+04
8.911369999999999709e+04
7.811544999999999709e+04
6.857559999999999127e+04
6.106461249999999563e+04
5.407271250000000146e+04
4.681397500000000582e+04
3.850752500000000146e+04
3.168138750000000073e+04
1.967108750000000146e+04
1.409170000000000255e+04
1.151661249999999927e+04
9.073559999999999491e+03
7.395038749999999709e+03
6.152613750000000437e+03
5.216043750000000728e+03
4.478793749999999818e+03
3.887935000000000400e+03
3.118251249999999800e+03
2.347262499999999818e+03
1.834475000000000136e+03
1.477109999999999900e+03
1.221528749999999945e+03
1.033443749999999909e+03
8.950746249999999691e+02
7.947817499999998745e+02
7.271327499999999873e+02
6.920703750000000127e+02
6.965812500000000682e+02
7.556548750000000609e+02
9.247117499999999382e+02
9.076482499999999618e+02
5.874719999999999800e+02
4.043685000000000400e+02
3.482350000000000136e+02
3.333812500000000227e+02
3.249641250000000241e+02
3.375704999999999814e+02
3.802716249999999718e+02
4.642473749999999768e+02
6.333576249999999845e+02
8.706362499999999045e+02
1.154901250000000118e+03
1.630250000000000227e+03
2.465603750000000218e+03
3.362895000000000437e+03
4.037178750000000036e+03
4.794911250000000109e+03
5.628759999999999309e+03
6.478191249999999854e+03
7.243098750000000109e+03
7.915476249999999709e+03
8.367096249999998690e+03
8.538901249999998981e+03
8.423138749999998254e+03
8.032107499999999163e+03
7.420328750000000582e+03
6.643795000000000073e+03
5.818349999999999454e+03
5.004152500000000146e+03
3.713682499999999891e+03
2.356388750000000073e+03
1.539143749999999955e+03
1.068355000000000018e+03
7.062888749999999618e+02
4.697409999999999854e+02
3.621624999999999659e+02
3.164618749999999636e+02
3.183561250000000200e+02
4.644735000000000014e+02
1.365398749999999836e+03
1.966498750000000200e+03
8.954063749999999118e+02
9.236026249999998754e+02
2.157443749999999909e+03
2.519992499999999836e+03
7.045111249999998790e+02
2.312469999999999857e+02
1.292470000000000141e+02
8.872327500000000100e+01
6.594052499999999384e+01
5.260390000000001010e+01
4.457264999999999588e+01
3.925622500000000059e+01
3.590501249999999800e+01
3.451276250000000090e+01
3.388377499999999998e+01
3.301693750000000449e+01
3.495287499999999881e+01
5.243662499999999937e+01
2.244722500000000309e+02
6.237571250000000873e+02
3.600039999999999907e+01
3.522702500000000470e+01
8.388562500000000455e+01
8.041772499999998445e+02
4.665856249999999818e+03
1.492542500000000018e+03
1.403401250000000289e+02
7.348579999999999757e+01
3.466441249999999741e+01
2.675646250000000492e+01
9.270397499999998558e+01
1.964318750000000136e+03
8.605292499999998768e+01
2.417286249999999939e+02
4.565727499999999850e+01
2.010091250000000329e+01
6.484708750000000066e+01
1.222083750000000180e+02
1.108523749999999836e+03
1.669049999999999955e+03
1.208881249999999909e+03
7.801788750000000050e+01
2.063663750000000334e+02
1.588683750000000146e+02
5.442269999999999897e+01
1.944923749999999814e+02
1.508614999999999782e+02
2.214902500000000032e+02
1.966844999999999644e+01
1.648631249999999966e+02
2.291552500000000236e+01
3.037343750000000142e+01
8.550658750000000907e+01
1.335349999999999966e+02
3.263349999999999227e+02
1.115758749999999964e+02
6.990478750000000900e+02
1.254102499999999907e+02
4.678358749999999873e+02
8.581003749999999286e+01
2.697893750000000068e+02
3.884497499999999803e+01
2.384014999999999986e+02
6.424491249999999809e+01
2.782463749999999436e+02
2.649362499999999727e+02
1.260002500000000047e+01
2.666016250000000127e+02
2.477959999999999923e+02
1.258533749999999962e+01
7.159425000000000239e+01
1.664925000000000068e+02
3.674173749999999927e+02
1.139723749999999995e+02
2.330893750000000182e+02
1.248049999999999926e+02
1.319655000000000200e+02
1.431858750000000100e+02
8.545741250000000733e+00
6.004086250000000291e+01
6.317553749999999724e+01
1.447920000000000016e+02
5.154626249999999743e+01
7.513894999999999413e+01
2.737701250000000073e+02
1.485308749999999804e+02
1.249729999999999990e+02
1.040530000000000115e+02
9.616778750000000286e+01
8.138481249999999534e+01
7.824200000000000443e+01
7.216460000000000719e+01
6.266349999999999909e+01
5.699262500000000387e+01
5.297210000000000463e+01
5.119002499999999856e+01
4.746022500000000832e+01
4.516132500000000505e+01
4.362642499999999757e+01
4.128440000000000509e+01
3.828983750000000441e+01
3.632500000000000284e+01
3.316275000000000261e+01
2.885875000000000057e+01
2.646596249999999984e+01
2.423026249999999493e+01
2.183196249999999949e+01
1.951752499999999912e+01
1.772207500000000024e+01
1.596260000000000012e+01
1.464017499999999927e+01
1.420812500000000256e+01
1.377427500000000116e+01
1.297450000000000081e+01
1.245567500000000116e+01
1.213466249999999924e+01
1.183767499999999906e+01
1.147127500000000033e+01
1.075402499999999861e+01
1.009028749999999874e+01
9.431867499999999183e+00
8.745626250000000823e+00
8.177211249999999154e+00
7.873537500000000300e+00
7.711902499999999883e+00
7.686161250000000500e+00
7.654814999999999259e+00
7.616945000000000299e+00
7.581632499999999553e+00
7.558955000000000979e+00
7.543673749999999067e+00
7.512932499999999791e+00
7.488847500000000323e+00
7.464487500000000608e+00
7.420957500000000095e+00
7.386366250000000022e+00
7.368841249999999121e+00
7.356808749999999897e+00
7.349765000000000548e+00
7.353661250000000038e+00
7.370786250000000095e+00
7.397285000000000110e+00
7.413587500000000219e+00
7.417982500000000812e+00
7.414627499999999038e+00
7.408641249999999623e+00
7.398181250000000375e+00
7.320083750000000222e+00
7.052231250000000173e+00
6.766242499999999715e+00
6.510592500000000449e+00
5.785622500000000556e+00
5.110807499999999948e+00
4.797998750000000534e+00
4.618872500000000159e+00
4.647703749999999800e+00
4.836322500000000524e+00
1.264352499999999990e+00
1.272371249999999954e+00
1.279457499999999914e+00
6.401675000000000004e-01
6.352812500000000195e-01
