1.097556249999999949e+02
1.483143749999999841e+02
1.158376249999999885e+02
1.063188750000000056e+02
1.012891249999999843e+02
9.734273750000001257e+01
9.339591250000000855e+01
9.014913749999999482e+01
8.767194999999999538e+01
8.535809999999999320e+01
8.285203750000000866e+01
7.957179999999999609e+01
7.626748749999998722e+01
6.658633749999999907e+01
5.948817500000000535e+01
5.465598750000000194e+01
4.901298750000000126e+01
4.426769999999999072e+01
4.015959999999999752e+01
3.663600000000000279e+01
3.355219999999999914e+01
3.084478750000000247e+01
2.689811250000000342e+01
2.240506249999999966e+01
1.896433749999999918e+01
1.625501249999999942e+01
1.408363750000000003e+01
1.229726249999999865e+01
1.080882499999999879e+01
9.544787499999999980e+00
8.455707500000000820e+00
7.509669999999999845e+00
6.692194999999999006e+00
6.033335000000000115e+00
5.623305000000000220e+00
5.681019999999999293e+00
5.042907500000000098e+00
4.067448750000000501e+00
3.432938750000000372e+00
3.082973749999999846e+00
2.614484999999999726e+00
2.096651249999999855e+00
1.717052500000000093e+00
1.562673750000000084e+00
1.960429999999999673e+00
3.099183749999999904e+00
4.975856249999999648e+00
8.782379999999998077e+00
1.664828749999999857e+01
2.606126249999999800e+01
3.369180000000000064e+01
4.273142500000000865e+01
5.332061250000000285e+01
6.481658749999999714e+01
7.598274999999999579e+01
8.676041250000000105e+01
9.553742499999999893e+01
1.013673750000000098e+02
1.038618750000000119e+02
1.028179999999999978e+02
9.863814999999999600e+01
9.150865000000000293e+01
8.347229999999998995e+01
7.505288749999999709e+01
5.999124999999999375e+01
4.264149999999999352e+01
3.103757500000000036e+01
2.364199999999999946e+01
1.719272499999999937e+01
1.222435000000000116e+01
9.229309999999999903e+00
7.096736249999999302e+00
5.434368749999999970e+00
3.668783749999999788e+00
6.176473749999999541e+00
1.657034999999999769e+01
1.317613749999999939e+01
1.015595000000000070e+01
1.688136249999999805e+01
2.458364999999999867e+01
1.409050000000000047e+01
9.110561249999998168e+00
7.379615000000000258e+00
6.406382499999999425e+00
5.680915000000000603e+00
5.122328750000000319e+00
4.691632500000000761e+00
4.318082500000000046e+00
3.995997500000000091e+00
3.807065000000000143e+00
3.693926249999999634e+00
3.490133750000000479e+00
2.917952499999999727e+00
2.115056250000000304e+00
1.878211249999999888e+00
9.795362499999999528e+00
2.932368750000000190e+00
2.234579999999999789e+00
2.969924999999999482e+00
4.502717499999999262e+01
3.303934999999999604e+02
1.238875000000000028e+02
1.853840000000000288e+01
1.158265000000000100e+01
6.219889999999999475e+00
3.018321250000000067e+00
5.031371249999999407e+00
1.592309999999999945e+02
1.760001249999999828e+01
1.207660000000000089e+01
6.516238750000000302e+00
3.798481250000000031e+00
2.778187500000000032e+00
1.914187499999999709e+00
8.210609999999999786e+01
2.049512500000000159e+02
9.964109999999999445e+01
2.160552500000000009e+01
1.453723750000000159e+01
1.364899999999999913e+01
8.317290000000001626e+00
1.697862500000000097e+01
1.178908749999999905e+01
1.333338750000000061e+01
6.829152500000000181e+00
1.098691250000000075e+01
7.695176250000000273e+00
5.019128750000000139e+00
6.546087500000000503e+00
1.759483749999999702e+01
3.642235000000000156e+01
7.147089999999999499e+00
6.204214999999999947e+01
1.932074999999999676e+01
7.406478749999999422e+01
1.314937499999999737e+01
3.756483750000000299e+01
7.149057499999999621e+00
2.315828749999999658e+01
6.437542500000000167e+00
2.776442500000000280e+01
4.325968749999999829e+01
7.377905000000000157e+00
6.677726249999997776e+01
8.118110000000000070e+01
8.956696250000000248e+00
6.788575000000000692e+00
1.640397499999999908e+01
7.670487500000000125e+01
2.095956250000000054e+01
2.326936249999999973e+01
2.564195000000000135e+01
3.467922499999999530e+01
3.762997500000000173e+01
7.790183749999999741e+00
1.222148750000000028e+01
1.250923749999999934e+01
4.071136249999999990e+01
1.815476250000000036e+01
1.960282499999999928e+01
7.938180000000001257e+01
7.611603749999999025e+01
6.201373749999999774e+01
4.093721250000000111e+01
3.909154999999999802e+01
3.656602499999999623e+01
3.591801250000000323e+01
3.466485000000000127e+01
3.264320000000000022e+01
3.116632500000000050e+01
3.009447500000000275e+01
2.955382499999999979e+01
2.841018749999999926e+01
2.766165000000000163e+01
2.714672499999999644e+01
2.632031250000000000e+01
2.520312500000000355e+01
2.443180000000000263e+01
2.308223750000000152e+01
2.103620000000000090e+01
1.976383750000000106e+01
1.845803749999999965e+01
1.692131249999999909e+01
1.528211250000000021e+01
1.403521250000000187e+01
1.278111250000000076e+01
1.180125000000000135e+01
1.147403750000000144e+01
1.113848750000000010e+01
1.047580000000000133e+01
9.904631249999999554e+00
9.515101249999998956e+00
9.175900000000000389e+00
8.787962500000000787e+00
8.097056249999999622e+00
7.460954999999999337e+00
6.935607499999999703e+00
6.285466249999999810e+00
5.722760000000000957e+00
5.383047499999999985e+00
5.172203749999999545e+00
5.127706250000000132e+00
5.073514999999999553e+00
5.008051250000000287e+00
4.938198750000000636e+00
4.886032500000000667e+00
4.850874999999999382e+00
4.782313750000000141e+00
4.729249999999999510e+00
4.678374999999999950e+00
4.593963750000000346e+00
4.534102499999999480e+00
4.505595000000000461e+00
4.486027499999999613e+00
4.471214999999999939e+00
4.458888750000000734e+00
4.463387500000000507e+00
4.490769999999999484e+00
4.513578750000000639e+00
4.526380000000000514e+00
4.531937499999998842e+00
4.533952500000000718e+00
4.539175000000000182e+00
4.512461250000000312e+00
4.324923749999999956e+00
4.081369999999999720e+00
3.861145000000000049e+00
3.225576250000000034e+00
2.603315000000000268e+00
2.290256249999999660e+00
2.129231250000000131e+00
2.281763749999999646e+00
2.544059999999999544e+00
6.954062500000000036e-01
7.036862500000000686e-01
7.116575000000000539e-01
3.574487499999999818e-01
3.528387499999999788e-01
