1.409412500000000179e+01
1.916643750000000068e+01
1.507102500000000056e+01
1.389744999999999919e+01
1.329049999999999976e+01
1.282650000000000290e+01
1.238133750000000077e+01
1.203679999999999950e+01
1.179692499999999988e+01
1.159885000000000055e+01
1.141653749999999867e+01
1.124102500000000049e+01
1.111968750000000128e+01
1.096000000000000085e+01
1.090258749999999921e+01
1.088079999999999892e+01
1.086185000000000045e+01
1.084938750000000063e+01
1.084028749999999874e+01
1.083329999999999771e+01
1.082760000000000211e+01
1.082290000000000241e+01
1.081610000000000227e+01
1.080819999999999936e+01
1.080178749999999965e+01
1.079614999999999903e+01
1.079101249999999901e+01
1.078629999999999889e+01
1.078180000000000227e+01
1.077758749999999921e+01
1.077339999999999876e+01
1.076940000000000097e+01
1.076550000000000118e+01
1.076170000000000115e+01
1.075616250000000207e+01
1.074880000000000102e+01
1.074161250000000045e+01
1.073449999999999882e+01
1.072911250000000116e+01
1.072565000000000168e+01
1.072047500000000042e+01
1.071362500000000040e+01
1.070676249999999996e+01
1.069998750000000065e+01
1.069321250000000134e+01
1.068811250000000079e+01
1.068474999999999753e+01
1.068139999999999823e+01
1.067806249999999935e+01
1.067570000000000263e+01
1.067440000000000211e+01
1.067310000000000159e+01
1.067178750000000065e+01
1.067040000000000077e+01
1.066911250000000067e+01
1.066779999999999973e+01
1.066648749999999879e+01
1.066516249999999921e+01
1.066382500000000100e+01
1.066249999999999964e+01
1.066119999999999912e+01
1.065988749999999996e+01
1.065855000000000175e+01
1.065722500000000039e+01
1.065493749999999906e+01
1.065163749999999965e+01
1.064832500000000159e+01
1.064502499999999863e+01
1.064008750000000170e+01
1.063367500000000021e+01
1.062718749999999979e+01
1.062062500000000043e+01
1.061412499999999781e+01
1.060517499999999913e+01
1.059362500000000118e+01
1.058197499999999991e+01
1.057052499999999995e+01
1.055971249999999984e+01
1.055072500000000169e+01
1.053960000000000186e+01
1.052642499999999970e+01
1.051502499999999962e+01
1.050441250000000082e+01
1.049375000000000036e+01
1.048198750000000068e+01
1.046959999999999980e+01
1.045763750000000059e+01
1.044534999999999947e+01
1.043321249999999978e+01
1.042539999999999978e+01
1.042053750000000178e+01
1.041152500000000103e+01
1.038481250000000067e+01
1.034986250000000041e+01
1.032071249999999907e+01
1.026172500000000021e+01
1.020370000000000132e+01
1.016741249999999930e+01
1.011213749999999933e+01
1.006522500000000164e+01
1.003828749999999914e+01
1.001463749999999919e+01
9.984138749999999618e+00
9.964389999999999858e+00
9.907727500000000020e+00
9.808752499999998875e+00
9.715466250000000414e+00
9.602750000000000341e+00
9.513001250000000297e+00
9.449237500000000622e+00
9.368008749999999552e+00
9.303102499999999608e+00
9.246126249999999658e+00
9.179664999999999964e+00
9.103536250000001218e+00
9.002852499999999480e+00
8.925423749999998435e+00
8.870276249999999862e+00
8.801059999999999661e+00
8.703752500000000225e+00
8.565047499999998593e+00
8.396546249999998324e+00
8.233981249999999363e+00
8.112560000000000215e+00
8.057758749999999637e+00
7.997715000000000352e+00
7.936633750000000376e+00
7.894136249999998967e+00
7.841061250000000982e+00
7.779165000000000774e+00
7.695993750000000411e+00
7.635422499999999779e+00
7.586591249999999675e+00
7.531817499999999832e+00
7.447881250000000009e+00
7.360335000000000960e+00
7.277224999999999611e+00
7.189091249999999711e+00
7.093532500000000240e+00
7.027641249999999395e+00
6.956477500000000980e+00
6.865567499999999157e+00
6.775291249999999543e+00
6.542043749999999491e+00
6.267742499999998884e+00
6.021812499999999346e+00
5.722428749999999731e+00
5.340063749999999665e+00
4.761537499999999312e+00
4.000302500000000094e+00
3.239791250000000122e+00
1.325823750000000079e+00
4.173048750000000382e+02
1.468548750000000069e+01
1.107242499999999907e+01
9.966447499999999238e+00
9.516998750000000840e+00
7.872428750000000086e+00
6.798406250000001094e+00
6.551667500000000643e+00
6.339204999999999757e+00
5.788301249999999953e+00
4.374497500000000372e+01
7.554778750000000542e+00
9.497630000000000905e+00
1.065815999999999875e+01
1.768802500000000055e+00
7.700589999999999691e+01
8.634738750000000351e+00
1.441648749999999879e+01
2.635709999999999997e+00
6.447392499999999416e+01
2.974428749999999866e+01
1.078477499999999978e+01
2.844308749999999719e+01
1.408852499999999885e+01
1.291991249999999880e+01
7.958253750000000792e+00
1.797281249999999986e+01
1.692418749999999861e+01
1.581316250000000068e+01
1.478632499999999972e+01
1.370146249999999988e+01
1.264533750000000190e+01
1.185273749999999993e+01
1.114997499999999953e+01
1.060768749999999905e+01
1.044203750000000142e+01
1.025556249999999991e+01
9.932023750000000817e+00
9.723513749999998623e+00
9.633516249999999559e+00
9.522211249999999794e+00
9.265381250000000790e+00
8.760006250000001771e+00
8.317416250000000844e+00
7.834311249999999838e+00
7.260794999999999888e+00
6.737677500000000208e+00
6.409138750000000329e+00
6.207606250000000436e+00
6.139463749999999109e+00
6.056472499999999926e+00
5.956219999999999182e+00
5.842238750000000813e+00
5.752013750000001480e+00
5.691208750000000371e+00
5.593198749999999997e+00
5.523836250000000447e+00
5.461954999999999671e+00
5.369786250000000649e+00
5.307064999999999699e+00
5.277775000000000105e+00
5.257666249999999764e+00
5.245248750000000015e+00
5.126563749999999864e+00
4.980849999999999334e+00
4.910672499999999552e+00
4.774262499999999854e+00
4.704823749999999194e+00
4.652926250000001041e+00
4.616748749999999291e+00
4.572400000000000020e+00
4.354105000000000558e+00
4.024477499999999708e+00
3.772737500000000299e+00
3.551251249999999526e+00
2.979672499999999946e+00
2.456865000000000077e+00
2.191522500000000040e+00
2.083931250000000013e+00
2.250318750000000367e+00
2.501556249999999704e+00
6.812975000000000003e-01
6.886300000000000754e-01
6.965850000000000097e-01
3.504162499999999847e-01
3.461325000000000096e-01
