7.953862499999999613e+01
9.709252500000000907e+01
6.830381250000000648e+01
5.873984999999999701e+01
5.332527499999999776e+01
4.884099999999999397e+01
4.412068750000000250e+01
4.008657499999999629e+01
3.696003749999999854e+01
3.409437499999999943e+01
3.116648750000000234e+01
2.789512500000000372e+01
2.527870000000000061e+01
2.085973750000000138e+01
1.887434999999999974e+01
1.796626249999999914e+01
1.710632499999999823e+01
1.649926250000000039e+01
1.603185000000000215e+01
1.566527499999999762e+01
1.536512500000000081e+01
1.511798750000000169e+01
1.476401249999999976e+01
1.437302500000000016e+01
1.407746249999999755e+01
1.384554999999999936e+01
1.365051249999999783e+01
1.348783749999999948e+01
1.334911250000000038e+01
1.323098750000000123e+01
1.312371249999999989e+01
1.302932500000000005e+01
1.294371250000000018e+01
1.286588749999999770e+01
1.276658750000000175e+01
1.264891249999999800e+01
1.254740000000000144e+01
1.245921250000000136e+01
1.239261250000000025e+01
1.235410000000000075e+01
1.230442500000000017e+01
1.223831249999999926e+01
1.217788750000000064e+01
1.212432500000000068e+01
1.207192499999999846e+01
1.203706249999999933e+01
1.201463749999999919e+01
1.199243749999999942e+01
1.197022500000000100e+01
1.195551250000000110e+01
1.194832500000000053e+01
1.194132499999999908e+01
1.193418750000000195e+01
1.192704999999999771e+01
1.191998750000000129e+01
1.191285000000000238e+01
1.190573749999999897e+01
1.189864999999999995e+01
1.189153749999999832e+01
1.188447500000000012e+01
1.187735000000000163e+01
1.187024999999999864e+01
1.186313750000000056e+01
1.185604999999999976e+01
1.184357500000000130e+01
1.182586250000000128e+01
1.180811250000000179e+01
1.179032499999999928e+01
1.176742499999999936e+01
1.173967499999999831e+01
1.171177499999999938e+01
1.168358749999999979e+01
1.165561250000000015e+01
1.162096249999999920e+01
1.157906249999999915e+01
1.153696249999999957e+01
1.149921249999999873e+01
1.146518749999999898e+01
1.143690000000000140e+01
1.140489999999999782e+01
1.136877499999999941e+01
1.133754999999999846e+01
1.130849999999999866e+01
1.128131249999999852e+01
1.125304999999999822e+01
1.122319999999999851e+01
1.119449999999999967e+01
1.116755000000000031e+01
1.114229999999999876e+01
1.112607500000000016e+01
1.111593749999999936e+01
1.109723750000000209e+01
1.104161249999999939e+01
1.097245000000000026e+01
1.091968749999999844e+01
1.081591249999999960e+01
1.071959999999999980e+01
1.066298749999999984e+01
1.057987499999999770e+01
1.050936249999999994e+01
1.047034999999999982e+01
1.043742499999999929e+01
1.039506249999999987e+01
1.036761249999999990e+01
1.029020000000000046e+01
1.015957500000000024e+01
1.004035000000000011e+01
9.901198750000000715e+00
9.792293749999998909e+00
9.715232500000000826e+00
9.619722499999999954e+00
9.544036249999999555e+00
9.477616249999998743e+00
9.401495000000000601e+00
9.315136250000000118e+00
9.201515000000000555e+00
9.115336250000000362e+00
9.054073750000000587e+00
8.977812499999998863e+00
8.871813750000001164e+00
8.721127499999999699e+00
8.540483749999999930e+00
8.367876250000000127e+00
8.239974999999999383e+00
8.182458750000000336e+00
8.120023749999999652e+00
8.056507500000000377e+00
8.012316249999999584e+00
7.957233750000000327e+00
7.893563750000000212e+00
7.808089999999999975e+00
7.745874999999999844e+00
7.696062500000000028e+00
7.640397499999999731e+00
7.555098749999999974e+00
7.466592500000000854e+00
7.383060000000000400e+00
7.294591249999999860e+00
7.199432500000000346e+00
7.133966250000000286e+00
7.063414999999999999e+00
6.974451249999999547e+00
6.886348749999999797e+00
6.659333750000000052e+00
6.395669999999999966e+00
6.163911249999999953e+00
5.886130000000000528e+00
5.540028750000000279e+00
5.035177499999999640e+00
4.413478750000000339e+00
3.848582500000000017e+00
3.753083749999999608e+00
6.479895000000001346e+02
1.541999999999999993e+01
1.130873749999999944e+01
1.010436249999999880e+01
9.623744999999999550e+00
7.911122499999999391e+00
6.818276249999999372e+00
6.572573750000000103e+00
6.362117499999999204e+00
5.827675000000000161e+00
6.258292500000000302e+01
7.590511250000000487e+00
1.216252500000000047e+01
1.375046249999999937e+01
1.862292500000000128e+00
8.015919999999998424e+01
8.848468750000000327e+00
1.609652499999999975e+01
2.855043750000000102e+00
6.707752499999999429e+01
3.078078749999999530e+01
1.152771250000000158e+01
2.949335000000000306e+01
1.465157500000000290e+01
1.316670000000000051e+01
7.959151249999999678e+00
1.845664999999999978e+01
1.757913750000000164e+01
1.639073750000000018e+01
1.529311249999999944e+01
1.413335000000000008e+01
1.300463749999999941e+01
1.215903750000000016e+01
1.141322500000000062e+01
1.084079999999999799e+01
1.066699999999999982e+01
1.047181249999999864e+01
1.013476250000000078e+01
9.918115000000000236e+00
9.811900000000001398e+00
9.690338750000000445e+00
9.483993749999998002e+00
9.059116250000000647e+00
8.683916249999999337e+00
8.294223750000000450e+00
7.873083749999999270e+00
7.526001250000000198e+00
7.344181249999999217e+00
7.243436250000000243e+00
7.219244999999999912e+00
7.189784999999999648e+00
7.154197500000000431e+00
7.122837500000000155e+00
7.104214999999999947e+00
7.091665000000000774e+00
7.079343749999999602e+00
7.073638749999998865e+00
7.071096249999999195e+00
7.073463749999998385e+00
7.075829999999998954e+00
7.077027499999998916e+00
7.077852500000000546e+00
7.078799999999999315e+00
7.081159999999999677e+00
7.084888749999999291e+00
7.088926250000000095e+00
7.087646250000000592e+00
7.079289999999999417e+00
7.072131249999999980e+00
7.066333750000000080e+00
7.046960000000000335e+00
6.971237499999999976e+00
6.754839999999999733e+00
6.529381250000000136e+00
6.327062500000000256e+00
5.737476250000000277e+00
5.174342499999999845e+00
4.904423749999999416e+00
4.757997500000000102e+00
4.839538749999999112e+00
5.007348750000000237e+00
1.291871250000000027e+00
1.296854999999999869e+00
1.302188750000000006e+00
6.514725000000000099e-01
6.464024999999999910e-01
