6.544462500000000205e+01
7.792619999999999436e+01
5.323277500000000373e+01
4.484236250000000013e+01
4.003474999999999540e+01
3.601448750000000132e+01
3.173936249999999859e+01
2.804977500000000035e+01
2.516313749999999771e+01
2.249553750000000463e+01
1.974994999999999834e+01
1.665409999999999968e+01
1.415899999999999892e+01
9.899753749999998576e+00
7.971764999999999546e+00
7.085476250000000142e+00
6.244487499999999969e+00
5.649862500000000232e+00
5.191581249999999592e+00
4.831996250000000437e+00
4.537517499999999870e+00
4.295052499999999718e+00
3.947911249999999761e+00
3.564818749999999703e+00
3.275708750000000169e+00
3.049397499999999983e+00
2.859476250000000164e+00
2.701551249999999627e+00
2.567296250000000057e+00
2.453421249999999887e+00
2.350268749999999685e+00
2.259880000000000333e+00
2.178172500000000067e+00
2.104183749999999797e+00
2.010437500000000099e+00
1.900099999999999900e+00
1.805792500000000356e+00
1.724708750000000013e+00
1.663483749999999928e+00
1.628441250000000062e+00
1.583923750000000075e+00
1.524689999999999879e+00
1.471141250000000067e+00
1.424339999999999939e+00
1.378700000000000037e+00
1.348943749999999886e+00
1.329896250000000002e+00
1.311030000000000140e+00
1.292152500000000037e+00
1.279781250000000092e+00
1.273954999999999949e+00
1.268232500000000096e+00
1.262423749999999956e+00
1.256622499999999976e+00
1.250855000000000050e+00
1.245056250000000198e+00
1.239254999999999995e+00
1.233506250000000026e+00
1.227705000000000046e+00
1.221952499999999997e+00
1.216166249999999893e+00
1.210382500000000139e+00
1.204582499999999889e+00
1.198809999999999931e+00
1.188657499999999922e+00
1.174228749999999932e+00
1.159789999999999877e+00
1.145298750000000032e+00
1.127299999999999969e+00
1.106034999999999879e+00
1.084614999999999885e+00
1.062962500000000032e+00
1.041501250000000045e+00
1.015789999999999971e+00
9.854355000000000198e-01
9.549877499999999131e-01
9.286918750000000555e-01
9.054917499999999286e-01
8.861828749999999255e-01
8.653007500000000629e-01
8.423642499999999256e-01
8.225217499999999404e-01
8.040716249999999565e-01
7.875752500000000600e-01
7.710362499999998676e-01
7.536082500000000906e-01
7.368522499999999864e-01
7.222135000000000637e-01
7.090966249999999249e-01
7.006790000000000518e-01
6.954028749999998649e-01
6.856881249999999817e-01
6.567981250000000104e-01
6.226038749999999178e-01
5.989646250000000283e-01
5.541802500000000409e-01
5.158922499999999411e-01
4.955777500000000391e-01
4.677479999999999416e-01
4.441242499999999982e-01
4.320551249999999843e-01
4.228183749999999685e-01
4.109249999999999847e-01
4.032200000000000228e-01
3.824692499999999828e-01
3.508288750000000400e-01
3.248796250000000052e-01
2.984452499999999953e-01
2.792917500000000053e-01
2.659941249999999702e-01
2.517138749999999758e-01
2.409352500000000175e-01
2.314896249999999767e-01
2.218282499999999768e-01
2.116007500000000319e-01
1.986644999999999661e-01
1.899137499999999923e-01
1.837953750000000108e-01
1.767515000000000058e-01
1.680613750000000128e-01
1.560792500000000027e-01
1.439341249999999961e-01
1.338947500000000068e-01
1.274141250000000170e-01
1.246992500000000115e-01
1.223074999999999996e-01
1.198746249999999985e-01
1.181818750000000057e-01
1.161717499999999903e-01
1.143988749999999832e-01
1.120962499999999945e-01
1.104526249999999987e-01
1.094722499999999932e-01
1.085816250000000011e-01
1.072168750000000031e-01
1.062575000000000047e-01
1.058365000000000000e-01
1.054994999999999961e-01
1.058985000000000065e-01
1.063252500000000100e-01
1.069381249999999950e-01
1.088828750000000040e-01
1.110578749999999865e-01
1.172907499999999992e-01
1.279256250000000150e-01
1.420985000000000165e-01
1.636987499999999762e-01
1.999648750000000141e-01
2.736393750000000180e-01
4.131747500000000350e-01
6.087894999999999834e-01
2.427259999999999973e+00
2.306845000000000141e+02
7.344855000000000134e-01
2.363217500000000526e-01
1.379133750000000047e-01
1.067494999999999972e-01
3.869372499999999826e-02
1.987042500000000059e-02
2.090421249999999814e-02
2.291056250000000211e-02
3.937181249999999882e-02
1.883794999999999575e+01
3.573212499999999653e-02
2.664890000000000203e+00
3.092317499999999608e+00
9.349327500000000069e-02
3.153303750000000072e+00
2.137308750000000146e-01
1.680033749999999992e+00
2.193343750000000258e-01
2.603600000000000136e+00
1.036521000000000026e+00
7.429230000000000000e-01
1.050262249999999842e+00
5.630534999999999846e-01
2.467817499999999942e-01
8.947671250000000225e-04
4.838361249999999503e-01
6.549488750000000969e-01
5.775942499999999757e-01
5.067811250000000545e-01
4.318850000000000189e-01
3.593087499999999546e-01
3.063032499999999714e-01
2.632546250000000199e-01
2.331169999999999909e-01
2.249845000000000039e-01
2.162222499999999770e-01
2.027191250000000000e-01
1.946008750000000065e-01
1.783857500000000096e-01
1.556623749999999917e-01
1.248747500000000066e-01
1.038726249999999962e-01
9.017415000000000846e-02
7.713107499999999339e-02
6.548681250000001897e-02
5.781052500000000149e-02
5.421373750000000463e-02
5.227151250000000582e-02
5.178116249999999837e-02
5.118397499999999961e-02
5.046258750000000293e-02
4.993618750000000661e-02
4.971959999999999574e-02
4.957367499999999760e-02
4.983237499999999820e-02
5.020389999999998881e-02
5.078312499999999147e-02
5.228053750000000166e-02
5.385829999999999784e-02
5.475331250000000510e-02
5.536772499999999958e-02
5.504287500000000499e-02
5.103788750000000374e-02
4.599252499999999938e-02
4.231515000000000276e-02
4.026772500000000421e-02
3.905651250000000130e-02
3.801846249999999566e-02
3.717791250000000020e-02
3.570904999999999219e-02
2.918608749999999918e-02
2.079622500000000151e-02
1.632480000000000389e-02
1.250532499999999769e-02
5.998802499999999864e-03
2.570103749999999836e-03
1.338425000000000292e-03
5.502568749999999171e-04
4.404505000000000074e-04
6.376373749999999455e-04
1.982948749999999824e-04
1.900024999999999956e-04
1.621638749999999992e-04
4.893024999999999794e-05
3.057875000000000263e-05
