1.499386250000000054e+01
1.887134999999999962e+01
1.376072499999999899e+01
1.213662500000000044e+01
1.124375000000000036e+01
1.052418750000000003e+01
9.791331250000000708e+00
9.187381250000001387e+00
8.737706249999998676e+00
8.341442499999999427e+00
7.951960000000000583e+00
7.539033750000000644e+00
7.224075000000000024e+00
6.729142500000000027e+00
6.518841249999999476e+00
6.426687499999998998e+00
6.341067499999998525e+00
6.281760000000000232e+00
6.236768750000000416e+00
6.201880000000000059e+00
6.173539999999999139e+00
6.150398750000000803e+00
6.117595000000000560e+00
6.081771249999999185e+00
6.055003750000000018e+00
6.034196249999999928e+00
6.016861249999999828e+00
6.002531249999999652e+00
5.990390000000000548e+00
5.980118750000000816e+00
5.970847500000000529e+00
5.962752500000000566e+00
5.955452499999999816e+00
5.948854999999999116e+00
5.940508750000000227e+00
5.930702500000000654e+00
5.922336249999999858e+00
5.915158749999999799e+00
5.909733750000000008e+00
5.906633750000000127e+00
5.902689999999999770e+00
5.897444999999999382e+00
5.892698750000000096e+00
5.888542499999999791e+00
5.884486250000000140e+00
5.881837499999999608e+00
5.880138749999999526e+00
5.878456250000000161e+00
5.876772499999999511e+00
5.875670000000000393e+00
5.875144999999998952e+00
5.874629999999999797e+00
5.874108750000001322e+00
5.873588749999999692e+00
5.873069999999999347e+00
5.872546250000000967e+00
5.872027500000000622e+00
5.871512499999999690e+00
5.870991250000000328e+00
5.870472499999999094e+00
5.869952500000000128e+00
5.869433749999999783e+00
5.868912500000000421e+00
5.868394999999999584e+00
5.867481249999999982e+00
5.866186250000000157e+00
5.864887500000000031e+00
5.863584999999999603e+00
5.861952500000000121e+00
5.860013749999999355e+00
5.858058749999999648e+00
5.856081250000000793e+00
5.854122499999999896e+00
5.851751250000000404e+00
5.848923749999999977e+00
5.846087500000000325e+00
5.843608750000000462e+00
5.841400000000000148e+00
5.839563749999999942e+00
5.837648750000001385e+00
5.835591250000000230e+00
5.833811250000000115e+00
5.832160000000000011e+00
5.830475000000000740e+00
5.828611250000000688e+00
5.826647499999999980e+00
5.824757499999999588e+00
5.823141249999999935e+00
5.821711249999999893e+00
5.820793749999999100e+00
5.820216249999999647e+00
5.819160000000000110e+00
5.816008749999999061e+00
5.812160000000000437e+00
5.809322500000000389e+00
5.803792500000000132e+00
5.798763749999999995e+00
5.795853750000000026e+00
5.791622500000000784e+00
5.788031250000000405e+00
5.786050000000000360e+00
5.784383749999999935e+00
5.782236250000000410e+00
5.780845000000000233e+00
5.776905000000000179e+00
5.770191249999999883e+00
5.763938750000001221e+00
5.756362499999998938e+00
5.750301249999999698e+00
5.745973749999999214e+00
5.740282500000001065e+00
5.735692499999998972e+00
5.731663750000000057e+00
5.726756250000000215e+00
5.721012499999999612e+00
5.713264999999999816e+00
5.707002499999998868e+00
5.702512500000000095e+00
5.696628749999999464e+00
5.687876249999999523e+00
5.675168750000000983e+00
5.658332500000000209e+00
5.640517499999999629e+00
5.626122500000000137e+00
5.619550000000000267e+00
5.612141250000000525e+00
5.604602499999999488e+00
5.599357499999999987e+00
5.592596250000000602e+00
5.583557499999999507e+00
5.571247500000000130e+00
5.562277499999999542e+00
5.555005000000000415e+00
5.546816250000000004e+00
5.534272500000000150e+00
5.520042499999999741e+00
5.505328750000000326e+00
5.489766250000000625e+00
5.473202499999999304e+00
5.461842499999999490e+00
5.449411250000000706e+00
5.432302500000000478e+00
5.415053749999998445e+00
5.369537500000000740e+00
5.314043749999999733e+00
5.267273750000000199e+00
5.210134999999999295e+00
5.140559999999998908e+00
5.045759999999999579e+00
4.941592499999999610e+00
4.856921250000000079e+00
4.695723750000000862e+00
4.537989999999999746e+00
1.389063750000000041e+01
7.915924999999999727e+02
2.607025000000000148e+01
1.604840000000000089e+01
8.495251250000000809e+00
6.985168749999999704e+00
6.890763749999999632e+00
6.839972500000000011e+00
1.225617499999999893e+01
6.581342499999999873e+00
6.485836250000000192e+00
6.284882500000000149e+00
7.086023750000000732e+00
1.050747374999999906e+01
1.602915000000000134e+01
7.297763750000000549e+00
6.477233749999999013e+00
6.333766250000000930e+00
8.873068749999999838e+00
8.937576249999999334e+00
6.170803750000000143e+00
6.989124999999999588e+00
6.397746250000000856e+00
1.124404999999999966e+01
6.615927500000001515e+00
1.123793749999999925e+01
9.503537500000000193e+00
8.483506249999999582e+00
8.425258750000001129e+00
8.400302499999998673e+00
8.436409999999998632e+00
8.497008749999999111e+00
8.610274999999999679e+00
8.725527500000000103e+00
8.769385000000001540e+00
8.819311250000001934e+00
8.917811249999999745e+00
8.984377499999999017e+00
9.020055000000001044e+00
9.056010000000000559e+00
9.109467499999999163e+00
9.195045000000000357e+00
9.261245000000000616e+00
9.285918750000000443e+00
9.219687499999999147e+00
9.019486249999999927e+00
8.730702499999999588e+00
8.551557499999999479e+00
8.482763750000000158e+00
8.402200000000000557e+00
8.314775000000000915e+00
8.157350000000000989e+00
7.998447499999999266e+00
7.900045000000000428e+00
7.718064999999999287e+00
7.586711249999999573e+00
7.453291249999999479e+00
7.211298749999999202e+00
7.026673750000000496e+00
6.937202499999999716e+00
6.877830000000000332e+00
6.810040000000000759e+00
6.645688750000000589e+00
6.394796249999999738e+00
6.147743750000000063e+00
5.971628750000000707e+00
5.839768749999999287e+00
5.727346249999999195e+00
5.643266249999999928e+00
5.502227500000000049e+00
5.130425000000000679e+00
4.584177499999999128e+00
4.262087499999999807e+00
4.056320000000000370e+00
3.755188749999999853e+00
3.721437499999999510e+00
3.896890000000000853e+00
4.269023749999999673e+00
4.457127499999999465e+00
4.449218750000000000e+00
1.089298749999999982e+00
1.083643749999999795e+00
1.067679999999999962e+00
5.006675000000000431e-01
4.694200000000000039e-01
