9.536537499999999667e+00
1.237312499999999993e+01
9.321598750000001488e+00
8.397132499999999666e+00
7.905143750000000580e+00
7.520803749999999788e+00
7.144407500000000688e+00
6.848095000000000709e+00
6.639097500000000096e+00
6.465234999999999843e+00
6.304647499999999738e+00
6.149815000000000254e+00
6.042856249999998930e+00
5.902858750000000043e+00
5.853154999999999220e+00
5.834755000000000358e+00
5.819155000000000300e+00
5.809316250000000181e+00
5.802401249999999067e+00
5.797376250000001008e+00
5.793506249999999191e+00
5.790511249999999777e+00
5.786496250000000785e+00
5.782407499999999700e+00
5.779560000000000031e+00
5.777474999999999916e+00
5.775813750000000191e+00
5.774496250000000330e+00
5.773409999999999265e+00
5.772508749999999189e+00
5.771709999999999674e+00
5.771029999999999660e+00
5.770421250000000946e+00
5.769876249999999374e+00
5.769184999999999341e+00
5.768372499999999015e+00
5.767676250000000060e+00
5.767070000000000363e+00
5.766610000000000014e+00
5.766339999999999577e+00
5.765987500000000487e+00
5.765513750000000215e+00
5.765072500000000488e+00
5.764670000000000627e+00
5.764273749999999197e+00
5.764000000000001123e+00
5.763820000000000832e+00
5.763641250000000049e+00
5.763466250000000457e+00
5.763342500000000257e+00
5.763280000000000847e+00
5.763219999999998677e+00
5.763158749999999664e+00
5.763089999999999158e+00
5.763029999999999653e+00
5.762970000000001036e+00
5.762900000000001022e+00
5.762839999999998852e+00
5.762780000000000236e+00
5.762713749999999635e+00
5.762649999999999828e+00
5.762590000000001211e+00
5.762527499999999137e+00
5.762459999999999027e+00
5.762351249999998259e+00
5.762196250000000575e+00
5.762039999999999829e+00
5.761879999999998780e+00
5.761658750000000495e+00
5.761377500000000929e+00
5.761096250000000474e+00
5.760810000000000208e+00
5.760527500000000245e+00
5.760149999999999437e+00
5.759672500000000639e+00
5.759190000000000254e+00
5.758723749999999697e+00
5.758290000000000575e+00
5.757930000000000881e+00
5.757489999999999775e+00
5.756974999999999731e+00
5.756531249999999211e+00
5.756116250000000711e+00
5.755693749999999831e+00
5.755228749999999671e+00
5.754737500000000061e+00
5.754263749999999789e+00
5.753778750000000386e+00
5.753302500000001096e+00
5.752993749999999906e+00
5.752802499999999597e+00
5.752447499999998826e+00
5.751393750000000082e+00
5.750002500000000794e+00
5.748830000000000773e+00
5.746430000000000149e+00
5.744031249999999922e+00
5.742483749999999887e+00
5.740090000000001247e+00
5.738053749999999731e+00
5.736852499999999466e+00
5.735763749999999384e+00
5.734363749999999982e+00
5.733457500000000095e+00
5.730799999999999450e+00
5.725977499999999942e+00
5.721214999999999051e+00
5.715062500000000156e+00
5.709986250000000041e+00
5.706337500000000951e+00
5.701302500000000606e+00
5.697186249999999674e+00
5.693568750000000733e+00
5.689035000000000508e+00
5.683648750000000582e+00
5.676318750000000080e+00
5.670268749999999969e+00
5.665921249999999354e+00
5.660153750000000983e+00
5.651443750000000321e+00
5.638741250000000704e+00
5.621634999999999494e+00
5.603247499999999270e+00
5.588212499999999139e+00
5.581348750000000081e+00
5.573609999999999509e+00
5.565735000000000099e+00
5.560258750000000916e+00
5.553168749999999321e+00
5.543517500000000098e+00
5.530360000000000831e+00
5.520772500000000527e+00
5.512996249999999598e+00
5.504245000000000942e+00
5.490832499999999783e+00
5.475466249999999313e+00
5.459431250000000624e+00
5.442464999999999442e+00
5.424406250000000540e+00
5.412022499999999070e+00
5.398440000000000794e+00
5.379487499999999756e+00
5.360330000000000261e+00
5.309558749999999883e+00
5.246896249999999817e+00
5.193632499999999652e+00
5.127551250000000671e+00
5.045497499999999746e+00
4.930869999999999642e+00
4.799993749999999615e+00
4.689332499999999904e+00
4.455016249999999900e+00
3.922813749999999988e+00
8.636597500000000593e+00
5.661957499999999754e+02
2.294191250000000082e+01
1.485415000000000063e+01
8.347925000000000040e+00
6.962949999999999307e+00
6.864061250000000669e+00
6.798045000000000115e+00
6.902542500000000025e+00
6.566259999999999764e+00
6.480817499999999676e+00
6.282232499999999220e+00
6.188956250000000381e+00
7.264253750000000842e+00
1.377051249999999882e+01
6.705771249999999739e+00
6.389656249999999815e+00
6.330092499999999234e+00
7.275746249999999193e+00
8.256256249999999852e+00
6.167538750000000292e+00
6.420357500000000606e+00
6.016458749999999966e+00
1.055913749999999851e+01
6.609465000000000146e+00
1.067626249999999999e+01
9.182911250000000081e+00
8.218232499999999163e+00
8.203269999999999840e+00
8.223016250000000582e+00
8.297492500000000604e+00
8.390678749999999297e+00
8.526126250000000795e+00
8.657114999999999227e+00
8.705629999999999313e+00
8.759707500000001090e+00
8.865468749999999787e+00
8.936188749999999459e+00
8.973857500000001153e+00
9.011627500000001234e+00
9.067571250000000305e+00
9.158503749999999499e+00
9.228281250000000213e+00
9.256062500000000526e+00
9.192767500000000425e+00
8.884423749999999842e+00
8.449492499999999851e+00
8.187136250000000004e+00
8.084991249999999852e+00
7.964942499999999370e+00
7.833311250000000392e+00
7.649839999999999307e+00
7.486703749999998436e+00
7.385623750000000598e+00
7.198587500000000361e+00
7.063506250000000541e+00
6.929558749999999989e+00
6.693131249999999532e+00
6.513588749999999372e+00
6.426706249999999621e+00
6.369066250000000373e+00
6.303135000000001043e+00
6.139280000000000292e+00
5.875974999999999504e+00
5.614831249999999052e+00
5.428248750000000733e+00
5.290475000000000705e+00
5.174290000000000056e+00
5.087310000000000443e+00
4.933991250000000051e+00
4.285208750000000677e+00
3.381732500000000030e+00
2.887556250000000269e+00
2.546453749999999516e+00
2.090044999999999931e+00
2.026953749999999665e+00
2.204492499999999744e+00
2.643392500000000034e+00
2.956251250000000219e+00
3.010038750000000096e+00
7.177912499999999918e-01
7.064500000000000224e-01
6.851300000000000168e-01
3.136537500000000089e-01
2.903600000000000070e-01
