5.457337500000000396e+00
6.498226250000000093e+00
4.439123750000000257e+00
3.739488750000000472e+00
3.338610000000000078e+00
3.003388750000000051e+00
2.646923750000000020e+00
2.339286250000000233e+00
2.098609999999999864e+00
1.876207500000000028e+00
1.647312500000000401e+00
1.389217500000000216e+00
1.181218749999999984e+00
8.262843749999999599e-01
6.656864999999999588e-01
5.919301249999999737e-01
5.219132499999998842e-01
4.724436249999999782e-01
4.343677500000000524e-01
4.045032499999999809e-01
3.800323750000000333e-01
3.598877500000000063e-01
3.310993749999999736e-01
2.993646250000000508e-01
2.754426249999999965e-01
2.567213749999999739e-01
2.410496249999999896e-01
2.280353749999999846e-01
2.169810000000000072e-01
2.076093750000000127e-01
1.991336250000000085e-01
1.917204999999999881e-01
1.850286250000000021e-01
1.789779999999999982e-01
1.713236249999999794e-01
1.623288750000000114e-01
1.546602499999999991e-01
1.480875000000000108e-01
1.431242500000000084e-01
1.402908749999999816e-01
1.367042499999999994e-01
1.319318750000000040e-01
1.276253750000000131e-01
1.238708750000000053e-01
1.202117500000000061e-01
1.178363749999999932e-01
1.163178749999999873e-01
1.148133749999999953e-01
1.133084999999999926e-01
1.123242500000000005e-01
1.118643749999999881e-01
1.114124999999999976e-01
1.109537499999999899e-01
1.104953749999999929e-01
1.100403749999999958e-01
1.095824999999999855e-01
1.091242499999999921e-01
1.086703749999999996e-01
1.082122499999999959e-01
1.077582499999999999e-01
1.073013750000000044e-01
1.068447500000000022e-01
1.063866250000000124e-01
1.059311250000000010e-01
1.051289999999999863e-01
1.039900000000000130e-01
1.028496249999999862e-01
1.017053750000000145e-01
1.002939999999999943e-01
9.863413749999999647e-02
9.696209999999999551e-02
9.527180000000000371e-02
9.359659999999998814e-02
9.160077499999998152e-02
8.925387499999999641e-02
8.690043750000001066e-02
8.488317500000000515e-02
8.311097499999998972e-02
8.163602500000000095e-02
8.015869999999999940e-02
7.861648750000001240e-02
7.728232499999999894e-02
7.604131249999999953e-02
7.478064999999999019e-02
7.338248750000000986e-02
7.190920000000000645e-02
7.049553749999999674e-02
6.936358750000001794e-02
6.841157499999998837e-02
6.780062499999998937e-02
6.741770000000001095e-02
6.671258750000000348e-02
6.461576250000000687e-02
6.215726250000000452e-02
6.049251250000000496e-02
5.736162499999999942e-02
5.473113749999999889e-02
5.336843750000000441e-02
5.153432499999999888e-02
4.997742499999999893e-02
4.919837500000000252e-02
4.861893750000000763e-02
4.787286250000000187e-02
4.738948750000000071e-02
4.610568749999999910e-02
4.421314999999999967e-02
4.272392499999999593e-02
4.130090000000000150e-02
4.031302500000000233e-02
3.963548750000000370e-02
3.898076250000000187e-02
3.850711249999999586e-02
3.809266250000000603e-02
3.772108750000000010e-02
3.736465000000000619e-02
3.694613750000000363e-02
3.673156250000000206e-02
3.658897500000000275e-02
3.647394999999999804e-02
3.643421250000000722e-02
3.642536249999999559e-02
3.669873749999999490e-02
3.727106249999999343e-02
3.791009999999999519e-02
3.820185000000000247e-02
3.853081249999999736e-02
3.886543750000000241e-02
3.909827500000000178e-02
3.942947499999999161e-02
4.003848749999999734e-02
4.088764999999999761e-02
4.150634999999999741e-02
4.200823749999999662e-02
4.257305000000000117e-02
4.343857499999999316e-02
4.457488750000000027e-02
4.590009999999999923e-02
4.730266250000000894e-02
4.879529999999999285e-02
4.981903749999998937e-02
5.097292500000000226e-02
5.281524999999999415e-02
5.472212499999999646e-02
5.997726250000001008e-02
6.714689999999999548e-02
7.364424999999999444e-02
8.258092499999998559e-02
9.506072499999999870e-02
1.148907500000000137e-01
1.415997499999999965e-01
1.675902499999999962e-01
2.407107499999999733e-01
6.151748749999998989e-01
5.254036250000000408e+00
2.253966249999999718e+02
3.128332499999999960e+00
1.194223750000000139e+00
1.473249999999999837e-01
2.222238749999999943e-02
2.670106249999999737e-02
4.192832500000000240e-02
5.353632499999999794e+00
1.508331250000000123e-02
5.017027500000000029e-03
2.650726249999999819e-03
8.970681250000001050e-01
3.243213750000000228e+00
2.258657499999999985e+00
5.919897499999999813e-01
8.757869999999999544e-02
3.673277500000000136e-03
1.597322499999999978e+00
6.813175000000000203e-01
3.266001250000000015e-03
5.687671249999999290e-01
3.812893749999999859e-01
6.849222499999999547e-01
6.461637499999999847e-03
5.616893749999999352e-01
3.206253749999999902e-01
2.652725000000000222e-01
2.219903750000000175e-01
1.772870000000000001e-01
1.389158749999999942e-01
1.063296249999999971e-01
8.414746250000000594e-02
6.841511249999999988e-02
6.375364999999999505e-02
5.960271249999999493e-02
5.234441249999999962e-02
4.818966249999999396e-02
4.619667499999999954e-02
4.437996249999999476e-02
4.189484999999999737e-02
3.654290000000000316e-02
3.296442499999999859e-02
2.985476249999999623e-02
2.691912499999999514e-02
2.377608749999999757e-02
2.193675000000000139e-02
2.103529999999999983e-02
2.068767500000000259e-02
2.028003750000000049e-02
1.983612499999999959e-02
1.943902500000000214e-02
1.920261250000000405e-02
1.905485000000000165e-02
1.877907500000000271e-02
1.857819999999999611e-02
1.843539999999999762e-02
1.830211250000000206e-02
1.828576249999999681e-02
1.829797499999999758e-02
1.830616249999999709e-02
1.832643750000000071e-02
1.840321249999999839e-02
1.867828749999999802e-02
1.909042499999999767e-02
1.940207499999999780e-02
1.973873750000000246e-02
2.008756250000000299e-02
2.036221250000000080e-02
2.079797500000000327e-02
1.799363749999999956e-02
1.376168749999999961e-02
9.281081249999999921e-03
6.756728749999999645e-03
3.217497500000000323e-03
1.416341250000000083e-03
7.875156250000000212e-04
3.740626249999999802e-04
6.684713750000000369e-04
1.083128750000000081e-03
2.554062499999999909e-04
2.501569999999999835e-04
2.455818750000000059e-04
1.226850000000000087e-04
1.262524999999999910e-04
