1.147847500000000132e+01
1.654136250000000175e+01
1.359878750000000025e+01
1.280418749999999939e+01
1.240287499999999987e+01
1.210051250000000067e+01
1.181351249999999808e+01
1.159283750000000168e+01
1.143967500000000115e+01
1.131318749999999973e+01
1.119666250000000041e+01
1.108401250000000182e+01
1.100551249999999825e+01
1.089866250000000214e+01
1.085738749999999975e+01
1.083958750000000038e+01
1.082231250000000067e+01
1.080926250000000266e+01
1.079828749999999893e+01
1.078876250000000070e+01
1.078008750000000049e+01
1.077207499999999918e+01
1.075902500000000117e+01
1.074177499999999874e+01
1.072567500000000251e+01
1.071028750000000151e+01
1.069543749999999882e+01
1.068101249999999958e+01
1.066699999999999982e+01
1.065328749999999935e+01
1.063981249999999967e+01
1.062664999999999971e+01
1.061374999999999780e+01
1.060102499999999992e+01
1.058277499999999982e+01
1.055861250000000062e+01
1.053531249999999808e+01
1.051257500000000000e+01
1.049542500000000089e+01
1.048453750000000007e+01
1.046877500000000083e+01
1.044782499999999992e+01
1.042728750000000026e+01
1.040752499999999969e+01
1.038793749999999960e+01
1.037371249999999989e+01
1.036434999999999995e+01
1.035508749999999978e+01
1.034578750000000014e+01
1.033939999999999948e+01
1.033586250000000106e+01
1.033239999999999981e+01
1.032888750000000222e+01
1.032538750000000149e+01
1.032188749999999899e+01
1.031836249999999922e+01
1.031487499999999891e+01
1.031138750000000037e+01
1.030785000000000018e+01
1.030438750000000070e+01
1.030087499999999956e+01
1.029739999999999789e+01
1.029406249999999901e+01
1.029077500000000178e+01
1.028498749999999973e+01
1.027673749999999941e+01
1.026850000000000129e+01
1.026021250000000151e+01
1.024843749999999964e+01
1.023333749999999931e+01
1.021812499999999879e+01
1.020272499999999916e+01
1.018745000000000189e+01
1.016758750000000155e+01
1.014267500000000055e+01
1.011766249999999978e+01
1.009432500000000132e+01
1.007288750000000022e+01
1.005503750000000096e+01
1.003424999999999834e+01
1.001038750000000022e+01
9.989753749999998433e+00
9.970556250000001342e+00
9.952267499999999600e+00
9.932933749999998341e+00
9.912561250000001323e+00
9.892916249999998968e+00
9.873707500000000081e+00
9.855258750000000845e+00
9.843417499999999265e+00
9.835997499999999505e+00
9.822381249999999397e+00
9.784719999999998308e+00
9.736907499999999160e+00
9.698487499999998818e+00
9.625418749999999690e+00
9.556516249999999602e+00
9.514672499999997868e+00
9.451538750000000988e+00
9.398912500000001558e+00
9.368102500000000887e+00
9.340417500000000928e+00
9.304624999999999702e+00
9.280852499999998173e+00
9.209821249999999182e+00
9.069006249999999270e+00
8.901797500000000696e+00
8.573956250000000168e+00
8.117652500000000160e+00
7.280512499999999498e+00
3.051363749999999797e+01
2.162514999999999787e+01
1.180262500000000081e+01
1.064123750000000079e+01
1.011613750000000067e+01
9.765719999999999956e+00
9.579167500000000501e+00
9.475904999999999134e+00
9.356623750000000683e+00
9.195613750000001474e+00
8.951005000000000322e+00
8.503008750000001115e+00
6.854278749999999754e+00
3.619939999999999714e+01
1.147836249999999936e+01
1.005573749999999933e+01
9.321098750000000877e+00
8.927511249999998455e+00
8.352059999999999818e+00
6.948902500000000870e+00
6.149049999999999727e+01
1.416887499999999989e+01
1.149692499999999917e+01
1.070608750000000065e+01
1.008833749999999974e+01
9.725177499999999142e+00
9.468624999999999403e+00
9.235030000000000072e+00
8.994225000000000136e+00
8.821753749999999172e+00
8.618175000000000807e+00
8.331665000000000987e+00
7.976738750000000877e+00
5.648077500000000306e+00
3.127442499999999654e+02
1.811264999999999858e+01
1.240001250000000255e+01
1.125217500000000115e+01
1.053519999999999968e+01
1.004303750000000051e+01
9.659095000000000653e+00
2.570266249999999886e+01
1.202130000000000010e+01
1.409348750000000017e+01
1.042694999999999794e+01
1.003570000000000206e+01
9.829539999999999722e+00
1.551239999999999952e+01
9.858673750000001235e+00
9.473352500000000731e+00
9.087360000000000326e+00
2.490240000000000009e+01
4.724088749999999948e+01
2.181538749999999993e+01
2.066870000000000118e+01
1.924492499999999851e+01
1.886603750000000090e+01
1.834646249999999768e+01
1.759008749999999921e+01
1.708862500000000040e+01
1.671254999999999669e+01
1.644715000000000060e+01
1.592088749999999919e+01
1.570171250000000107e+01
1.558621250000000025e+01
1.536853749999999863e+01
1.501683750000000295e+01
1.473065000000000069e+01
1.415254999999999974e+01
1.350947499999999835e+01
1.319903750000000109e+01
1.245353750000000126e+01
1.234893750000000168e+01
1.236152499999999677e+01
1.237572499999999920e+01
1.239617499999999950e+01
1.241743750000000013e+01
1.242591249999999903e+01
1.243632500000000007e+01
1.233687500000000092e+01
1.220393750000000033e+01
1.212715000000000209e+01
1.204137500000000038e+01
1.190442500000000159e+01
1.148733750000000065e+01
1.088339999999999996e+01
1.027538749999999901e+01
9.579043750000000301e+00
8.796918750000001452e+00
7.925402499999999684e+00
7.367026250000000331e+00
7.140681250000000091e+00
6.876652499999999613e+00
6.593511250000000601e+00
6.239136250000000494e+00
5.934212500000000112e+00
5.728716249999999732e+00
5.376608750000000825e+00
5.119451250000000897e+00
4.884555000000000646e+00
4.522089999999999499e+00
4.282092499999999191e+00
4.172365000000000101e+00
4.097037499999999000e+00
4.020692500000000891e+00
3.864222500000000338e+00
3.623148749999999474e+00
3.465958749999999977e+00
3.415718749999999915e+00
3.376177499999999831e+00
3.342288750000000253e+00
3.314848749999999900e+00
3.266892499999999977e+00
3.381373749999999401e+00
3.758982499999999671e+00
4.084343749999999496e+00
4.371963749999999926e+00
4.590230000000000032e+00
4.469879999999999853e+00
4.359675000000000189e+00
4.106584999999999930e+00
3.507687500000000291e+00
3.224060000000000592e+00
8.348999999999999755e-01
8.411475000000000479e-01
8.506575000000000664e-01
4.359662499999999996e-01
4.444649999999999990e-01
