1.702396250000000180e+02
2.055541249999999991e+02
1.426922500000000014e+02
1.215333749999999924e+02
1.094619999999999891e+02
9.939925000000000921e+01
8.873116249999999638e+01
7.954907499999998777e+01
7.238244999999999152e+01
6.577209999999999468e+01
5.897858749999999617e+01
5.133074999999999477e+01
4.517332499999999840e+01
3.465305000000000035e+01
2.987721249999999884e+01
2.766972500000000323e+01
2.556708749999999952e+01
2.407171250000000029e+01
2.291220000000000212e+01
2.199713750000000090e+01
2.124399999999999622e+01
2.062042500000000445e+01
1.972043749999999918e+01
1.871703749999999999e+01
1.794993750000000077e+01
1.734222500000000267e+01
1.682678750000000178e+01
1.639338749999999933e+01
1.602108750000000015e+01
1.570197500000000268e+01
1.541084999999999994e+01
1.515341249999999995e+01
1.491904999999999859e+01
1.470517500000000055e+01
1.443110000000000248e+01
1.410532500000000056e+01
1.382410000000000139e+01
1.357955000000000112e+01
1.339486250000000034e+01
1.328829999999999956e+01
1.315140000000000065e+01
1.296919999999999895e+01
1.280368750000000055e+01
1.265811250000000143e+01
1.251602499999999907e+01
1.242278750000000009e+01
1.236302499999999860e+01
1.230378749999999854e+01
1.224457500000000110e+01
1.220492500000000113e+01
1.218500000000000050e+01
1.216538750000000135e+01
1.214551250000000060e+01
1.212563749999999985e+01
1.210590000000000188e+01
1.208607499999999924e+01
1.206621249999999890e+01
1.204653749999999768e+01
1.202668749999999953e+01
1.200698750000000103e+01
1.198716250000000016e+01
1.196773750000000014e+01
1.195054999999999978e+01
1.193385000000000140e+01
1.190444999999999887e+01
1.186267499999999941e+01
1.182085000000000008e+01
1.177889999999999837e+01
1.172393749999999990e+01
1.165674999999999883e+01
1.158903749999999988e+01
1.152061249999999859e+01
1.145278750000000123e+01
1.137182500000000118e+01
1.127653749999999988e+01
1.118098750000000052e+01
1.109886249999999919e+01
1.102665000000000184e+01
1.096657499999999885e+01
1.090213750000000026e+01
1.083172500000000049e+01
1.077081250000000168e+01
1.071418750000000131e+01
1.066402500000000053e+01
1.061415000000000042e+01
1.056158750000000168e+01
1.051101250000000142e+01
1.046497500000000080e+01
1.042258749999999878e+01
1.039538750000000000e+01
1.037831249999999983e+01
1.034713749999999877e+01
1.026776249999999990e+01
1.017163750000000100e+01
1.009929999999999950e+01
9.973489999999999966e+00
9.864448750000001098e+00
9.804443750000000790e+00
9.719081250000000338e+00
9.652813749999999970e+00
9.616363750000001431e+00
9.585332499999999811e+00
9.545737499999999542e+00
9.521511250000001425e+00
9.452952499999998537e+00
9.335926249999999982e+00
9.227803750000001415e+00
9.124102499999999338e+00
9.161336249999999737e+00
1.013493749999999949e+01
5.723544999999999163e+02
1.191697500000000218e+02
1.472346249999999834e+01
1.158443750000000172e+01
1.055189999999999984e+01
1.000131749999999897e+01
9.747846250000000268e+00
9.621954999999999814e+00
9.485433749999998554e+00
9.315423749999999004e+00
9.085716250000000827e+00
8.744301250000001247e+00
1.146691249999999940e+01
3.277801249999999982e+02
1.356266250000000007e+01
1.081426249999999989e+01
9.785027499999999989e+00
9.401278750000001239e+00
9.017884999999999707e+00
9.644574999999999676e+00
4.981164999999999168e+02
1.886278749999999604e+01
1.240283750000000040e+01
1.115151250000000083e+01
1.030612499999999976e+01
9.870831249999998391e+00
9.586617499999999126e+00
9.343178749999999866e+00
9.103741250000000562e+00
8.938501249999999843e+00
8.749540000000001427e+00
8.492497500000000699e+00
8.187928749999999312e+00
7.024382499999999752e+00
7.924526250000000118e+02
2.049928750000000122e+01
1.267128749999999826e+01
1.137266250000000056e+01
1.060528749999999931e+01
1.010716249999999938e+01
9.739045000000000840e+00
7.806558750000000657e+01
1.275771250000000023e+01
3.700338749999999521e+01
1.046870000000000189e+01
1.006077500000000136e+01
9.855782500000000113e+00
2.740715000000000146e+01
9.869888749999999433e+00
9.486778749999999150e+00
9.105502500000000055e+00
3.741454999999999842e+01
6.670357500000000073e+01
3.039411249999999853e+01
2.760726250000000093e+01
2.431676249999999939e+01
2.351170000000000115e+01
2.248057500000000175e+01
2.103440000000000154e+01
2.016841250000000230e+01
1.952303750000000093e+01
1.906760000000000232e+01
1.817176249999999982e+01
1.782634999999999792e+01
1.765708750000000293e+01
1.733814999999999884e+01
1.682281249999999773e+01
1.640350000000000108e+01
1.556322500000000275e+01
1.467727499999999985e+01
1.426704999999999934e+01
1.309902499999999925e+01
1.285684999999999789e+01
1.277754999999999974e+01
1.275324999999999775e+01
1.272132499999999844e+01
1.274146249999999903e+01
1.277635000000000076e+01
1.282149999999999856e+01
1.281280000000000108e+01
1.274577499999999830e+01
1.269981249999999839e+01
1.264877500000000055e+01
1.257290000000000063e+01
1.228816250000000032e+01
1.179576250000000037e+01
1.124422500000000014e+01
1.068341249999999931e+01
1.016933750000000103e+01
9.409391249999998763e+00
8.858740000000000947e+00
8.637168749999998951e+00
8.380465000000000941e+00
8.110807499999999948e+00
7.800421250000000306e+00
7.549520000000000231e+00
7.380432499999999507e+00
7.121796250000000050e+00
6.944062500000000249e+00
6.799611250000000773e+00
6.622823750000000231e+00
6.563909999999999023e+00
6.554497500000000976e+00
6.548036250000000003e+00
6.566724999999999035e+00
6.691693750000000662e+00
6.651526249999999862e+00
6.508702499999999169e+00
6.464817499999999661e+00
6.453750000000001208e+00
6.444267500000000481e+00
6.436587500000000794e+00
6.423164999999999125e+00
6.758428750000000207e+00
7.383863749999998838e+00
7.426268750000000196e+00
7.413806249999999487e+00
7.328087499999999643e+00
7.196252500000000829e+00
6.925693749999998872e+00
6.645356250000000742e+00
6.236821250000000205e+00
5.855693750000000364e+00
1.492152499999999993e+00
1.498420000000000085e+00
1.507958750000000014e+00
7.650612500000000260e-01
7.739475000000000104e-01
