1.346384999999999934e+02
1.602941250000000082e+02
1.094788750000000022e+02
9.220901250000001426e+01
8.231213749999999152e+01
7.403487499999999955e+01
6.523118750000000432e+01
5.763146249999999782e+01
5.168372499999999548e+01
4.618509999999999849e+01
4.052280000000000371e+01
3.413271249999999668e+01
2.897763749999999305e+01
2.014707500000000095e+01
1.613232500000000158e+01
1.427562499999999979e+01
1.250747499999999945e+01
1.125068750000000151e+01
1.027691249999999989e+01
9.509221249999999515e+00
8.878125000000000711e+00
8.356284999999999741e+00
7.604464999999999364e+00
6.768602500000000077e+00
6.132104999999999251e+00
5.630102499999999566e+00
5.205927499999999597e+00
4.850909999999999833e+00
4.547331250000000047e+00
4.288567500000000088e+00
4.053319999999999368e+00
3.846382499999999816e+00
3.658784999999999954e+00
3.488402500000000295e+00
3.271683750000000224e+00
3.016214999999999868e+00
2.797758749999999850e+00
2.609878750000000025e+00
2.468007500000000132e+00
2.386989999999999945e+00
2.284378750000000124e+00
2.147848749999999640e+00
2.025076249999999689e+00
1.918538749999999959e+00
1.814804999999999779e+00
1.747907499999999947e+00
1.705224999999999991e+00
1.662940000000000085e+00
1.620642499999999986e+00
1.592501249999999979e+00
1.578602500000000131e+00
1.564948749999999889e+00
1.551092499999999985e+00
1.537244999999999973e+00
1.523492499999999916e+00
1.509653750000000016e+00
1.495814999999999895e+00
1.482101250000000148e+00
1.468260000000000121e+00
1.454536250000000086e+00
1.440734999999999877e+00
1.427229999999999999e+00
1.415506249999999966e+00
1.404143750000000024e+00
1.384160000000000057e+00
1.355765000000000109e+00
1.327344999999999775e+00
1.298822499999999991e+00
1.262264999999999970e+00
1.218164999999999942e+00
1.173738750000000053e+00
1.128830000000000000e+00
1.084319999999999951e+00
1.032638750000000050e+00
9.730308750000000728e-01
9.133092499999999614e-01
8.635742500000000987e-01
8.206073750000000278e-01
7.848471249999999788e-01
7.479124999999999801e-01
7.085318749999999222e-01
6.744632500000000697e-01
6.427898749999999550e-01
6.158306249999999649e-01
5.900116250000000395e-01
5.628048750000000933e-01
5.366513749999999305e-01
5.139737500000000070e-01
4.937575000000000713e-01
4.807834999999999748e-01
4.726517499999999816e-01
4.578266249999999871e-01
4.226428750000000290e-01
3.819251250000000319e-01
3.534163750000000048e-01
3.092865000000000197e-01
2.759416250000000237e-01
2.610953749999999629e-01
2.432177500000000103e-01
2.326278750000000117e-01
2.285246250000000090e-01
2.263752500000000001e-01
2.240708749999999472e-01
2.244255000000000000e-01
2.290183749999999963e-01
2.557862499999999928e-01
3.170026249999999823e-01
5.430595000000000283e-01
1.037796249999999976e+00
2.849190000000000111e+00
5.418362499999999500e+02
9.754067500000000734e+01
2.917245000000000310e+00
9.400034999999999918e-01
4.329275000000000206e-01
2.332090000000000274e-01
1.665561249999999716e-01
1.440943749999999968e-01
1.270503750000000209e-01
1.182871250000000068e-01
1.334541250000000068e-01
2.402952499999999880e-01
4.611832499999999335e+00
2.915801250000000095e+02
2.083662499999999973e+00
7.579024999999999235e-01
4.633637500000000187e-01
4.732286249999999583e-01
6.653213749999998816e-01
2.695202500000000168e+00
4.366254999999999882e+02
4.693515000000000548e+00
9.055212500000000553e-01
4.450609999999999844e-01
2.174748750000000119e-01
1.453407500000000185e-01
1.177047499999999830e-01
1.078819999999999918e-01
1.092739999999999823e-01
1.165162499999999879e-01
1.311454999999999982e-01
1.606282500000000002e-01
2.109986249999999952e-01
1.376137500000000014e+00
4.797087500000000659e+02
2.386504999999999654e+00
2.711560000000000081e-01
1.204108750000000005e-01
7.000024999999999997e-02
6.405262500000000192e-02
7.987954999999999361e-02
5.236286249999999853e+01
7.363617499999999261e-01
2.290986249999999913e+01
4.172935000000000533e-02
2.502233749999999840e-02
2.621903750000000033e-02
1.189473749999999797e+01
1.120330000000000110e-02
1.341882499999999881e-02
1.813833750000000064e-02
1.251213750000000147e+01
1.946265000000000001e+01
8.578732499999999206e+00
6.938559999999999839e+00
5.071864999999999846e+00
4.645644999999999136e+00
4.134114999999999540e+00
3.444313750000000507e+00
3.079792499999999933e+00
2.810501249999999729e+00
2.620460000000000012e+00
2.250890000000000057e+00
2.124611250000000062e+00
2.070868749999999814e+00
1.969601249999999748e+00
1.805981249999999871e+00
1.672839999999999883e+00
1.410676249999999854e+00
1.167791250000000058e+00
1.067996249999999980e+00
6.390302500000000219e-01
5.008811250000000381e-01
4.099727499999999969e-01
3.718328750000000071e-01
3.157988749999999789e-01
2.443953750000000258e-01
2.205087499999999756e-01
1.994974999999999943e-01
1.643011249999999923e-01
1.477996250000000178e-01
1.421941250000000045e-01
1.379340000000000288e-01
1.331608749999999841e-01
1.121345000000000119e-01
9.158162500000001371e-02
8.181843750000000748e-02
7.606268750000000356e-02
6.378469999999999973e-02
5.450106249999999569e-02
5.118566249999999956e-02
4.957555000000000295e-02
4.783170000000000477e-02
4.639334999999999987e-02
4.450733750000000072e-02
4.280012500000000136e-02
4.164958750000000154e-02
3.992977499999999375e-02
3.876406250000000164e-02
3.758503750000000143e-02
3.550468749999999979e-02
3.420275000000000398e-02
3.363728749999999462e-02
3.324908750000000329e-02
3.280087500000000017e-02
3.168788749999999765e-02
2.992830000000000143e-02
2.704971249999999980e-02
2.434041249999999851e-02
2.274578749999999969e-02
2.137913750000000265e-02
2.027247500000000160e-02
1.833860000000000004e-02
1.499312500000000124e-02
1.044686249999999747e-02
7.666854999999999330e-03
5.323722500000000087e-03
2.450158750000000062e-03
1.462074999999999963e-03
1.113594999999999993e-03
1.416809999999999901e-03
1.783252500000000098e-03
2.000000000000000042e-03
5.000000000000000104e-04
5.000000000000000104e-04
5.000000000000000104e-04
2.500000000000000052e-04
2.500000000000000052e-04
