3.895652500000000000e+05
4.655956250000000000e+05
3.194242500000000000e+05
2.700711250000000000e+05
2.418543750000000000e+05
2.183988750000000000e+05
1.934726250000000000e+05
1.721680000000000000e+05
1.555046250000000000e+05
1.403216250000000000e+05
1.248412500000000000e+05
1.076048750000000000e+05
9.395343750000000000e+04
7.020896249999999418e+04
5.774668750000000000e+04
4.989863749999999709e+04
4.036418750000000000e+04
3.212823749999999927e+04
2.523742499999999927e+04
1.977916249999999854e+04
1.553516250000000036e+04
1.229470000000000255e+04
8.480463750000000800e+03
5.200133749999999964e+03
3.412493750000000091e+03
2.363227499999999964e+03
1.712866250000000036e+03
1.286797499999999900e+03
9.964203750000000355e+02
7.909672500000001492e+02
6.417958750000000236e+02
5.301105000000000018e+02
4.447851249999999936e+02
3.782453749999999673e+02
3.060538750000000618e+02
2.367472500000000082e+02
1.894257499999999936e+02
1.558261249999999905e+02
1.363581250000000011e+02
1.261147500000000008e+02
1.133488749999999925e+02
1.001145999999999958e+02
8.977533749999999202e+01
8.132738750000000039e+01
7.505737499999999329e+01
7.146352500000000418e+01
6.960397499999999127e+01
6.776175000000000637e+01
6.591886250000000302e+01
6.477052499999999213e+01
6.432241249999999866e+01
6.388223750000000223e+01
6.343557500000000715e+01
6.298907499999999970e+01
6.254562500000000114e+01
6.213013750000000357e+01
6.188188749999999771e+01
6.166048749999999501e+01
6.143696249999999992e+01
6.121536249999999768e+01
6.099249999999999261e+01
6.076998749999999205e+01
6.065736250000000496e+01
6.063693750000000193e+01
6.060102499999999992e+01
6.055001250000000823e+01
6.055367499999999836e+01
6.087765000000000271e+01
6.144886249999999706e+01
6.298272500000000207e+01
6.522992500000000859e+01
6.870941249999998490e+01
7.313232499999999447e+01
8.203491249999999013e+01
1.008408749999999969e+02
1.391417500000000302e+02
2.392493749999999864e+02
5.759537500000001273e+02
1.135181249999999864e+03
1.023401250000000005e+03
4.695672500000000582e+02
4.621651249999999891e+02
7.663336249999999836e+02
2.015692500000000109e+03
5.545198749999999563e+03
5.210380000000000109e+03
1.767542500000000018e+03
5.751371249999999691e+02
2.807325000000000159e+02
1.972513749999999959e+02
1.652867500000000121e+02
1.257582500000000039e+02
7.690279999999998495e+01
8.875396250000001430e+01
3.953673750000000098e+01
2.270806250000000048e+01
2.105721249999999856e+01
2.510187499999999972e+01
7.285067499999999541e+01
9.661136250000000700e+02
1.774125000000000000e+03
2.919832499999999982e+02
6.814033750000000111e+01
5.191992500000000632e+01
3.714652499999999691e+02
2.979972499999999869e+01
3.274318750000000477e+01
4.875155000000000172e+01
2.290097499999999968e+02
1.435443749999999739e+02
1.421775000000000233e+01
1.313273749999999893e+02
3.735252499999999714e+02
1.564153750000000009e+01
1.027802499999999952e+01
4.706945000000000334e+01
1.958376249999999885e+01
3.662641250000000355e+02
6.177592500000000655e+02
6.004131250000000364e+02
1.482889999999999873e+02
2.048440000000000083e+01
2.562923750000000496e+02
4.874821249999999964e+02
1.160925000000000153e+02
8.944266249999999729e+01
1.706847499999999798e+02
8.262638750000000698e+01
3.178397499999999809e+02
9.814436249999999973e+01
2.457336250000000177e+02
5.111375000000000313e+01
5.376344999999999885e+01
1.181689999999999863e+01
1.078522500000000228e+01
2.355606249999999875e+02
2.016216249999999945e+02
1.852110000000000412e+02
9.589613750000000891e+01
1.342355000000000231e+01
1.698026250000000203e+01
5.090542500000000246e+02
3.887593749999999773e+02
9.984120000000001482e+01
1.366236250000000041e+02
9.430988750000000209e+01
2.125172500000000042e+01
5.884226249999999681e+01
8.924599999999999866e+00
6.273578750000000070e+01
3.735206249999999528e+01
3.696208749999999554e+01
7.358941249999999457e+01
7.170087499999999636e+01
9.095871249999999009e+01
7.791433749999998781e+01
1.243956250000000097e+01
9.140543750000000500e+01
7.008435000000000059e+01
6.920268749999999613e+01
6.848562499999999886e+01
6.718706249999999613e+01
6.415297499999999786e+01
6.146438749999999374e+01
5.185128749999999798e+01
4.224198750000000047e+01
4.065056249999999949e+01
3.757316250000000224e+01
3.276446250000000049e+01
2.990450000000000230e+01
2.787798749999999970e+01
2.698317499999999924e+01
2.511127499999999912e+01
2.396038750000000306e+01
2.319302500000000222e+01
2.202542499999999848e+01
2.053783750000000197e+01
1.956553750000000136e+01
1.799946249999999992e+01
1.590833750000000002e+01
1.476638750000000044e+01
1.378937499999999972e+01
1.265911249999999733e+01
1.156724999999999959e+01
1.075832500000000103e+01
1.005093749999999986e+01
9.521553749999998928e+00
9.359303750000000477e+00
9.186980000000000146e+00
8.915309999999999846e+00
8.745274999999999466e+00
8.646321249999999736e+00
8.555279999999999774e+00
8.431850000000000733e+00
8.145582500000001502e+00
7.939242500000000646e+00
7.750745000000000218e+00
7.583090000000000330e+00
7.409926249999999825e+00
7.340706250000001098e+00
7.310723749999999299e+00
7.312392500000000517e+00
7.314422500000000049e+00
7.316876249999999970e+00
7.320227500000000553e+00
7.323258749999999040e+00
7.325302500000000272e+00
7.329412499999999220e+00
7.332631249999999490e+00
7.335887500000000117e+00
7.341851249999999496e+00
7.348478749999999060e+00
7.352343750000000178e+00
7.354996250000001012e+00
7.356635000000000701e+00
7.356004999999999683e+00
7.332063749999999658e+00
7.289498749999999028e+00
7.249670000000000947e+00
7.208789999999998699e+00
7.173754999999998994e+00
7.145383749999999701e+00
7.095806249999999871e+00
6.941287500000000499e+00
6.619498750000000875e+00
6.415775000000000006e+00
6.258193750000000222e+00
5.788904999999999745e+00
5.301569999999999894e+00
5.060421249999999205e+00
4.852081249999999457e+00
4.861492500000000661e+00
4.999188750000000070e+00
1.289438749999999967e+00
1.295397499999999980e+00
1.298313749999999933e+00
6.474374999999999991e-01
6.428625000000000034e-01
