3.895107500000000000e+05
4.655206250000000000e+05
3.193650000000000000e+05
2.700161250000000000e+05
2.418013750000000000e+05
2.183476250000000000e+05
1.934225000000000000e+05
1.721190000000000000e+05
1.554558750000000000e+05
1.402730000000000000e+05
1.247925000000000000e+05
1.075550000000000000e+05
9.390217499999998836e+04
7.015132499999999709e+04
5.768506250000000000e+04
4.983616249999999854e+04
4.030337500000000000e+04
3.207147499999999854e+04
2.518593750000000000e+04
1.973316249999999854e+04
1.549426249999999891e+04
1.225837500000000000e+04
8.450489999999997963e+03
5.176677499999999782e+03
3.393346250000000509e+03
2.347043749999999818e+03
1.698795000000000073e+03
1.274291249999999991e+03
9.851086249999999609e+02
7.805936249999999745e+02
6.321738750000000664e+02
5.211043750000000045e+02
4.362921249999999418e+02
3.701873750000000314e+02
2.985192499999999995e+02
2.297808749999999804e+02
1.829076249999999959e+02
1.496747499999999889e+02
1.304458750000000009e+02
1.203418749999999875e+02
1.077655000000000030e+02
9.475528749999998013e+01
8.461872499999999775e+01
7.635746249999999691e+01
7.025621250000000373e+01
6.678102499999999964e+01
6.499641250000000525e+01
6.322842500000000143e+01
6.145981249999999818e+01
6.036266249999999900e+01
5.994261250000000274e+01
5.953001249999999800e+01
5.911132500000000789e+01
5.869279999999999831e+01
5.827712500000000517e+01
5.788941250000000593e+01
5.766832499999999584e+01
5.747367500000000717e+01
5.727718749999999659e+01
5.708237499999999187e+01
5.688646250000000748e+01
5.669087499999999835e+01
5.660512500000000813e+01
5.661127499999999912e+01
5.662212500000000404e+01
5.663752499999999657e+01
5.670783749999999657e+01
5.709928750000000264e+01
5.777192500000000308e+01
5.944292499999999535e+01
6.183171249999999475e+01
6.546226249999999425e+01
7.004160000000000252e+01
7.918026249999999777e+01
9.833511249999999393e+01
1.370645000000000095e+02
2.376605000000000132e+02
5.741974999999999909e+02
1.130842499999999973e+03
1.016427499999999895e+03
4.644258750000000191e+02
4.577932499999999436e+02
7.599909999999999854e+02
1.994530000000000200e+03
5.464651249999999891e+03
5.112621250000000146e+03
1.720256249999999909e+03
5.512910000000000537e+02
2.643273749999999609e+02
1.833266250000000070e+02
1.524171250000000271e+02
1.143172500000000014e+02
6.785996249999999463e+01
8.119557500000000516e+01
3.262842500000000001e+01
1.691136249999999919e+01
1.611581250000000054e+01
2.073479999999999990e+01
6.972384999999999877e+01
9.528099999999999454e+02
1.733340000000000146e+03
2.759954999999999927e+02
5.984363749999999982e+01
4.519342500000000484e+01
3.621174999999999500e+02
2.231073749999999833e+01
2.712369999999999948e+01
4.379556249999999551e+01
2.239013750000000016e+02
1.362866249999999866e+02
9.642362500000000836e+00
1.258303749999999894e+02
3.553882499999999709e+02
9.951233750000000100e+00
5.966033750000001135e+00
4.371540000000000248e+01
1.718676250000000039e+01
3.504257499999999936e+02
5.669581249999999955e+02
4.995113749999999868e+02
1.351792500000000246e+02
1.386292499999999883e+01
2.419237500000000125e+02
4.252228750000000446e+02
1.044142500000000098e+02
7.824163750000001016e+01
1.599497499999999945e+02
7.425518749999999102e+01
3.006384999999999650e+02
8.626906250000001819e+01
2.164942500000000223e+02
4.231536250000000621e+01
4.420757499999999851e+01
4.321788749999999624e+00
4.875146250000000236e+00
2.078564999999999827e+02
1.693525000000000205e+02
1.732161250000000052e+02
8.182153749999999093e+01
6.368597499999999023e+00
1.170335000000000036e+01
4.398965000000000600e+02
3.248246250000000259e+02
8.334445000000000903e+01
1.199471249999999998e+02
7.857292500000001212e+01
1.184508749999999999e+01
4.742019999999999413e+01
9.545035000000000602e-01
5.390792500000000587e+01
2.871411250000000237e+01
2.769097500000000522e+01
6.229139999999999588e+01
6.145757500000000562e+01
7.318153749999999036e+01
6.148042499999999677e+01
5.613800000000000345e+00
6.874660000000000082e+01
5.445253749999999116e+01
5.361891250000000753e+01
5.294095000000000795e+01
5.171308749999999321e+01
4.884427499999999611e+01
4.630220000000000624e+01
3.721656250000000199e+01
2.822731249999999648e+01
2.678640000000000043e+01
2.400006249999999852e+01
1.966615000000000180e+01
1.717491249999999781e+01
1.541791249999999813e+01
1.466491249999999980e+01
1.309407500000000013e+01
1.214428750000000257e+01
1.151657499999999956e+01
1.057698750000000132e+01
9.403347500000000636e+00
8.651373749999999418e+00
7.478726249999999354e+00
5.975303749999999248e+00
5.196642499999999387e+00
4.565557499999999713e+00
3.861102500000000326e+00
3.216853749999999845e+00
2.759982500000000005e+00
2.374812499999999993e+00
2.091507500000000075e+00
2.005751250000000319e+00
1.915341249999999995e+00
1.724363749999999973e+00
1.584538749999999885e+00
1.511959999999999971e+00
1.454634999999999900e+00
1.380008750000000006e+00
1.176158749999999920e+00
9.891248750000000145e-01
8.393266250000001039e-01
6.695331250000000622e-01
5.491226249999999753e-01
4.764303750000000170e-01
4.306363750000000157e-01
4.125984999999999792e-01
3.906305000000000471e-01
3.640928750000000935e-01
3.409163749999999937e-01
3.273357500000000364e-01
3.181839999999999669e-01
2.997752500000000486e-01
2.853517500000000151e-01
2.707634999999999903e-01
2.451917500000000139e-01
2.314722500000000183e-01
2.262907500000000127e-01
2.227336249999999906e-01
2.185511250000000405e-01
2.079306249999999801e-01
1.911402500000000115e-01
1.729773749999999888e-01
1.597329999999999861e-01
1.513553750000000142e-01
1.441758750000000089e-01
1.383620000000000128e-01
1.282023749999999795e-01
1.095008749999999836e-01
7.934601249999999328e-02
6.218080000000000135e-02
5.075236249999999505e-02
2.830683749999999763e-02
1.352038749999999803e-02
7.244327499999998927e-03
2.193529999999999959e-03
1.348352500000000098e-03
1.190087500000000000e-03
2.312640000000000138e-04
2.140917500000000056e-04
1.857692499999999934e-04
5.520262500000000072e-05
3.404812499999999853e-05
