5.473874999999999602e+01
7.498026249999999493e+01
5.942406249999999801e+01
5.512862499999999955e+01
5.298488749999999214e+01
5.143170000000000641e+01
5.006236250000000609e+01
4.916678749999999809e+01
4.871548750000000183e+01
4.857532499999999942e+01
4.876964999999999861e+01
4.971390000000000242e+01
5.128658750000001021e+01
5.764126249999999629e+01
6.164284999999999570e+01
6.248082500000000294e+01
6.082580000000000098e+01
5.678521250000000720e+01
5.149288749999999482e+01
4.601780000000000115e+01
4.087142500000000211e+01
3.631143750000000381e+01
2.997052500000000208e+01
2.345497500000000457e+01
1.914829999999999899e+01
1.618393749999999898e+01
1.407204999999999906e+01
1.250616250000000207e+01
1.131167499999999926e+01
1.037354999999999983e+01
9.621926250000001346e+00
9.006136250000000842e+00
8.493152499999998994e+00
8.058202500000000157e+00
7.534897499999999582e+00
6.966417500000000373e+00
6.518092500000000733e+00
6.151118749999999302e+00
5.912329999999999863e+00
5.773028750000000819e+00
5.583184999999999398e+00
5.359138749999999618e+00
5.156626250000000411e+00
4.969938749999999850e+00
4.801169999999999938e+00
4.682506249999999426e+00
4.607567500000000038e+00
4.533327500000000398e+00
4.459061249999999532e+00
4.407842500000000108e+00
4.379781249999999737e+00
4.352218749999999581e+00
4.324247500000000244e+00
4.296287500000000037e+00
4.268519999999999648e+00
4.240707500000000074e+00
4.213582499999999342e+00
4.186808749999999968e+00
4.159783749999999891e+00
4.132983749999999290e+00
4.106037500000000229e+00
4.079092500000000676e+00
4.052247500000000002e+00
4.025667499999999954e+00
3.978900000000000325e+00
3.912465000000000082e+00
3.845847500000000085e+00
3.778341249999999985e+00
3.676941250000000050e+00
3.539791249999999945e+00
3.398209999999999731e+00
3.247142499999999821e+00
3.090710000000000512e+00
2.854636249999999542e+00
2.505805000000000060e+00
2.077138750000000034e+00
1.588897499999999852e+00
1.756007499999999943e+00
4.336695000000000633e+00
6.972519999999999385e+00
5.141223749999999981e+00
4.371733749999999752e+00
6.342502499999999266e+00
2.116249999999999787e+01
8.054919999999999902e+01
9.775901250000001141e+01
4.728471249999999770e+01
2.384635000000000105e+01
1.640530000000000044e+01
1.392473749999999910e+01
1.286951250000000080e+01
1.144103750000000019e+01
9.042836250000000575e+00
7.558379999999999654e+00
6.908298749999999266e+00
5.796703749999999822e+00
4.941425000000000622e+00
4.367079999999999629e+00
3.126838750000000111e+00
1.330362500000000026e+01
4.078589999999999804e+01
1.598753749999999840e+01
8.296710000000000917e+00
6.726492500000000874e+00
9.347486250000001107e+00
7.488982500000000542e+00
5.619492500000000668e+00
4.955983750000000576e+00
5.108076250000000762e+00
7.257695000000000896e+00
4.575400000000000134e+00
5.497011249999999016e+00
1.813715000000000188e+01
5.690288750000000562e+00
4.311997499999999484e+00
3.354062500000000391e+00
2.396990000000000176e+00
1.583838749999999962e+01
5.080091249999999548e+01
1.009014999999999986e+02
1.310958749999999995e+01
6.621503749999999577e+00
1.436891249999999864e+01
6.225936250000000172e+01
1.167828749999999793e+01
1.120101250000000093e+01
1.073499999999999943e+01
8.371193749999999767e+00
1.720089999999999719e+01
1.187528750000000244e+01
2.923940000000000339e+01
8.798383749999999281e+00
9.555886250000000359e+00
7.495123750000000307e+00
5.910088749999999891e+00
2.770386249999999961e+01
3.226914999999999623e+01
1.199503749999999869e+01
1.407458749999999981e+01
7.054948750000000324e+00
5.276926250000000707e+00
6.915806249999999977e+01
6.393475000000000108e+01
1.649674999999999869e+01
1.667652500000000160e+01
1.573697500000000105e+01
9.406643750000000637e+00
1.142207499999999953e+01
7.970094999999999708e+00
8.827867499999999978e+00
8.637950000000000017e+00
9.271116249999998615e+00
1.129801250000000223e+01
1.024329999999999963e+01
1.777720000000000056e+01
1.643393749999999898e+01
6.825748749999999809e+00
2.265885000000000460e+01
1.563181249999999878e+01
1.558376249999999885e+01
1.554472500000000146e+01
1.547398749999999978e+01
1.530869999999999997e+01
1.516221250000000076e+01
1.463475000000000037e+01
1.401467500000000044e+01
1.386417499999999947e+01
1.357308749999999975e+01
1.309832500000000088e+01
1.272958750000000094e+01
1.246007499999999979e+01
1.231827500000000164e+01
1.201721249999999941e+01
1.181613749999999996e+01
1.167643749999999692e+01
1.144842499999999852e+01
1.113447500000000012e+01
1.091416249999999977e+01
1.052072499999999877e+01
9.933036249999998901e+00
9.569747500000000073e+00
9.223821249999998528e+00
8.798013749999999078e+00
8.350391249999999488e+00
7.998355000000000992e+00
7.676115000000001132e+00
7.430048749999999202e+00
7.353552500000000158e+00
7.271638750000001039e+00
7.105202499999999866e+00
6.981303750000000363e+00
6.914907500000000873e+00
6.844772500000000370e+00
6.709515000000000562e+00
6.397566249999999677e+00
6.109642499999999643e+00
5.850256250000000158e+00
5.699861250000000545e+00
5.433147500000000463e+00
5.122791250000000574e+00
4.989308749999999293e+00
4.971248749999999994e+00
4.937213749999999735e+00
4.878408750000000182e+00
4.795550000000000423e+00
4.746176250000000429e+00
4.724716250000000173e+00
4.661513750000000122e+00
4.604037499999999561e+00
4.579596249999999813e+00
4.534348750000001260e+00
4.501291249999999522e+00
4.485355000000000203e+00
4.474416249999999984e+00
4.462158749999999507e+00
4.432713750000000452e+00
4.371003749999999854e+00
4.298961250000000511e+00
4.245630000000000237e+00
4.203078750000000419e+00
4.162695000000000256e+00
4.128194999999999837e+00
4.071671250000000519e+00
3.904440000000000133e+00
3.598117499999999858e+00
3.415725000000000122e+00
3.280761249999999851e+00
2.890827500000000327e+00
2.475719999999999921e+00
2.258277499999999716e+00
2.189248749999999966e+00
2.671151250000000310e+00
2.921952500000000175e+00
7.624150000000000649e-01
7.669987499999999514e-01
7.667762499999999370e-01
3.811749999999999861e-01
3.756249999999999867e-01
