1.171378750000000082e+02
1.406091250000000059e+02
9.701972499999999400e+01
8.233577499999999816e+01
7.396375000000000455e+01
6.699257500000000221e+01
5.961493749999999636e+01
5.330058749999999890e+01
4.833393750000000466e+01
4.381014999999999304e+01
3.916367499999999779e+01
3.394356249999999875e+01
2.975957500000000167e+01
2.266522499999999951e+01
1.946995000000000076e+01
1.800583749999999839e+01
1.661479999999999890e+01
1.563296249999999965e+01
1.487830000000000119e+01
1.428629999999999889e+01
1.380102500000000099e+01
1.340136250000000118e+01
1.282978750000000012e+01
1.219901250000000026e+01
1.172272499999999873e+01
1.134993749999999935e+01
1.104014999999999880e+01
1.077845000000000120e+01
1.055499999999999972e+01
1.036123750000000143e+01
1.019144999999999968e+01
1.004124999999999979e+01
9.906368749999998613e+00
9.784477500000001271e+00
9.632362499999999272e+00
9.445827500000000043e+00
9.283994999999999109e+00
9.146602500000000191e+00
9.042852500000000404e+00
8.983291250000000616e+00
8.907298750000000709e+00
8.806183750000000643e+00
8.714293749999999505e+00
8.633423750000000396e+00
8.554471249999998861e+00
8.502577499999999233e+00
8.469287500000000080e+00
8.436306249999999451e+00
8.403312499999998408e+00
8.381601250000001002e+00
8.371240000000000236e+00
8.361064999999998193e+00
8.350737499999999258e+00
8.340415000000000134e+00
8.330162500000000136e+00
8.319850000000000634e+00
8.309533749999999941e+00
8.299311250000000584e+00
8.288997499999998908e+00
8.278766250000000326e+00
8.268478749999999877e+00
8.258192499999999825e+00
8.247882499999999339e+00
8.237616249999998530e+00
8.219557500000000516e+00
8.193902500000000089e+00
8.168222500000000608e+00
8.142453749999999602e+00
8.109951249999999945e+00
8.071153749999998794e+00
8.032070000000000931e+00
7.992562500000000902e+00
7.953405000000000058e+00
7.905759999999999899e+00
7.848864999999999981e+00
7.791764999999999830e+00
7.741572500000000190e+00
7.696851249999999922e+00
7.659627500000000033e+00
7.619886250000000416e+00
7.576586250000000078e+00
7.539125000000000298e+00
7.504278750000000997e+00
7.468882499999999425e+00
7.429626249999999210e+00
7.392215000000000202e+00
7.361625000000000085e+00
7.329787499999999234e+00
7.298152499999999598e+00
7.277846249999998740e+00
7.265120000000000466e+00
7.241686249999998992e+00
7.183256249999999454e+00
7.111848749999999164e+00
7.051286250000000422e+00
6.942893750000000530e+00
6.845491249999999361e+00
6.790431250000000141e+00
6.712444999999999773e+00
6.646243749999999118e+00
6.610736249999999536e+00
6.581827500000000164e+00
6.544608749999999198e+00
6.520492499999999580e+00
6.453517500000000240e+00
6.344030000000000058e+00
6.246913749999999155e+00
6.134002500000000246e+00
6.049397500000000427e+00
5.991399999999999615e+00
5.917937499999999851e+00
5.861023750000000199e+00
5.811759999999999593e+00
5.754324999999999690e+00
5.689616250000000264e+00
5.605576250000000371e+00
5.540646249999999995e+00
5.496056250000000531e+00
5.440042500000000558e+00
5.361343749999999631e+00
5.259657499999999430e+00
5.151828749999999957e+00
5.098202500000000192e+00
5.120321249999999935e+00
5.161798749999999103e+00
5.262352499999999544e+00
5.423193749999999369e+00
5.598282499999999828e+00
5.906950000000000145e+00
6.477488750000000906e+00
7.835852499999998777e+00
9.671070000000000277e+00
1.215391249999999879e+01
1.758411249999999981e+01
3.914977499999999822e+01
2.192716250000000286e+02
5.351053749999999127e+03
1.247282500000000255e+03
9.575047500000000866e+01
5.438875000000000171e+01
3.729599999999999937e+01
2.697830000000000439e+01
2.158723750000000052e+01
1.539931250000000063e+01
1.211386249999999798e+01
1.085204999999999842e+01
9.917778750000000088e+00
9.255650000000001043e+00
8.691128750000000736e+00
8.304143750000001489e+00
8.083446249999999722e+00
7.788863749999999975e+00
7.412412500000000293e+00
7.144372500000001125e+00
7.414930000000000021e+00
7.508707499999999868e+00
6.830669999999999575e+00
9.463721249999998975e+00
6.360581250000000075e+00
6.278656250000000050e+00
6.223323750000000487e+00
6.544402500000000344e+00
6.260087500000000027e+00
5.669521249999999846e+00
1.500824999999999854e+01
9.961691249999999442e+00
1.787126250000000027e+02
1.095773750000000035e+01
1.020882500000000093e+01
1.016545624999999831e+01
6.596499999999999808e+00
1.095281249999999851e+01
9.844551250000000309e+00
1.003309999999999924e+01
9.905251249999999175e+00
9.708908750000000865e+00
9.500329999999999941e+00
9.373011250000001127e+00
9.124128749999998789e+00
8.898598749999999669e+00
8.761747499999998468e+00
8.663779999999999148e+00
8.647058749999999350e+00
8.646924999999999528e+00
8.712630000000000763e+00
8.831231250000000088e+00
8.954670000000000130e+00
9.001484999999998848e+00
9.054415000000000546e+00
9.157997499999998681e+00
9.227138750000001721e+00
9.263943750000001032e+00
9.301878750000000196e+00
9.356697499999999224e+00
9.481698749999999620e+00
9.571842500000000697e+00
9.634621250000000359e+00
9.606086250000000604e+00
9.398022499999999724e+00
9.127347499999999059e+00
8.936410000000000409e+00
8.857534999999998604e+00
8.761476250000001187e+00
8.645434999999999093e+00
8.469780000000000086e+00
8.300982499999999931e+00
8.187223749999999356e+00
8.000766249999999857e+00
7.867625000000000313e+00
7.725512500000000671e+00
7.456630000000000535e+00
7.255441250000000508e+00
7.157158750000000680e+00
7.089687500000000142e+00
7.015292500000001041e+00
6.842058750000000522e+00
6.619220000000000326e+00
6.395174999999999166e+00
6.207218750000000007e+00
6.071250000000000036e+00
5.980263750000000655e+00
5.918326249999999789e+00
5.789078749999999829e+00
5.417601249999999702e+00
4.879982500000000556e+00
4.551842499999999347e+00
4.331543749999999804e+00
3.967033750000000580e+00
3.802796249999999656e+00
3.877709999999999990e+00
4.141062499999999424e+00
4.297017499999999934e+00
4.287607500000000016e+00
1.031152499999999916e+00
1.017329999999999846e+00
9.922737500000000654e-01
4.730249999999999733e-01
4.555049999999999932e-01
