1.066862500000000011e+02
1.270271249999999981e+02
8.677142500000000780e+01
7.309516250000001492e+01
6.525881250000000477e+01
5.870577499999999560e+01
5.173714999999999264e+01
4.574323749999999933e+01
4.100539999999999452e+01
3.666953750000000412e+01
3.219702500000000356e+01
2.714511250000000331e+01
2.307724999999999937e+01
1.613554999999999851e+01
1.299497500000000016e+01
1.155147499999999994e+01
1.017826249999999888e+01
9.208004999999998219e+00
8.461735000000000895e+00
7.876105000000000800e+00
7.395938750000000894e+00
7.000433750000000011e+00
6.434838749999999941e+00
5.810759999999999259e+00
5.339834999999998999e+00
4.971616250000000292e+00
4.665861249999999849e+00
4.407896249999999405e+00
4.187906250000000163e+00
3.997376249999999853e+00
3.830729999999999968e+00
3.683548750000000371e+00
3.551572499999999799e+00
3.432531250000000256e+00
3.284467500000000317e+00
3.103321250000000031e+00
2.946738750000000184e+00
2.814501250000000176e+00
2.714643750000000022e+00
2.657601249999999915e+00
2.585309999999999775e+00
2.489121249999999730e+00
2.402155000000000484e+00
2.326134999999999842e+00
2.252015000000000100e+00
2.203741249999999763e+00
2.172853749999999806e+00
2.142252499999999671e+00
2.111642500000000311e+00
2.091591250000000457e+00
2.082176249999999840e+00
2.072926250000000081e+00
2.063539999999999708e+00
2.054157499999999636e+00
2.044836250000000355e+00
2.035462499999999952e+00
2.026085000000000136e+00
2.016796250000000068e+00
2.007416249999999902e+00
1.998120000000000118e+00
1.988766249999999847e+00
1.979420000000000179e+00
1.970044999999999824e+00
1.960716250000000160e+00
1.944302500000000045e+00
1.920981250000000307e+00
1.897638750000000041e+00
1.874214999999999964e+00
1.845185000000000075e+00
1.810936250000000136e+00
1.776440000000000019e+00
1.741565000000000252e+00
1.707001250000000026e+00
1.665661250000000093e+00
1.616910000000000291e+00
1.568011250000000079e+00
1.525877500000000220e+00
1.488751249999999748e+00
1.457851250000000043e+00
1.425889999999999880e+00
1.391777499999999890e+00
1.362270000000000092e+00
1.334822500000000023e+00
1.306938750000000038e+00
1.276017500000000027e+00
1.247300000000000075e+00
1.224979999999999958e+00
1.201766249999999925e+00
1.178698749999999684e+00
1.163894999999999902e+00
1.154614999999999947e+00
1.137531250000000105e+00
1.097588750000000113e+00
1.050435000000000008e+00
1.010447499999999943e+00
9.433003749999999688e-01
8.865948750000001155e-01
8.571252499999999497e-01
8.181566249999998597e-01
7.850776250000000012e-01
7.687181250000001409e-01
7.567529999999998980e-01
7.413466250000000368e-01
7.313651250000000603e-01
7.052015000000000366e-01
6.679248749999999735e-01
6.401536249999999484e-01
6.140053749999999644e-01
5.996894999999999865e-01
5.920046249999999510e-01
5.860478749999999959e-01
5.841995000000000937e-01
5.834475000000000078e-01
5.857295000000000140e-01
5.920718750000000252e-01
6.051458750000000553e-01
6.196473750000000003e-01
6.337445000000000439e-01
6.552308749999999904e-01
6.930558749999999879e-01
7.718903750000000175e-01
9.133483749999998791e-01
1.136900000000000022e+00
1.388993750000000027e+00
1.539436249999999839e+00
1.762213750000000134e+00
2.043161250000000262e+00
2.292872500000000091e+00
2.678277500000000089e+00
3.293015000000000025e+00
4.543801249999999570e+00
6.020584999999999631e+00
7.846837500000000354e+00
1.147303750000000200e+01
2.442285000000000039e+01
1.180107500000000016e+02
2.517087499999999636e+03
5.505776250000001255e+02
3.120530000000000115e+01
1.500917499999999905e+01
8.760696250000000518e+00
5.218012500000000387e+00
3.494668750000000657e+00
1.711304999999999854e+00
8.767787499999999401e-01
6.048193749999999369e-01
4.226888749999999639e-01
3.085575000000000401e-01
2.216966250000000360e-01
1.690018750000000236e-01
1.418786250000000082e-01
1.091938749999999958e-01
7.406646250000001319e-02
5.909310000000000951e-02
4.858633749999999307e-01
6.798973750000000260e-01
6.042793750000000075e-02
2.759645000000000348e+00
1.592778749999999854e-02
1.354546250000000090e-02
1.504716249999999908e-02
4.245313749999999886e-01
3.539920000000000289e-01
1.651605000000000087e-02
3.335491250000000019e+00
2.823883750000000248e+00
3.064604999999999535e+01
1.431903750000000031e+00
2.182001249999999892e+00
1.541451250000000162e+00
2.292450000000000043e-02
2.119243749999999871e+00
1.339272499999999866e+00
1.491655000000000175e+00
1.440097499999999808e+00
1.359716249999999960e+00
1.268275000000000041e+00
1.208629999999999871e+00
1.087132500000000057e+00
9.392971249999999550e-01
8.324832499999998969e-01
7.287793750000000070e-01
6.324547499999999545e-01
5.021483749999999802e-01
4.143971250000000328e-01
3.380515000000000048e-01
2.852244999999999919e-01
2.691209999999999991e-01
2.542616249999999911e-01
2.281642500000000129e-01
2.130623749999999983e-01
2.056912500000000199e-01
1.984991249999999707e-01
1.887238750000000131e-01
1.678537500000000515e-01
1.526032500000000236e-01
1.381873750000000012e-01
1.161227500000000107e-01
9.855106250000000845e-02
9.257487500000000091e-02
8.949965000000001392e-02
8.904957500000000581e-02
8.850142500000000856e-02
8.783922499999999300e-02
8.762609999999999844e-02
8.782484999999999598e-02
8.795883749999999779e-02
8.869712500000000166e-02
8.941882499999999345e-02
8.868971250000000361e-02
8.417417500000000385e-02
7.918888749999999921e-02
7.634775000000000589e-02
7.439728749999999224e-02
7.226814999999998934e-02
6.736337500000000311e-02
5.960893750000000046e-02
5.254399999999999349e-02
4.902829999999999688e-02
4.811357500000000564e-02
4.770877500000000188e-02
4.755517499999999814e-02
4.430131250000000215e-02
3.437277500000000124e-02
2.640241249999999984e-02
2.028567499999999954e-02
1.658798750000000169e-02
1.002775500000000104e-02
5.016694999999999835e-03
2.722448749999999747e-03
1.172827500000000155e-03
8.653783750000000000e-04
9.433548749999999539e-04
2.357702500000000048e-04
2.253973750000000029e-04
2.029388750000000010e-04
6.761087499999999834e-05
4.106062499999999958e-05
