1.045068750000000080e+01
1.358072499999999749e+01
1.024751250000000091e+01
9.239932500000000104e+00
8.704317500000001928e+00
8.286283750000000836e+00
7.877281250000000234e+00
7.556899999999999729e+00
7.328128749999999414e+00
7.140264999999999418e+00
6.966328750000000625e+00
6.798180000000000334e+00
6.682072499999999415e+00
6.529497499999999732e+00
6.474828749999999467e+00
6.454217500000000385e+00
6.436398749999999502e+00
6.424828750000000532e+00
6.416420000000000456e+00
6.410064999999999458e+00
6.404958749999999590e+00
6.400798750000000759e+00
6.394848749999999526e+00
6.388136250000000516e+00
6.382773750000001023e+00
6.378232500000000194e+00
6.374173750000000638e+00
6.370463749999999870e+00
6.367012500000000408e+00
6.363747500000000556e+00
6.360622499999998958e+00
6.357615000000000016e+00
6.354702500000000143e+00
6.351855000000000473e+00
6.347807500000000047e+00
6.342418749999999328e+00
6.337170000000000414e+00
6.332013749999999774e+00
6.328125000000000000e+00
6.325608750000000668e+00
6.321907500000000013e+00
6.316981249999999548e+00
6.312057499999999877e+00
6.307208750000000030e+00
6.302378749999999918e+00
6.298759999999998804e+00
6.296355000000000146e+00
6.293977499999999559e+00
6.291593750000000540e+00
6.289930000000000909e+00
6.288988750000000572e+00
6.288062500000000554e+00
6.287121250000000217e+00
6.286183750000000181e+00
6.285248749999999163e+00
6.284308750000000110e+00
6.283371249999999186e+00
6.282440000000000246e+00
6.281502500000000211e+00
6.280569999999999986e+00
6.279633749999999459e+00
6.278697499999999820e+00
6.277760000000000673e+00
6.276823750000000146e+00
6.275180000000000646e+00
6.272845000000000226e+00
6.270507500000000789e+00
6.268162499999999859e+00
6.264689999999999870e+00
6.260141250000000213e+00
6.255556249999999707e+00
6.250926250000000906e+00
6.246331249999999891e+00
6.240025000000000155e+00
6.231883749999999722e+00
6.223682499999998896e+00
6.215622499999999384e+00
6.208027500000000032e+00
6.201708749999999881e+00
6.193927499999999142e+00
6.184734999999999872e+00
6.176785000000000636e+00
6.169386249999999627e+00
6.161872500000000308e+00
6.153538750000000057e+00
6.144847500000000906e+00
6.136575000000000557e+00
6.127951250000000627e+00
6.119383749999999900e+00
6.113882499999999887e+00
6.110436250000001124e+00
6.104091249999999746e+00
6.085598750000000834e+00
6.061348750000000507e+00
6.040777499999999911e+00
5.999524999999999331e+00
5.958831249999999358e+00
5.933238750000000117e+00
5.894222499999999698e+00
5.861103749999999835e+00
5.841952499999999660e+00
5.825010000000000687e+00
5.803194999999999659e+00
5.789062500000000000e+00
5.748251250000000034e+00
5.676040000000000418e+00
5.606695000000000206e+00
5.519937500000000163e+00
5.449647499999999312e+00
5.399338750000000076e+00
5.331831250000000466e+00
5.276766250000000547e+00
5.228258750000000177e+00
5.168543750000000436e+00
5.097489999999999633e+00
5.000376250000000411e+00
4.920944999999999681e+00
4.862257500000000121e+00
4.784760000000000346e+00
4.668239999999999945e+00
4.487714999999999677e+00
4.238422499999999538e+00
3.961238750000000142e+00
3.731222499999999886e+00
3.618617500000000042e+00
3.489497500000000585e+00
3.369068750000000279e+00
3.294445000000000068e+00
3.217706249999999546e+00
3.173506249999999973e+00
3.281248749999999603e+00
3.646712500000000468e+00
4.306620000000000559e+00
6.110592500000000094e+00
1.472648749999999929e+01
1.012603749999999962e+02
2.833963749999999891e+03
6.967062499999999545e+02
6.454507499999999709e+01
3.937944999999999851e+01
2.853520000000000323e+01
2.176017500000000027e+01
1.809246249999999989e+01
1.368790000000000084e+01
1.123697499999999927e+01
1.024712500000000048e+01
9.495003750000000409e+00
8.947017499999999401e+00
8.469355000000000189e+00
8.135067499999999896e+00
7.941493749999999352e+00
7.679601250000000157e+00
7.338276250000000722e+00
7.085214999999999819e+00
6.928998749999999873e+00
6.828743750000001000e+00
6.770156250000000320e+00
6.703986249999998925e+00
6.344592499999999191e+00
6.265046249999999262e+00
6.208215000000000039e+00
6.119810000000000194e+00
5.905893749999998832e+00
5.652666250000000225e+00
1.167264999999999908e+01
7.137665000000001037e+00
1.480662500000000250e+02
9.525722499999998760e+00
8.026716250000001551e+00
8.623892500000000183e+00
6.573477500000000084e+00
8.833491249999998018e+00
8.505186249999999504e+00
8.541362499999999969e+00
8.465060000000001139e+00
8.349107499999998794e+00
8.231979999999998299e+00
8.164316250000000608e+00
8.036937499999998735e+00
7.959253749999999350e+00
7.929222499999999840e+00
7.934963750000001426e+00
8.014571249999999480e+00
8.144751250000000553e+00
8.298212500000001768e+00
8.493158749999999202e+00
8.669427499999999398e+00
8.732350000000000279e+00
8.800138749999998566e+00
8.929823750000000615e+00
9.014063750000000041e+00
9.058239999999999625e+00
9.103368749999999565e+00
9.167962499999999793e+00
9.313832500000000181e+00
9.419230000000000658e+00
9.496425000000000338e+00
9.315021250000000919e+00
8.858993749999999778e+00
8.483632500000000576e+00
8.237869999999999138e+00
8.153017499999998918e+00
8.049677500000001373e+00
7.924838750000000154e+00
7.746913750000000043e+00
7.581582499999998781e+00
7.470160000000000800e+00
7.292108749999999695e+00
7.166691249999999513e+00
7.036834999999999951e+00
6.744617500000000376e+00
6.417447500000000637e+00
6.240898749999999495e+00
6.118753749999999769e+00
5.994937499999999808e+00
5.711348749999999086e+00
5.334629999999999761e+00
4.934932500000000388e+00
4.649851250000000213e+00
4.474252499999999522e+00
4.369043749999999449e+00
4.288058750000000252e+00
4.115741250000000129e+00
3.609785000000000466e+00
2.903491250000000079e+00
2.473783749999999504e+00
2.213266249999999769e+00
1.869803749999999987e+00
1.766539999999999999e+00
1.870301250000000248e+00
2.180233749999999748e+00
2.394992499999999858e+00
2.441254999999999953e+00
5.789812500000000028e-01
5.666424999999999379e-01
5.434312500000000323e-01
2.503387499999999988e-01
2.346425000000000038e-01
