8.191700000000000728e+02
9.803431250000001000e+02
6.737919999999999163e+02
5.700862500000000637e+02
5.108009999999999309e+02
4.613158750000000055e+02
4.087943749999999454e+02
3.635487500000000409e+02
3.282106250000000500e+02
2.956017499999999814e+02
2.620813749999999800e+02
2.243398750000000064e+02
1.939546250000000214e+02
1.421307500000000061e+02
1.186664999999999992e+02
1.078656250000000085e+02
9.760062499999999375e+01
9.032722499999999854e+01
8.470898750000000632e+01
8.028950000000000387e+01
7.666043749999998624e+01
7.366328750000000980e+01
6.935688749999999914e+01
6.457729999999999393e+01
6.094233750000000072e+01
5.807272500000000548e+01
5.564768749999999642e+01
5.361371250000000543e+01
5.186982499999999163e+01
5.037592499999999518e+01
4.901376250000000567e+01
4.780908750000000396e+01
4.671168750000000358e+01
4.570942499999999598e+01
4.442229999999999990e+01
4.288522499999999127e+01
4.154936250000000086e+01
4.037847500000000167e+01
3.949429999999999552e+01
3.897916250000000105e+01
3.830859999999999843e+01
3.741637500000000216e+01
3.659596249999999884e+01
3.586294999999999789e+01
3.514532499999999970e+01
3.466473750000000109e+01
3.435473750000000592e+01
3.404762499999999648e+01
3.374038749999999709e+01
3.353646249999999895e+01
3.343646250000000464e+01
3.333822499999999422e+01
3.323854999999999649e+01
3.313888749999999561e+01
3.303993750000000063e+01
3.294039999999999679e+01
3.284081249999999841e+01
3.274215000000000231e+01
3.264254999999999285e+01
3.254381249999999426e+01
3.244451250000000186e+01
3.234525000000000006e+01
3.224571249999999623e+01
3.214661249999999626e+01
3.197231250000000102e+01
3.172466250000000443e+01
3.147676249999999598e+01
3.122806250000000361e+01
3.090648750000000078e+01
3.051653750000000187e+01
3.012366250000000178e+01
2.972654999999999603e+01
2.933296250000000072e+01
2.884521250000000236e+01
2.825538750000000121e+01
2.766311250000000044e+01
2.713397499999999951e+01
2.665836249999999907e+01
2.626253750000000053e+01
2.581878750000000267e+01
2.532071250000000262e+01
2.488980000000000103e+01
2.448913750000000178e+01
2.411906249999999829e+01
2.373757499999999965e+01
2.333560000000000301e+01
2.294826249999999845e+01
2.258047499999999985e+01
2.223312500000000114e+01
2.201020000000000110e+01
2.187051249999999669e+01
2.161453749999999729e+01
2.093203749999999985e+01
2.009831250000000225e+01
1.946138750000000073e+01
1.823377500000000140e+01
1.714211249999999964e+01
1.651527499999999904e+01
1.563189999999999991e+01
1.494366250000000029e+01
1.457487500000000047e+01
1.427022500000000171e+01
1.387800000000000011e+01
1.362387499999999996e+01
1.292691250000000025e+01
1.181880000000000130e+01
1.086731249999999882e+01
9.806514999999999205e+00
9.036532499999999857e+00
8.535441249999999869e+00
7.945901250000000360e+00
7.567165000000000141e+00
7.349991249999999532e+00
7.332706249999999315e+00
8.041688750000000496e+00
1.349414999999999942e+01
3.078351250000000405e+01
1.243529999999999944e+02
8.123581250000000182e+03
3.676411249999999882e+02
4.706977499999999992e+01
2.282368749999999835e+01
1.649482499999999874e+01
1.400586249999999922e+01
1.319550000000000090e+01
1.244480000000000075e+01
1.179030000000000200e+01
1.137278750000000116e+01
1.091961249999999950e+01
1.042088749999999919e+01
9.807877500000000026e+00
9.398192500000000393e+00
9.082363749999998959e+00
8.736476249999999055e+00
8.209366249999998644e+00
7.658761250000000409e+00
7.198052500000000187e+00
8.510771250000001231e+00
8.851403749999999491e+02
5.024796249999999986e+02
2.414762499999999790e+01
1.422107500000000080e+01
1.170684999999999931e+01
9.572121250000000359e+00
8.472122500000001111e+00
7.980573750000001354e+00
7.571774999999999700e+00
7.224696249999999154e+00
6.874291249999999742e+00
6.589535000000001475e+00
6.399975000000000414e+00
6.108693750000000477e+00
5.605918750000000728e+00
4.933993749999999956e+00
8.137086250000000121e+01
6.305148749999999858e+00
5.629461249999999417e+00
6.974558749999999918e+00
3.061666250000000034e+00
2.593746249999999698e+00
2.136239999999999917e+00
8.268041249999999565e+00
2.458545000000000016e+02
5.638123750000000101e+00
1.067278749999999974e+02
4.914829999999999899e+01
4.561327499999999979e+00
7.575496250000000487e+01
1.447044999999999959e+01
7.189925000000000921e+01
4.160446249999999679e+01
5.314732500000000215e+01
4.366211249999999922e+01
4.150920000000000698e+01
4.005913749999999851e+01
3.784932499999999322e+01
3.502828749999999758e+01
3.318061250000000229e+01
3.019287500000000435e+01
2.618130000000000024e+01
2.397264999999999802e+01
2.192684999999999818e+01
1.974404999999999788e+01
1.760292499999999905e+01
1.598653749999999718e+01
1.456523749999999851e+01
1.344325000000000259e+01
1.308128750000000196e+01
1.272251250000000056e+01
1.206026250000000033e+01
1.164722499999999883e+01
1.143459999999999965e+01
1.121837499999999999e+01
1.090892499999999998e+01
1.017392500000000055e+01
9.640866250000000193e+00
9.113518750000000779e+00
8.280174999999999841e+00
7.663380000000000081e+00
7.326946250000000660e+00
7.231745000000000090e+00
7.216888749999999852e+00
7.198793750000000102e+00
7.176933750000000778e+00
7.165217499999999795e+00
7.164888749999999362e+00
7.164666249999999792e+00
7.172175000000000189e+00
7.180489999999998929e+00
7.184289999999999843e+00
7.183131249999999746e+00
7.207189999999999763e+00
7.226251249999999793e+00
7.239338749999999933e+00
7.254450000000001175e+00
7.291971250000000460e+00
7.351295000000000357e+00
7.405985000000001151e+00
7.437739999999999796e+00
7.454554999999999154e+00
7.462141250000000170e+00
7.465145000000001474e+00
7.459596250000000595e+00
7.374713749999999735e+00
7.055763750000000556e+00
6.730972500000000025e+00
6.441767500000000979e+00
5.731982499999999980e+00
5.104901249999999280e+00
4.787711250000000085e+00
4.636616250000001216e+00
4.719653749999999093e+00
4.906418750000000273e+00
1.278430000000000177e+00
1.285639999999999894e+00
1.290976249999999936e+00
6.433974999999999556e-01
6.358312499999999590e-01
