3.010053750000000150e+01
4.081347499999999684e+01
3.201260000000000616e+01
2.948196250000000163e+01
2.817093750000000085e+01
2.716733749999999858e+01
2.620320000000000249e+01
2.545603750000000076e+01
2.493502499999999955e+01
2.450398750000000092e+01
2.410621250000000160e+01
2.372073749999999848e+01
2.345107500000000300e+01
2.307736249999999956e+01
2.292788749999999709e+01
2.285992500000000049e+01
2.279094999999999871e+01
2.273647500000000221e+01
2.268889999999999674e+01
2.264629999999999654e+01
2.260646250000000279e+01
2.256883750000000077e+01
2.250625000000000142e+01
2.242116249999999766e+01
2.233974999999999866e+01
2.226051249999999726e+01
2.218272500000000136e+01
2.210611250000000183e+01
2.203058749999999932e+01
2.195594999999999786e+01
2.188178749999999795e+01
2.180857500000000115e+01
2.173601250000000107e+01
2.166372499999999945e+01
2.155869999999999820e+01
2.141748750000000001e+01
2.127876249999999914e+01
2.114100000000000179e+01
2.103697500000000176e+01
2.096963750000000104e+01
2.087033749999999799e+01
2.073827499999999802e+01
2.060664999999999836e+01
2.047746249999999790e+01
2.034891250000000440e+01
2.025351249999999936e+01
2.019023749999999851e+01
2.012758750000000063e+01
2.006488750000000110e+01
2.002139999999999986e+01
1.999713749999999735e+01
1.997332499999999911e+01
1.994914999999999949e+01
1.992498750000000030e+01
1.990095000000000169e+01
1.987681249999999977e+01
1.985267500000000140e+01
1.982876250000000340e+01
1.980458750000000379e+01
1.978063749999999743e+01
1.975655000000000072e+01
1.973248750000000129e+01
1.970831250000000168e+01
1.968431250000000432e+01
1.964202499999999674e+01
1.958196249999999949e+01
1.952183750000000373e+01
1.946152499999999819e+01
1.937419999999999831e+01
1.926108750000000214e+01
1.914716250000000031e+01
1.903197500000000275e+01
1.891784999999999783e+01
1.876446249999999694e+01
1.856902499999999989e+01
1.837231250000000315e+01
1.818363749999999968e+01
1.800784999999999769e+01
1.786156249999999801e+01
1.768598749999999953e+01
1.748132499999999823e+01
1.730424999999999969e+01
1.713957500000000067e+01
1.697869999999999990e+01
1.680531249999999943e+01
1.662258750000000163e+01
1.644632499999999808e+01
1.627004999999999768e+01
1.609873749999999859e+01
1.598878750000000082e+01
1.591986249999999892e+01
1.579330000000000034e+01
1.543619999999999948e+01
1.498290000000000077e+01
1.461832499999999868e+01
1.389778749999999974e+01
1.322175000000000011e+01
1.281441249999999954e+01
1.221701249999999916e+01
1.173387500000000117e+01
1.146441249999999989e+01
1.123312499999999936e+01
1.093532500000000240e+01
1.074237499999999912e+01
1.019748749999999937e+01
9.274246249999999137e+00
8.416433749999999492e+00
7.357837500000000475e+00
6.491723750000000237e+00
5.859686250000000207e+00
4.976842499999999170e+00
4.212813749999999580e+00
3.494751249999999754e+00
2.556180000000000341e+00
1.388002500000000028e+00
2.864868749999999742e-01
2.375923750000000112e+00
3.174782499999999530e+01
3.549936250000000655e+03
2.006425000000000125e+02
3.560837499999999523e+01
1.973028749999999931e+01
1.498921249999999894e+01
1.298972499999999997e+01
1.231396250000000059e+01
1.167337500000000006e+01
1.110341250000000102e+01
1.073505000000000109e+01
1.032493750000000077e+01
9.865081249999999358e+00
9.284607499999999902e+00
8.880665000000000475e+00
8.556469999999999132e+00
8.180226250000000476e+00
7.553674999999999251e+00
6.756231249999999910e+00
5.682448749999999826e+00
3.455475000000000296e+00
1.988026250000000346e+02
1.422459999999999809e+02
1.774937500000000057e+01
1.250976250000000078e+01
1.084964999999999868e+01
9.212756249999999980e+00
8.280945000000000888e+00
7.836172499999999985e+00
7.457291249999999927e+00
7.129641250000000596e+00
6.794767499999999849e+00
6.519556249999999942e+00
6.334986249999999153e+00
6.048226249999999915e+00
5.540908749999999827e+00
4.755261249999999329e+00
1.998175000000000168e+01
6.081969999999999210e+00
5.533166250000000730e+00
4.509900000000000020e+00
3.020512499999999712e+00
2.539038750000000011e+00
2.048853749999999696e+00
2.393425000000000580e+00
2.271154999999999973e+02
5.237346249999999870e+00
9.742443749999999625e+01
4.552213749999999948e+01
4.526911249999999498e+00
7.137108749999998736e+01
1.341730000000000267e+01
6.973832499999998902e+01
3.888303750000000036e+01
5.029915000000000447e+01
4.156622500000000286e+01
3.959551250000000522e+01
3.826411249999999598e+01
3.622432499999999322e+01
3.360582499999999584e+01
3.188242499999999779e+01
2.907858750000000114e+01
2.529273750000000121e+01
2.319768750000000068e+01
2.125077500000000441e+01
1.917102500000000020e+01
1.712546250000000114e+01
1.557721249999999991e+01
1.420902499999999691e+01
1.312468750000000028e+01
1.277364999999999995e+01
1.242432500000000140e+01
1.177783750000000040e+01
1.137203749999999935e+01
1.116177500000000045e+01
1.094759999999999955e+01
1.064055000000000106e+01
9.909079999999999444e+00
9.379281250000000014e+00
8.854748750000000612e+00
8.025002500000001149e+00
7.405664999999999054e+00
6.895672499999999872e+00
6.535657499999999231e+00
6.477972499999999911e+00
6.407719999999999416e+00
6.322854999999999670e+00
6.230152499999999982e+00
6.159363749999998916e+00
6.111656249999999346e+00
6.029342500000000271e+00
5.969018750000000040e+00
5.913781250000000433e+00
5.693008749999999729e+00
5.558902499999999414e+00
5.530325000000000379e+00
5.510706250000000139e+00
5.492216249999999356e+00
5.460297499999999360e+00
5.449990000000000556e+00
5.283112499999999656e+00
5.146032500000000454e+00
5.052342499999999959e+00
4.991616249999999866e+00
4.963017499999999416e+00
4.924938750000000809e+00
4.732148750000000348e+00
4.324141250000000269e+00
4.013325000000000031e+00
3.743271250000000272e+00
3.079643749999999791e+00
2.500717500000000371e+00
2.211820000000000341e+00
2.093778750000000244e+00
2.270755000000000301e+00
2.530367499999999659e+00
6.889962499999999768e-01
6.964462499999999334e-01
7.032374999999999599e-01
3.522575000000000012e-01
3.460287499999999961e-01
