7.890699999999999363e+02
9.395286249999999200e+02
6.417793749999999591e+02
5.406042499999999791e+02
4.826301250000000209e+02
4.341486250000000382e+02
3.825912500000000591e+02
3.380924999999999727e+02
3.032755000000000223e+02
2.710976249999999936e+02
2.379751250000000198e+02
2.006189999999999998e+02
1.705033750000000055e+02
1.190535000000000139e+02
9.573869999999999436e+01
8.500583749999999839e+01
7.480968749999999545e+01
6.759077500000000782e+01
6.202007499999999141e+01
5.764320000000000022e+01
5.405400000000000205e+01
5.109445000000000192e+01
4.685065000000000168e+01
4.215611250000000609e+01
3.860257499999999453e+01
3.581219999999999715e+01
3.346493749999999778e+01
3.150760000000000005e+01
2.983922500000000610e+01
2.841995000000000005e+01
2.713194999999999979e+01
2.600049999999999883e+01
2.497568749999999937e+01
2.404568749999999966e+01
2.286357499999999732e+01
2.146771249999999753e+01
2.027061249999999859e+01
1.923749999999999716e+01
1.845737500000000253e+01
1.800953750000000042e+01
1.743825000000000003e+01
1.667812500000000142e+01
1.598932500000000090e+01
1.538551250000000081e+01
1.479639999999999844e+01
1.441122499999999995e+01
1.416448749999999990e+01
1.392002500000000254e+01
1.367548749999999913e+01
1.351507499999999951e+01
1.343932500000000019e+01
1.336492499999999950e+01
1.328941250000000096e+01
1.321393750000000011e+01
1.313896250000000165e+01
1.306356250000000152e+01
1.298812500000000014e+01
1.291340000000000288e+01
1.283797500000000014e+01
1.276319999999999943e+01
1.268797499999999800e+01
1.261277500000000096e+01
1.253736249999999863e+01
1.246232499999999987e+01
1.233027500000000032e+01
1.214268749999999919e+01
1.195492499999999936e+01
1.176653750000000009e+01
1.153228749999999891e+01
1.125544999999999973e+01
1.097651250000000012e+01
1.069455000000000133e+01
1.041513750000000016e+01
1.008077499999999915e+01
9.686363749999999939e+00
9.290798749999998662e+00
8.950326249999999817e+00
8.650510000000000588e+00
8.400981249999999179e+00
8.132808750000000586e+00
7.839396250000000066e+00
7.585566250000000288e+00
7.349552499999999711e+00
7.140363749999998788e+00
6.932273749999999346e+00
6.713003749999999492e+00
6.501975000000000726e+00
6.310396250000000151e+00
6.134378749999999769e+00
6.021418750000000486e+00
5.950616249999999496e+00
5.821235000000000603e+00
5.495833750000000073e+00
5.115397500000000264e+00
4.843045000000000044e+00
4.335977499999999374e+00
3.920393750000000122e+00
3.700862500000000388e+00
3.414866249999999770e+00
3.209798750000000034e+00
3.110459999999999781e+00
3.037121249999999772e+00
2.942688749999999853e+00
2.881512499999999921e+00
2.729429999999999801e+00
2.544542499999999929e+00
2.450888750000000282e+00
2.448678749999999571e+00
2.544810000000000016e+00
2.675755000000000106e+00
2.969058749999999858e+00
3.354353749999999579e+00
3.855242500000000128e+00
4.776527500000000259e+00
6.653685000000001182e+00
1.320764999999999922e+01
2.840761249999999549e+01
9.260512500000000102e+01
4.573643749999999272e+03
1.669983750000000100e+02
1.146140000000000114e+01
3.093403749999999786e+00
1.505607499999999987e+00
1.016144999999999854e+00
8.815207499999999641e-01
7.714167500000000954e-01
6.868855000000000377e-01
6.377328749999999769e-01
5.946797500000000625e-01
5.558092500000000324e-01
5.232679999999999554e-01
5.175268749999999418e-01
5.258924999999999850e-01
5.562500000000000222e-01
6.556936250000000577e-01
9.025287499999999907e-01
1.515602499999999964e+00
5.055297499999999999e+00
6.863377500000000282e+02
3.602337499999999864e+02
6.398267499999999330e+00
1.711305000000000076e+00
8.572052500000000297e-01
3.593662500000000537e-01
1.911780000000000146e-01
1.444006250000000047e-01
1.144830000000000153e-01
9.505647500000000139e-02
7.952426249999999808e-02
6.997984999999999622e-02
6.498714999999999353e-02
6.046630000000000060e-02
6.501127500000000725e-02
1.787363750000000029e-01
6.138909999999999911e+01
2.231796249999999926e-01
9.629553750000000023e-02
2.464658750000000342e+00
4.115364999999999301e-02
5.470745000000000469e-02
8.738763750000000385e-02
5.874616249999998985e+00
1.873886249999999976e+01
4.007768749999999769e-01
9.303423750000000325e+00
3.626171250000000512e+00
3.441673749999999560e-02
4.383842500000000086e+00
1.053139000000000047e+00
2.160915000000000141e+00
2.721417499999999823e+00
2.848201249999999796e+00
2.095878750000000235e+00
1.913664999999999949e+00
1.795026249999999823e+00
1.624976250000000011e+00
1.422508749999999988e+00
1.298201250000000195e+00
1.114297499999999941e+00
8.885705000000000409e-01
7.749647499999999800e-01
6.760844999999999771e-01
5.730406249999999702e-01
4.774683749999999449e-01
4.093375000000000208e-01
3.562177499999999997e-01
3.185437499999999589e-01
3.076372500000000287e-01
2.981997499999999857e-01
2.824148750000000097e-01
2.751790000000000624e-01
2.728318750000000015e-01
2.707415000000000238e-01
2.683913749999999876e-01
2.648537499999999989e-01
2.615866250000000170e-01
2.587692500000000617e-01
2.551707500000000017e-01
2.577148750000000099e-01
1.928630000000000067e-01
1.507113750000000085e-01
1.486398750000000046e-01
1.461171250000000144e-01
1.430696250000000058e-01
1.413032500000000191e-01
1.410616249999999960e-01
1.408988749999999790e-01
1.417994999999999950e-01
1.428803750000000039e-01
1.428722500000000062e-01
1.405416250000000034e-01
1.390792499999999876e-01
1.384871250000000165e-01
1.380808750000000196e-01
1.380429999999999990e-01
1.391897500000000010e-01
1.320977500000000138e-01
1.167181250000000059e-01
1.046011249999999893e-01
9.713984999999998593e-02
9.448874999999999635e-02
9.406202499999999356e-02
9.152822500000000472e-02
8.129376249999999138e-02
5.711839999999999973e-02
4.625317500000000748e-02
3.734587499999999366e-02
2.026127499999999873e-02
9.373539999999999650e-03
4.887493750000000171e-03
1.615959999999999836e-03
7.684387500000000159e-04
7.504242499999999464e-04
2.102865000000000203e-04
2.068611250000000124e-04
1.896798749999999980e-04
6.080787500000000266e-05
3.857962500000000080e-05
