6.352450000000000152e+00
8.323312500000000114e+00
6.329711249999999900e+00
5.733128749999998774e+00
5.417739999999999334e+00
5.172674999999999912e+00
4.935194999999999332e+00
4.747195000000000498e+00
4.616274999999999906e+00
4.506657500000001093e+00
4.406167499999999571e+00
4.309372500000000272e+00
4.242770000000000152e+00
4.155097500000000110e+00
4.124008749999999779e+00
4.112528749999999178e+00
4.102803749999999638e+00
4.096682500000000005e+00
4.092388749999999575e+00
4.089273749999999374e+00
4.086877499999999941e+00
4.084993750000000645e+00
4.082571249999999985e+00
4.080083750000000009e+00
4.078371250000000003e+00
4.077118750000000347e+00
4.076163750000000086e+00
4.075408749999999358e+00
4.074791250000000531e+00
4.074300000000000033e+00
4.073870000000000324e+00
4.073509999999999742e+00
4.073199999999999932e+00
4.072919999999999874e+00
4.072589999999999044e+00
4.072220000000000617e+00
4.071919999999999540e+00
4.071670000000000122e+00
4.071489999999999831e+00
4.071390000000000065e+00
4.071268749999999770e+00
4.071107500000000101e+00
4.070969999999999978e+00
4.070870000000000211e+00
4.070770000000000444e+00
4.070689999999999920e+00
4.070640000000000036e+00
4.070590000000000153e+00
4.070540000000000269e+00
4.070509999999999629e+00
4.070500000000000007e+00
4.070490000000000386e+00
4.070470000000000255e+00
4.070459999999999745e+00
4.070450000000000124e+00
4.070439999999998726e+00
4.070430000000000881e+00
4.070409999999999862e+00
4.070400000000000240e+00
4.070389999999999731e+00
4.070380000000000109e+00
4.070369999999999600e+00
4.070350000000000357e+00
4.070340000000000735e+00
4.070319999999999716e+00
4.070289999999999964e+00
4.070260000000000211e+00
4.070229999999999571e+00
4.070190000000000197e+00
4.070149999999999046e+00
4.070109999999999673e+00
4.070070000000000299e+00
4.070030000000000037e+00
4.069989999999999775e+00
4.069939999999999891e+00
4.069899999999999629e+00
4.069849999999999746e+00
4.069810000000000372e+00
4.069769999999999222e+00
4.069740000000000357e+00
4.069709999999999717e+00
4.069679999999999076e+00
4.069650000000000212e+00
4.069630000000000081e+00
4.069607500000000044e+00
4.069580000000001085e+00
4.069560000000000066e+00
4.069539999999999935e+00
4.069523750000000106e+00
4.069510000000000183e+00
4.069510000000000183e+00
4.069499999999998785e+00
4.069460000000000299e+00
4.069420000000000037e+00
4.069400000000000794e+00
4.069350000000000023e+00
4.069310000000000649e+00
4.069289999999999630e+00
4.069270000000000387e+00
4.069250000000000256e+00
4.069239999999999746e+00
4.069230000000000125e+00
4.069220000000000503e+00
4.069220000000000503e+00
4.069200000000001261e+00
4.069180000000000241e+00
4.069160000000000110e+00
4.069139999999999979e+00
4.069130000000000358e+00
4.069119999999998960e+00
4.069110000000001115e+00
4.069110000000001115e+00
4.069099999999999717e+00
4.069099999999999717e+00
4.069090000000000096e+00
4.069090000000000096e+00
4.069079999999999586e+00
4.069079999999999586e+00
4.069069999999999965e+00
4.069069999999999965e+00
4.069060000000000343e+00
4.069060000000000343e+00
4.069049999999999834e+00
4.069049999999999834e+00
4.069049999999999834e+00
4.069049999999999834e+00
4.069049999999999834e+00
4.069040000000000212e+00
4.069040000000000212e+00
4.069040000000000212e+00
4.069040000000000212e+00
4.069040000000000212e+00
4.069040000000000212e+00
4.069040000000000212e+00
4.069040000000000212e+00
4.069040000000000212e+00
4.069029999999998815e+00
4.069029999999998815e+00
4.069029999999998815e+00
4.069029999999998815e+00
4.069029999999998815e+00
4.069029999999998815e+00
4.069029999999998815e+00
4.069029999999998815e+00
4.069029999999998815e+00
4.069020000000000969e+00
4.069020000000000969e+00
4.069020000000000969e+00
4.069020000000000969e+00
4.069020000000000969e+00
4.069020000000000969e+00
4.069020000000000969e+00
4.069020000000000969e+00
4.069009999999999572e+00
4.069009999999999572e+00
4.069009999999999572e+00
4.069009999999999572e+00
5.975591249999999022e+00
6.224602499999999594e+00
6.216583749999999853e+00
6.211392500000000538e+00
6.202862500000000168e+00
6.183068750000000335e+00
6.167900000000000382e+00
6.127179999999999183e+00
6.079611250000000133e+00
6.065846250000000772e+00
6.043316250000000167e+00
6.012277499999999719e+00
5.989125000000000476e+00
5.971626249999999914e+00
5.959280000000000577e+00
5.933857500000000229e+00
5.919702500000000533e+00
5.910584999999999312e+00
5.893406249999999957e+00
5.896806250000000915e+00
5.914842499999999781e+00
5.952250000000000263e+00
6.002781249999999069e+00
6.040978750000000730e+00
6.134698750000000089e+00
6.342329999999999579e+00
6.624353750000000041e+00
6.728483749999999652e+00
6.821037499999999199e+00
6.921778749999999647e+00
6.959489999999999732e+00
6.997333750000000130e+00
7.077286250000000223e+00
7.134683749999999769e+00
7.166337499999999139e+00
7.201689999999999259e+00
7.258131249999999923e+00
7.358711249999999815e+00
7.294693749999999532e+00
7.088946250000000227e+00
6.661100000000000243e+00
6.296452499999999119e+00
6.033816250000000103e+00
5.875837500000000269e+00
5.812639999999999141e+00
5.737418750000000678e+00
5.651923749999999913e+00
5.542086249999999659e+00
5.446202500000000946e+00
5.381581250000000871e+00
5.258127500000000509e+00
5.163391250000000099e+00
5.069708750000000208e+00
4.907135000000000247e+00
4.781663749999999879e+00
4.719009999999999039e+00
4.675998750000000648e+00
4.627331250000001006e+00
4.509674999999999656e+00
4.332245000000000346e+00
4.146544999999999703e+00
3.998298750000000013e+00
3.889865000000000350e+00
3.802106250000000021e+00
3.731042500000000040e+00
3.606858750000000224e+00
3.276382500000000420e+00
2.756803749999999997e+00
2.429152499999999826e+00
2.218366249999999873e+00
1.849668750000000195e+00
1.665960000000000107e+00
1.729290000000000216e+00
1.960731250000000259e+00
2.185612499999999958e+00
2.245023750000000096e+00
5.328100000000000058e-01
5.228699999999999459e-01
5.066650000000000320e-01
2.347899999999999987e-01
2.212224999999999886e-01
