2.294341249999999999e+00
2.777747499999999814e+00
1.934273750000000014e+00
1.651015000000000121e+00
1.489430000000000032e+00
1.354608750000000139e+00
1.211903749999999835e+00
1.087557499999999955e+00
9.904338749999999081e-01
8.994467500000000726e-01
8.052651250000000260e-01
6.972177500000000805e-01
6.086567500000000797e-01
4.487122499999999792e-01
3.673537500000000344e-01
3.232213749999999219e-01
2.798536249999999947e-01
2.493950000000000056e-01
2.262521249999999706e-01
2.083007500000000067e-01
1.937103750000000180e-01
1.816611250000000066e-01
1.651465000000000016e-01
1.469232500000000052e-01
1.333370000000000111e-01
1.227076250000000007e-01
1.141630000000000006e-01
1.070318749999999847e-01
1.010062500000000058e-01
9.593749999999999500e-02
9.137512500000001536e-02
8.740917500000001950e-02
8.384569999999999523e-02
8.063968750000000130e-02
7.661828750000000687e-02
7.195852499999999541e-02
6.800107499999999416e-02
6.461396250000001062e-02
6.205623750000000688e-02
6.060376250000000520e-02
5.877846250000000328e-02
5.634978749999999814e-02
5.426763750000000719e-02
5.257975000000000149e-02
5.089477499999999627e-02
4.961872499999999547e-02
4.876861249999999565e-02
4.792637500000000716e-02
4.708386250000000384e-02
4.654688750000000180e-02
4.631781249999999961e-02
4.609280000000000321e-02
4.586446249999999447e-02
4.563622499999999554e-02
4.540956250000000027e-02
4.518152500000000016e-02
4.495341249999999789e-02
4.472742500000000815e-02
4.449929999999999858e-02
4.427311249999999615e-02
4.404566249999999905e-02
4.381824999999999609e-02
4.359023750000000363e-02
4.336328749999999316e-02
4.296398749999999489e-02
4.239672500000000316e-02
4.182892499999999597e-02
4.125919999999999588e-02
4.056417500000000093e-02
3.975324999999999692e-02
3.893635000000000151e-02
3.811057500000000070e-02
3.729213750000000271e-02
3.638012500000000621e-02
3.536219999999999641e-02
3.433636250000000195e-02
3.331891249999999888e-02
3.235608750000000533e-02
3.155478750000000054e-02
3.075398749999999973e-02
2.991933750000000392e-02
2.919729999999999895e-02
2.852595000000000131e-02
2.793599999999999903e-02
2.735372499999999887e-02
2.674015000000000072e-02
2.615040000000000420e-02
2.564133749999999989e-02
2.518892500000000090e-02
2.489860000000000337e-02
2.471663749999999590e-02
2.438156250000000219e-02
2.338512499999999966e-02
2.221436250000000112e-02
2.141786249999999905e-02
1.992068749999999569e-02
1.866453750000000161e-02
1.800795000000000173e-02
1.711729999999999849e-02
1.636121249999999971e-02
1.597862499999999977e-02
1.568957500000000074e-02
1.531738750000000322e-02
1.507626249999999973e-02
1.444873750000000116e-02
1.355489999999999993e-02
1.271267500000000140e-02
1.186433750000000058e-02
1.128458750000000017e-02
1.088216249999999878e-02
1.045059999999999913e-02
1.012503749999999966e-02
9.839927500000001520e-03
9.564256250000000015e-03
9.283703750000000393e-03
8.907049999999999690e-03
8.606019999999998948e-03
8.390536250000000390e-03
8.149331250000000845e-03
7.866015000000000507e-03
7.472298750000000087e-03
7.054258750000001223e-03
6.703696250000000176e-03
6.476236250000000534e-03
6.372388750000000136e-03
6.255298749999999887e-03
6.136182500000000178e-03
6.053304999999999277e-03
5.954323750000000554e-03
5.863753750000000667e-03
5.745503750000000368e-03
5.659345000000000521e-03
5.589454999999999250e-03
5.510802500000000145e-03
5.390274999999999928e-03
5.279496249999999710e-03
5.190092500000000053e-03
5.095625000000000328e-03
4.995084999999999803e-03
4.926132499999999470e-03
4.854535000000000100e-03
4.784996249999999562e-03
4.720549999999999573e-03
4.556567499999999819e-03
4.377481249999999775e-03
4.246839999999999990e-03
4.131819999999999590e-03
4.012311250000000044e-03
3.869663749999999788e-03
3.762836250000000608e-03
3.693538750000000155e-03
3.576396249999999784e-03
3.366978750000000110e-03
3.184016250000000318e-03
3.069581249999999914e-03
2.983751250000000067e-03
2.929291249999999534e-03
1.668442500000000051e+00
1.795765000000000056e+00
1.761648749999999763e+00
1.740838749999999990e+00
1.707686249999999850e+00
1.630881250000000282e+00
1.574087500000000084e+00
1.433478750000000357e+00
1.281663749999999879e+00
1.240418749999999903e+00
1.175564999999999971e+00
1.099686249999999976e+00
1.081823749999999862e+00
1.069806249999999848e+00
1.061327499999999979e+00
1.043924999999999992e+00
1.034423749999999975e+00
1.028367499999999879e+00
1.016957499999999959e+00
1.011226250000000215e+00
1.012788750000000126e+00
1.016022500000000051e+00
1.020364999999999744e+00
1.023635000000000073e+00
9.855724999999999625e-01
8.623954999999999815e-01
6.742526250000000498e-01
5.000302500000000094e-01
3.762337500000000334e-01
2.895872499999999627e-01
2.604784999999999462e-01
2.435378749999999870e-01
2.082851249999999876e-01
1.887213749999999968e-01
1.819876250000000417e-01
1.744666249999999863e-01
1.624595000000000067e-01
1.285506250000000017e-01
1.047721249999999937e-01
8.010159999999999503e-02
5.326578750000000168e-02
3.585569999999999730e-02
2.781471249999999812e-02
2.391978750000000112e-02
2.261436249999999870e-02
2.113393750000000168e-02
1.968239999999999920e-02
1.813209999999999822e-02
1.695117499999999888e-02
1.615533749999999852e-02
1.498752499999999981e-02
1.420495000000000091e-02
1.352772500000000086e-02
1.257202499999999883e-02
1.195973750000000127e-02
1.168434999999999960e-02
1.149531250000000032e-02
1.130132500000000095e-02
1.089626250000000005e-02
1.036236249999999970e-02
9.862191250000000922e-03
9.462888750000000501e-03
9.192218749999998134e-03
8.987587499999999743e-03
8.821887499999998480e-03
8.532327499999999010e-03
7.746557500000000006e-03
6.335544999999999718e-03
5.259175000000000481e-03
4.400357499999999443e-03
2.506647500000000039e-03
1.118554999999999810e-03
6.141724999999999138e-04
3.435991249999999762e-04
4.065506249999999849e-04
5.639553749999999012e-04
2.082091249999999867e-04
2.204335000000000029e-04
2.338917499999999990e-04
1.291437500000000051e-04
1.346937500000000044e-04
