8.646787499999998516e+00
1.110103749999999856e+01
8.263988749999999328e+00
7.384145000000000181e+00
6.907171250000000207e+00
6.527283750000000495e+00
6.147098750000000500e+00
5.834751250000000056e+00
5.606708750000000130e+00
5.406106249999999669e+00
5.211433749999999421e+00
5.006592500000000889e+00
4.851424999999999876e+00
4.603811249999999688e+00
4.491363750000000543e+00
4.435751249999999146e+00
4.382661249999999953e+00
4.346078750000000213e+00
4.318640000000000256e+00
4.297572500000000240e+00
4.280590000000000117e+00
4.266656249999999595e+00
4.247720000000000162e+00
4.227007499999999141e+00
4.211708749999999668e+00
4.199824999999999697e+00
4.190326250000000030e+00
4.182439999999999714e+00
4.175799999999999734e+00
4.170238750000000216e+00
4.165246250000000039e+00
4.160918750000000443e+00
4.157042500000000196e+00
4.153563749999999999e+00
4.149207500000000159e+00
4.144176250000000117e+00
4.139918749999999648e+00
4.136287499999999895e+00
4.133544999999999803e+00
4.131990000000000052e+00
4.130043750000000458e+00
4.127453749999999921e+00
4.125239999999999796e+00
4.123451249999999568e+00
4.121665000000000134e+00
4.120313750000000219e+00
4.119411250000000635e+00
4.118520000000000181e+00
4.117627500000000218e+00
4.117058750000000877e+00
4.116816250000000288e+00
4.116579999999999906e+00
4.116340000000000110e+00
4.116098749999999917e+00
4.115861249999999139e+00
4.115619999999999834e+00
4.115378750000000529e+00
4.115141250000000639e+00
4.114901249999999067e+00
4.114661250000000159e+00
4.114423749999999380e+00
4.114183750000000472e+00
4.113942500000000280e+00
4.113706249999999898e+00
4.113282499999999509e+00
4.112686250000000321e+00
4.112087500000000340e+00
4.111488750000000358e+00
4.110757500000000064e+00
4.109904999999999475e+00
4.109048749999999472e+00
4.108182499999999848e+00
4.107322500000000431e+00
4.106368749999999679e+00
4.105304999999999538e+00
4.104233750000000569e+00
4.103172500000000333e+00
4.102166250000000680e+00
4.101329999999999920e+00
4.100495000000000445e+00
4.099626250000000027e+00
4.098876249999999999e+00
4.098177499999999363e+00
4.097562500000000441e+00
4.096957500000000252e+00
4.096319999999999517e+00
4.095710000000000406e+00
4.095182499999999948e+00
4.094713749999999486e+00
4.094413749999999297e+00
4.094223749999999384e+00
4.093878750000000011e+00
4.092846250000000019e+00
4.091636249999999642e+00
4.090813749999999693e+00
4.089269999999999960e+00
4.087976249999999645e+00
4.087302500000000727e+00
4.086387499999999839e+00
4.085609999999999964e+00
4.085218749999999233e+00
4.084920000000000329e+00
4.084539999999999615e+00
4.084291249999999707e+00
4.083646249999999256e+00
4.082735000000000447e+00
4.081872500000000237e+00
4.081006249999999724e+00
4.080417500000000253e+00
4.080004999999999882e+00
4.079565000000000552e+00
4.079231249999999420e+00
4.078942500000000138e+00
4.078660000000000174e+00
4.078377500000000211e+00
4.077994999999999592e+00
4.077688750000000084e+00
4.077468749999999531e+00
4.077219999999999622e+00
4.076937499999999659e+00
4.076536250000000194e+00
4.076112499999999805e+00
4.075757499999999922e+00
4.075527499999999748e+00
4.075420000000000265e+00
4.075301249999999875e+00
4.075179999999999580e+00
4.075098749999999548e+00
4.075000000000000178e+00
4.074908749999999635e+00
4.074790000000000134e+00
4.074699999999999989e+00
4.074629999999999974e+00
4.074550000000001226e+00
4.074430000000000440e+00
4.074313749999999956e+00
4.074221250000000794e+00
4.074130000000000251e+00
4.074029999999999596e+00
4.073959999999999582e+00
4.073882499999999851e+00
4.073813750000000233e+00
4.073750000000000426e+00
4.073581250000000153e+00
4.073400000000000354e+00
4.073269999999999946e+00
4.073152499999999065e+00
4.073031249999999659e+00
4.072890000000000121e+00
4.072780000000000733e+00
4.072709999999999830e+00
4.072594999999999743e+00
4.072381249999999397e+00
4.072199999999999598e+00
4.072079999999999700e+00
4.072000000000000064e+00
4.071939999999998783e+00
7.644032499999999786e+00
8.020366250000000363e+00
7.978231249999999442e+00
7.952231250000000529e+00
7.910546249999999446e+00
7.813951249999999682e+00
7.741984999999999673e+00
7.560654999999999681e+00
7.361273749999999616e+00
7.306263749999999391e+00
7.218879999999999519e+00
7.111966250000000045e+00
7.070945000000000036e+00
7.041433749999999492e+00
7.020606249999999271e+00
6.977778750000000585e+00
6.954126249999999843e+00
6.938952500000000079e+00
6.910366249999999155e+00
6.908034999999999926e+00
6.927629999999999733e+00
6.968273750000000710e+00
7.023143750000000018e+00
7.064615000000000755e+00
7.120272500000000448e+00
7.204725000000000712e+00
7.335488749999999669e+00
7.472093749999999979e+00
7.645733750000000661e+00
7.819552499999999462e+00
7.884111250000000126e+00
7.946991249999999951e+00
8.079263749999999078e+00
8.168134999999999479e+00
8.212844999999999729e+00
8.262781249999999744e+00
8.342503750000000551e+00
8.542246249999999819e+00
8.620846249999999600e+00
8.634501250000001349e+00
8.543084999999999596e+00
8.369716250000001523e+00
8.186489999999999156e+00
8.053361250000001803e+00
7.993706250000000679e+00
7.921285000000000132e+00
7.834513750000000165e+00
7.718690000000000495e+00
7.615279999999999383e+00
7.545590000000000686e+00
7.411276250000000232e+00
7.307829999999999160e+00
7.206186249999999127e+00
7.031391249999998649e+00
6.898838750000000353e+00
6.833268750000000225e+00
6.788256250000000769e+00
6.737839999999999385e+00
6.617644999999999555e+00
6.440210000000000434e+00
6.257422499999999665e+00
6.111503749999998902e+00
6.006602499999999623e+00
5.922941250000000046e+00
5.855193750000000641e+00
5.736808749999999790e+00
5.422637500000000443e+00
4.919765000000000832e+00
4.589331249999998974e+00
4.365797500000000220e+00
3.966366250000000537e+00
3.782248750000000381e+00
3.852816250000000053e+00
4.050836249999999694e+00
4.216413750000000071e+00
4.243274999999999686e+00
1.026892500000000208e+00
1.016332500000000083e+00
9.993162500000000170e-01
4.803362500000000201e-01
4.661812499999999915e-01
