1.252193749999999994e+01
1.491030000000000122e+01
1.018564999999999898e+01
8.580334999999999823e+00
7.660511250000000771e+00
6.891333750000000258e+00
6.073414999999999786e+00
5.367529999999999468e+00
4.815281249999999957e+00
4.304958749999999057e+00
3.779736250000000464e+00
3.187548749999999931e+00
2.710313750000000077e+00
1.895899999999999919e+00
1.527391249999999978e+00
1.358093749999999877e+00
1.197484999999999911e+00
1.083988750000000056e+00
9.965711250000001131e-01
9.280137499999999706e-01
8.718876250000000550e-01
8.256953750000000092e-01
7.596193750000000966e-01
6.867702500000000265e-01
6.318623749999999761e-01
5.889284999999999659e-01
5.529450000000000198e-01
5.230613749999999396e-01
4.976877499999999843e-01
4.761934999999999918e-01
4.567423749999999782e-01
4.397216250000000048e-01
4.243523750000000039e-01
4.104529999999999568e-01
3.928751250000000472e-01
3.722250000000000281e-01
3.546148749999999406e-01
3.395162500000000194e-01
3.281147500000000106e-01
3.216058749999999855e-01
3.133651250000000221e-01
3.024003749999999435e-01
2.925103749999999891e-01
2.838926250000000095e-01
2.754938749999999992e-01
2.700398749999999848e-01
2.665532500000000193e-01
2.630988749999999543e-01
2.596435000000000271e-01
2.573831249999999904e-01
2.563253749999999664e-01
2.552866250000000448e-01
2.542326249999999899e-01
2.531786250000000460e-01
2.521323749999999642e-01
2.510795000000000110e-01
2.500262500000000054e-01
2.489829999999999821e-01
2.479298749999999940e-01
2.468856249999999974e-01
2.458353749999999949e-01
2.447851249999999923e-01
2.437326249999999805e-01
2.426851250000000015e-01
2.408416249999999759e-01
2.382225000000000037e-01
2.356012499999999843e-01
2.329707499999999765e-01
2.297250000000000125e-01
2.259074999999999833e-01
2.220621249999999991e-01
2.181743750000000315e-01
2.143217500000000053e-01
2.097334999999999894e-01
2.043395000000000072e-01
1.989303749999999926e-01
1.942905000000000049e-01
1.902122499999999994e-01
1.868178749999999944e-01
1.834172500000000039e-01
1.798664999999999847e-01
1.767946250000000108e-01
1.739373750000000052e-01
1.710348749999999751e-01
1.678155000000000063e-01
1.644232499999999930e-01
1.611684999999999923e-01
1.585593750000000024e-01
1.563633749999999989e-01
1.549539999999999806e-01
1.540707500000000063e-01
1.524439999999999684e-01
1.476069999999999605e-01
1.419320000000000026e-01
1.380841250000000020e-01
1.308447499999999819e-01
1.247581249999999975e-01
1.215980000000000116e-01
1.173371250000000143e-01
1.137198750000000119e-01
1.119059999999999916e-01
1.105524999999999980e-01
1.088101249999999937e-01
1.076808750000000092e-01
1.046777500000000000e-01
1.002328749999999852e-01
9.671454999999999635e-02
9.331573749999999556e-02
9.093780000000001307e-02
8.930283750000000964e-02
8.768687499999999746e-02
8.650664999999999050e-02
8.547357499999999608e-02
8.451517499999999794e-02
8.357012499999999511e-02
8.243391249999999781e-02
8.179093750000000773e-02
8.135499999999999676e-02
8.094157500000000172e-02
8.061541250000001102e-02
8.024677499999999242e-02
8.037128749999999933e-02
8.108588749999999512e-02
8.202333750000001533e-02
8.245130000000000514e-02
8.293388750000001142e-02
8.342481250000000070e-02
8.376637500000000403e-02
8.426422499999999816e-02
8.523757499999999598e-02
8.659977499999998996e-02
8.759232499999999866e-02
8.839748750000001043e-02
8.930355000000000931e-02
9.069202500000000944e-02
9.251106250000000475e-02
9.462929999999999953e-02
9.687111249999999507e-02
9.925701249999999143e-02
1.008934999999999971e-01
1.027379999999999960e-01
1.056847500000000079e-01
1.087353749999999813e-01
1.166926249999999943e-01
1.275178750000000027e-01
1.372689999999999744e-01
1.496269999999999822e-01
1.662207500000000004e-01
1.903678749999999920e-01
2.206143750000000292e-01
2.484121249999999836e-01
3.159576250000000197e-01
5.422682500000000072e-01
1.201640000000000041e+00
3.589327500000000004e+00
1.649558749999999918e+01
2.481166249999999991e+02
1.543331250000000132e+01
6.157185000000000435e-02
4.461239999999999650e-02
3.478452499999999670e-02
2.465011250000000154e-02
1.237114999999999916e-02
7.462697500000000511e-03
2.760746249999999988e-03
7.375428749999999667e-04
5.593735000000000070e-04
4.689351250000000108e-04
7.330648749999999492e-01
2.926371249999999312e-04
1.409701250000000160e-04
1.301971249999999889e-04
1.634732499999999751e-04
2.551051249999999795e-04
5.225286249999999645e-04
1.654132500000000117e-01
7.348772499999999680e-04
9.034429999999999490e-05
5.326758750000000053e-05
3.108146250000000041e-02
1.906246249999999655e-05
5.402923750000000053e-03
2.483125000000000089e-03
4.988740000000000188e-03
1.520704999999999973e-02
1.224992500000000005e-02
1.030156249999999996e-02
9.723357499999999917e-03
9.220138749999998856e-03
8.285021249999999920e-03
7.752746250000000332e-03
7.458760000000000043e-03
7.190728750000000002e-03
6.824025000000000056e-03
6.390486249999998911e-03
6.213253750000000651e-03
6.020485000000000766e-03
5.732520000000001364e-03
5.451779999999999821e-03
5.319034999999999735e-03
5.350194999999999430e-03
5.530311250000000296e-03
5.749665000000000158e-03
6.011243749999999920e-03
6.216593749999999897e-03
6.320428749999999936e-03
6.390395000000000103e-03
6.531142499999999934e-03
6.641418750000001835e-03
6.756329999999999628e-03
6.967662499999999204e-03
7.119689999999999699e-03
7.192311250000000579e-03
7.242163749999999851e-03
7.299728750000000592e-03
7.436200000000000448e-03
7.636783750000000759e-03
7.841442500000000287e-03
7.987833750000001079e-03
8.086563749999999343e-03
8.171176250000000349e-03
8.239691250000000244e-03
8.341770000000000088e-03
8.572868750000000454e-03
8.492733750000000179e-03
8.408654999999999255e-03
7.725749999999999978e-03
4.801322499999999965e-03
1.946696249999999798e-03
8.176608749999999745e-04
1.368412499999999902e-04
4.746152500000000126e-05
2.224477499999999777e-04
2.298063750000000076e-04
2.428118750000000036e-04
2.508515000000000224e-04
1.421899999999999922e-04
1.562362500000000036e-04
