1.510294999999999987e+01
1.838442500000000024e+01
1.289359999999999928e+01
1.106615000000000038e+01
1.003080499999999908e+01
9.172988749999998248e+00
8.269732499999999931e+00
7.497643750000000828e+00
6.899223749999999100e+00
6.350746250000000259e+00
5.790404999999999802e+00
5.164408749999999770e+00
4.663809999999999789e+00
3.818712500000000176e+00
3.439218750000000213e+00
3.265785000000000160e+00
3.101613750000000280e+00
2.985812499999999758e+00
2.896724999999999550e+00
2.826912499999999717e+00
2.769777500000000003e+00
2.722768749999999738e+00
2.655532500000000073e+00
2.581387500000000390e+00
2.525455000000000005e+00
2.481657499999999850e+00
2.444906249999999837e+00
2.414328750000000579e+00
2.388311250000000108e+00
2.366216249999999910e+00
2.346182500000000282e+00
2.328603750000000083e+00
2.312696250000000120e+00
2.298268750000000082e+00
2.279939999999999856e+00
2.258294999999999941e+00
2.239717500000000250e+00
2.223663750000000050e+00
2.211542500000000189e+00
2.204566250000000061e+00
2.195637500000000131e+00
2.183757500000000018e+00
2.172946249999999857e+00
2.163425000000000153e+00
2.154118749999999860e+00
2.147986250000000208e+00
2.144047500000000106e+00
2.140143750000000011e+00
2.136241250000000313e+00
2.133666249999999653e+00
2.132427499999999920e+00
2.131212499999999732e+00
2.129981249999999715e+00
2.128746250000000284e+00
2.127523749999999936e+00
2.126291249999999966e+00
2.125058749999999996e+00
2.123841249999999903e+00
2.122607499999999980e+00
2.121386250000000029e+00
2.120157499999999917e+00
2.118928750000000250e+00
2.117697500000000232e+00
2.116472499999999979e+00
2.114316249999999897e+00
2.111252499999999976e+00
2.108186250000000150e+00
2.105111250000000211e+00
2.101196249999999655e+00
2.096501250000000205e+00
2.091772499999999813e+00
2.086989999999999679e+00
2.082249999999999712e+00
2.076433750000000078e+00
2.069447499999999884e+00
2.062433749999999844e+00
2.056201249999999980e+00
2.050615000000000077e+00
2.045966249999999764e+00
2.040996250000000067e+00
2.035582499999999850e+00
2.030894999999999673e+00
2.026536249999999928e+00
2.022106250000000216e+00
2.017196250000000468e+00
2.012017499999999792e+00
2.007042499999999841e+00
2.002631249999999863e+00
1.998637500000000067e+00
1.996076249999999996e+00
1.994468750000000012e+00
1.991509999999999891e+00
1.982717499999999911e+00
1.971794999999999742e+00
1.963473750000000129e+00
1.947080000000000144e+00
1.931797500000000056e+00
1.922702499999999981e+00
1.909236249999999968e+00
1.897808749999999822e+00
1.891376249999999981e+00
1.885847499999999899e+00
1.878732499999999916e+00
1.874122499999999913e+00
1.860940000000000261e+00
1.838064999999999838e+00
1.816431249999999942e+00
1.789785000000000181e+00
1.768311250000000001e+00
1.752967500000000012e+00
1.732627500000000209e+00
1.716188750000000152e+00
1.701748749999999921e+00
1.684164999999999912e+00
1.663558749999999975e+00
1.635812500000000114e+00
1.613466249999999880e+00
1.597457499999999975e+00
1.576597499999999874e+00
1.545804999999999874e+00
1.501260000000000039e+00
1.443230000000000013e+00
1.383502499999999857e+00
1.336397499999999905e+00
1.314890000000000114e+00
1.290640000000000231e+00
1.265972499999999945e+00
1.248808749999999801e+00
1.227033749999999923e+00
1.199747499999999967e+00
1.162821249999999917e+00
1.135917499999999691e+00
1.114091249999999977e+00
1.089529999999999887e+00
1.051895000000000024e+00
1.011696249999999964e+00
9.725437500000000401e-01
9.311355000000000048e-01
8.870663750000000736e-01
8.568423750000000449e-01
8.244027499999999620e-01
7.845137500000000097e-01
7.452271249999999903e-01
6.456372499999999404e-01
5.408864999999999368e-01
4.610181250000000008e-01
4.167486250000000392e-01
4.486902499999999572e-01
4.952543750000000244e-01
5.517448750000000235e-01
6.021543750000000195e-01
7.308871250000000819e-01
2.436911250000000084e+00
1.140320000000000000e+01
5.599539999999999651e+01
3.461125000000000114e+02
6.290434999999999491e+03
4.415690000000000168e+02
1.242173750000000076e+01
1.109788750000000057e+01
1.026348750000000010e+01
9.269713749999999308e+00
7.838833750000000045e+00
7.108364999999999156e+00
6.056437500000000362e+00
5.331207500000000543e+00
5.202987499999999876e+00
5.012195000000000178e+00
8.241213750000000005e+00
4.856583750000000421e+00
4.702336250000000106e+00
4.619365000000000165e+00
4.415017500000000261e+00
4.190218749999999659e+00
3.853903750000000183e+00
2.612247499999999789e+01
6.087574999999999292e+00
5.234839999999999272e+00
4.878343749999999979e+00
7.052092499999999653e+00
4.951424999999999521e+00
4.869493750000000176e+00
6.393549999999999400e+00
6.678943750000000179e+00
7.640228750000001234e+00
7.310353749999999984e+00
7.064923750000000169e+00
6.985571250000000454e+00
6.908947500000000019e+00
6.761724999999999319e+00
6.670962500000000794e+00
6.620187500000000114e+00
6.571485000000000021e+00
6.501863750000000053e+00
6.288724999999999454e+00
5.972458749999999483e+00
5.634115000000000428e+00
5.398353750000000062e+00
5.389018749999999969e+00
5.473584999999999923e+00
5.549338750000000431e+00
5.594102499999999978e+00
5.648613749999999989e+00
5.714467499999999589e+00
5.808913750000000320e+00
5.896997500000000336e+00
5.956361250000000496e+00
6.074917499999999748e+00
6.163003750000000558e+00
6.248229999999999507e+00
6.399558749999999741e+00
6.507013749999999597e+00
6.558019999999999072e+00
6.593036249999999932e+00
6.629938749999999104e+00
6.710327500000000001e+00
6.810946249999999758e+00
6.900552499999999867e+00
6.957343750000000604e+00
6.978002500000000552e+00
6.995711249999999382e+00
7.010048750000000162e+00
7.012715000000000032e+00
6.962849999999999540e+00
6.707128749999999862e+00
6.437060000000000670e+00
6.174652499999999655e+00
5.464999999999999858e+00
4.800162499999999888e+00
4.481367499999999282e+00
4.339401250000000765e+00
4.517831250000000409e+00
4.757715000000000138e+00
1.250758749999999919e+00
1.258647499999999919e+00
1.269425000000000026e+00
6.424075000000000202e-01
6.481862499999999638e-01
