2.581007500000000121e+00
3.474120000000000097e+00
2.707924999999999915e+00
2.485808750000000344e+00
2.370302499999999757e+00
2.281653750000000258e+00
2.196320000000000050e+00
2.130115000000000425e+00
2.083941249999999634e+00
2.045788749999999823e+00
2.010671250000000132e+00
1.976861250000000236e+00
1.953498750000000062e+00
1.922811249999999861e+00
1.911826250000000282e+00
1.907693749999999966e+00
1.904128750000000148e+00
1.901825000000000099e+00
1.900152499999999911e+00
1.898897499999999905e+00
1.897890000000000077e+00
1.897073750000000114e+00
1.895916250000000192e+00
1.894617499999999843e+00
1.893589999999999884e+00
1.892730000000000024e+00
1.891961250000000483e+00
1.891268750000000054e+00
1.890621249999999920e+00
1.890020000000000033e+00
1.889440000000000230e+00
1.888880000000000114e+00
1.888341249999999638e+00
1.887816249999999973e+00
1.887066249999999945e+00
1.886069999999999913e+00
1.885104999999999809e+00
1.884148750000000039e+00
1.883428750000000207e+00
1.882962500000000095e+00
1.882273749999999968e+00
1.881356249999999841e+00
1.880436250000000031e+00
1.879531249999999876e+00
1.878624999999999989e+00
1.877947500000000103e+00
1.877493749999999961e+00
1.877045000000000297e+00
1.876597499999999918e+00
1.876281249999999678e+00
1.876101250000000498e+00
1.875928750000000145e+00
1.875750000000000028e+00
1.875569999999999959e+00
1.875391249999999621e+00
1.875209999999999599e+00
1.875032500000000102e+00
1.874858750000000018e+00
1.874679999999999902e+00
1.874499999999999833e+00
1.874322500000000336e+00
1.874143749999999997e+00
1.873963750000000150e+00
1.873787499999999717e+00
1.873476249999999954e+00
1.873029999999999973e+00
1.872586249999999897e+00
1.872138749999999963e+00
1.871472499999999872e+00
1.870592500000000102e+00
1.869708749999999808e+00
1.868814999999999893e+00
1.867928749999999694e+00
1.866700000000000248e+00
1.865107500000000362e+00
1.863500000000000156e+00
1.861911250000000129e+00
1.860401249999999784e+00
1.859149999999999858e+00
1.857581249999999962e+00
1.855715000000000003e+00
1.854101250000000034e+00
1.852598750000000072e+00
1.851071250000000168e+00
1.849380000000000024e+00
1.847593749999999924e+00
1.845873749999999980e+00
1.844070000000000098e+00
1.842273749999999932e+00
1.841121250000000042e+00
1.840396249999999956e+00
1.839067500000000077e+00
1.835110000000000019e+00
1.829862499999999947e+00
1.825388750000000115e+00
1.816236249999999997e+00
1.807039999999999980e+00
1.801105000000000178e+00
1.791901250000000001e+00
1.784086249999999874e+00
1.779471249999999838e+00
1.775296249999999798e+00
1.769919999999999938e+00
1.766439999999999788e+00
1.756262500000000060e+00
1.737833750000000066e+00
1.719716250000000057e+00
1.696468749999999748e+00
1.677374999999999838e+00
1.663664999999999949e+00
1.644943749999999927e+00
1.629682499999999923e+00
1.616276250000000081e+00
1.599648750000000064e+00
1.579987499999999878e+00
1.553376250000000125e+00
1.531676250000000072e+00
1.516102499999999909e+00
1.495652500000000051e+00
1.465192499999999898e+00
1.421012499999999790e+00
1.362857499999999833e+00
1.302415000000000100e+00
1.254372500000000112e+00
1.232438750000000027e+00
1.207707500000000156e+00
1.182546250000000132e+00
1.165045000000000108e+00
1.142767499999999936e+00
1.114508749999999937e+00
1.076220000000000176e+00
1.048323749999999999e+00
1.025693750000000071e+00
1.000228000000000117e+00
9.612019999999998898e-01
9.191856250000000061e-01
8.779143750000000246e-01
8.342646249999999819e-01
7.878093750000000339e-01
7.559492500000000170e-01
7.216651249999999074e-01
6.788288749999999983e-01
6.364921249999999642e-01
5.289447499999999636e-01
4.133686250000000451e-01
3.237491249999999710e-01
2.671218749999999531e-01
2.824694999999999845e-01
3.048870000000000191e-01
3.311306250000000118e-01
3.537421249999999628e-01
4.149296250000000241e-01
1.894639999999999880e+00
1.020158750000000047e+01
5.240608749999999816e+01
3.296168749999999932e+02
6.042317500000000109e+03
4.261358749999999986e+02
1.236015000000000086e+01
1.105326250000000066e+01
1.022871250000000032e+01
9.245063749999999914e+00
7.826462499999999878e+00
7.100901249999999720e+00
6.053677499999999156e+00
5.330470000000000041e+00
5.202427499999999760e+00
5.011724999999999319e+00
7.508146249999999355e+00
4.856288750000000043e+00
4.702196250000000077e+00
4.619234999999999758e+00
4.414853750000000687e+00
4.189964999999999939e+00
3.853382499999999933e+00
2.595708750000000009e+01
6.086840000000000472e+00
5.234750000000000014e+00
4.878288750000000285e+00
7.021015000000000228e+00
4.951404999999999390e+00
4.864090000000000025e+00
6.391067499999999235e+00
6.673955000000000304e+00
7.625021249999999640e+00
7.298104999999999620e+00
7.054621249999998511e+00
6.975844999999999629e+00
6.899727500000000013e+00
6.753437500000001315e+00
6.663208749999999903e+00
6.612728749999999600e+00
6.564293750000000927e+00
6.495039999999999480e+00
6.280753749999998803e+00
5.961938749999999843e+00
5.619957499999999939e+00
5.378405000000000769e+00
5.362327500000001024e+00
5.439043749999999733e+00
5.508623749999999930e+00
5.549876250000000510e+00
5.600116249999999241e+00
5.660808750000000167e+00
5.747499999999999609e+00
5.828148749999999545e+00
5.882502499999999301e+00
5.989507500000000206e+00
6.068095000000000461e+00
6.142927500000000762e+00
6.273870000000000502e+00
6.363316250000000451e+00
6.404747500000000926e+00
6.433189999999998854e+00
6.461973750000000294e+00
6.520518749999999031e+00
6.582180000000001030e+00
6.626430000000000042e+00
6.643949999999999356e+00
6.628700000000000259e+00
6.615630000000000344e+00
6.605043750000000102e+00
6.558332499999999676e+00
6.342707499999999499e+00
5.715478750000000829e+00
5.124071250000000077e+00
4.619139999999999802e+00
3.465516249999999854e+00
2.613508749999999825e+00
2.313813750000000447e+00
2.188572499999999810e+00
2.419932499999999820e+00
2.714480000000000004e+00
7.308399999999999341e-01
7.343362500000000237e-01
7.381024999999999947e-01
3.842962500000000059e-01
3.970212499999999922e-01
