7.721625000000000227e+01
9.326377499999999543e+01
6.481533749999999827e+01
5.527672499999999900e+01
4.985077499999999873e+01
4.534029999999999916e+01
4.057421250000000157e+01
3.648619999999999663e+01
3.330697499999999422e+01
3.038438750000000255e+01
2.739036249999999839e+01
2.403359999999999985e+01
2.134073749999999592e+01
1.677148749999999922e+01
1.471043749999999939e+01
1.376457500000000067e+01
1.286683749999999904e+01
1.223180000000000156e+01
1.174203749999999857e+01
1.135725000000000051e+01
1.104165000000000063e+01
1.078133749999999935e+01
1.040806250000000155e+01
9.994817499999999910e+00
9.681634999999999991e+00
9.435286250000000763e+00
9.227852499999999125e+00
9.054587500000000233e+00
8.906638749999999050e+00
8.780504999999999782e+00
8.665887499999998411e+00
8.565018750000000125e+00
8.473516249999999417e+00
8.390330000000000510e+00
8.284288749999999979e+00
8.158667499999999961e+00
8.050542500000000601e+00
7.956832500000000863e+00
7.886067500000000230e+00
7.845288749999999922e+00
7.792977500000001001e+00
7.723376250000000276e+00
7.660052499999999931e+00
7.604247499999999604e+00
7.549756249999999724e+00
7.513897500000000562e+00
7.490885000000000460e+00
7.468084999999999418e+00
7.445280000000000342e+00
7.430271250000000549e+00
7.423112499999999336e+00
7.416081249999999514e+00
7.408948749999999528e+00
7.401816249999999542e+00
7.394730000000000913e+00
7.387606250000000152e+00
7.380477500000000468e+00
7.373417499999999514e+00
7.366288750000000718e+00
7.359221250000000047e+00
7.352113750000000003e+00
7.345006249999999959e+00
7.337880000000001068e+00
7.330789999999999473e+00
7.318312499999999332e+00
7.300584999999999880e+00
7.282842499999999220e+00
7.265039999999999942e+00
7.242668749999999100e+00
7.216036249999999264e+00
7.189206249999999798e+00
7.162086249999999765e+00
7.135206249999998640e+00
7.102718750000000192e+00
7.064118750000000446e+00
7.025387500000000784e+00
6.991686249999999880e+00
6.961826249999999661e+00
6.936973749999999939e+00
6.909908749999999600e+00
6.880046249999999475e+00
6.854213750000000438e+00
6.830193749999999397e+00
6.808602500000000113e+00
6.786849999999999383e+00
6.763931250000000617e+00
6.741863750000000266e+00
6.721491249999999695e+00
6.702571250000000092e+00
6.690431250000000496e+00
6.682819999999999538e+00
6.668901249999999337e+00
6.633031250000000156e+00
6.590253750000000466e+00
6.558667499999999428e+00
6.498761249999999379e+00
6.447419999999999263e+00
6.418877499999999792e+00
6.379727499999999552e+00
6.349960000000000271e+00
6.334363750000000515e+00
6.321770000000000778e+00
6.305550000000000210e+00
6.295043749999999605e+00
6.266577499999999468e+00
6.222546249999999723e+00
6.185587499999999572e+00
6.144894999999999996e+00
6.115226250000000974e+00
6.095651250000000410e+00
6.071673750000000425e+00
6.052742500000000803e+00
6.036129999999999995e+00
6.017220000000000013e+00
5.995847499999999997e+00
5.967435000000000933e+00
5.945292499999999869e+00
5.929496249999999691e+00
5.909069999999999823e+00
5.879075000000000273e+00
5.834839999999999804e+00
5.776896250000000066e+00
5.722123749999999731e+00
5.703580000000000538e+00
5.739249999999999297e+00
1.032061000000000028e+01
2.397666249999999977e+01
6.741312500000000263e+00
5.853466250000000315e+00
5.858210000000000583e+00
6.210508749999999800e+00
7.036521249999999839e+00
8.662861249999998847e+00
1.676908749999999770e+01
9.214814999999999827e+02
2.963571249999999964e+02
2.039007500000000306e+01
1.259204999999999863e+01
9.902369999999999450e+00
9.025739999999998986e+00
8.446418750000001197e+00
7.980917500000000331e+00
7.668794999999999362e+00
7.214960000000000484e+00
6.915570000000000661e+00
6.775540000000000340e+00
6.659291249999998996e+00
6.565343749999999368e+00
6.473926249999999882e+00
1.149084999999999823e+01
1.767372500000000102e+01
6.495495000000000019e+00
6.314157500000000312e+00
6.227392499999999664e+00
6.787243750000000908e+00
6.153876249999999715e+00
6.112925000000000608e+00
5.664964999999999584e+00
5.342268749999999677e+00
1.341736249999999870e+02
7.815525000000000944e+00
4.920051250000000209e+01
4.237913749999999879e+01
3.991196250000000134e+01
3.456245000000000545e+01
2.893591250000000414e+01
2.768756249999999852e+01
2.563657499999999700e+01
2.296519999999999939e+01
2.098797499999999872e+01
1.956419999999999959e+01
1.893542499999999862e+01
1.763804999999999978e+01
1.690541250000000062e+01
1.642992499999999723e+01
1.553397499999999987e+01
1.445261250000000075e+01
1.375218749999999979e+01
1.263916249999999941e+01
1.115951249999999995e+01
1.037162499999999987e+01
9.665403750000001182e+00
8.880179999999999296e+00
8.167914999999998926e+00
7.542158749999998690e+00
7.063721250000000396e+00
6.698543750000000685e+00
6.582704999999999806e+00
6.469952500000000661e+00
6.263918750000000202e+00
6.137138750000000087e+00
6.072640000000000704e+00
6.010043750000000351e+00
5.919681250000000006e+00
5.741521249999999910e+00
5.627096250000001021e+00
5.540478750000000119e+00
5.499802499999999483e+00
5.549542500000000267e+00
5.650830000000000020e+00
5.719632500000001230e+00
5.759712500000000013e+00
5.808349999999999902e+00
5.863945000000000185e+00
5.944143750000000281e+00
6.018523749999999950e+00
6.065078749999999630e+00
6.158747499999999597e+00
6.230131249999999454e+00
6.297481249999999697e+00
6.411662499999999376e+00
6.492986249999999515e+00
6.530938749999999793e+00
6.556376250000000461e+00
6.583392500000000425e+00
6.642572499999999991e+00
6.710541249999999458e+00
6.764555000000000540e+00
6.804953750000000134e+00
6.815870000000000317e+00
6.813076249999999945e+00
6.811300000000000132e+00
6.809279999999999333e+00
6.726935000000000109e+00
6.416146250000000606e+00
6.089786249999999512e+00
5.862301249999999797e+00
5.223329999999999806e+00
4.630316249999999911e+00
4.357851249999999510e+00
4.303042500000000103e+00
4.530904999999999738e+00
4.752633750000000212e+00
1.230836249999999854e+00
1.237757500000000066e+00
1.243984999999999896e+00
6.156912500000000232e-01
6.025774999999999881e-01
