8.812712499999999949e+00
1.181798750000000275e+01
9.181512499999998411e+00
8.413908749999999159e+00
8.013885000000001924e+00
7.706423749999999018e+00
7.410040000000000404e+00
7.179850000000000065e+00
7.019201250000000059e+00
6.886398749999999680e+00
6.764140000000000263e+00
6.646432499999998633e+00
6.565081250000000423e+00
6.458188749999999700e+00
6.419895000000000351e+00
6.405466249999999917e+00
6.393002500000000587e+00
6.384919999999999263e+00
6.379050000000000331e+00
6.374623749999999589e+00
6.371072499999999472e+00
6.368186249999999937e+00
6.364068749999999497e+00
6.359446249999999523e+00
6.355781250000000604e+00
6.352693749999999362e+00
6.349942500000000045e+00
6.347455000000000069e+00
6.345152500000001083e+00
6.343003750000000274e+00
6.340932500000000083e+00
6.338964999999999961e+00
6.337063750000000439e+00
6.335210000000000008e+00
6.332584999999999908e+00
6.329145000000000465e+00
6.325831250000000239e+00
6.322597499999999648e+00
6.320158750000000047e+00
6.318600000000000882e+00
6.316325000000000855e+00
6.313303750000000214e+00
6.310307499999999514e+00
6.307388749999999433e+00
6.304489999999999483e+00
6.302347499999999769e+00
6.300927500000000236e+00
6.299521249999999739e+00
6.298117500000000035e+00
6.297141249999999246e+00
6.296601250000000149e+00
6.296068749999999881e+00
6.295527499999999499e+00
6.294989999999999419e+00
6.294455000000000133e+00
6.293915000000000148e+00
6.293377499999999181e+00
6.292842499999999895e+00
6.292302499999999910e+00
6.291768749999999244e+00
6.291230000000000544e+00
6.290693749999999085e+00
6.290156249999999893e+00
6.289616249999999908e+00
6.288675000000000459e+00
6.287334999999999674e+00
6.285991249999999475e+00
6.284646249999999768e+00
6.282697499999999380e+00
6.280177500000000634e+00
6.277636250000000473e+00
6.275067500000000464e+00
6.272522500000000889e+00
6.269095000000000084e+00
6.264730000000000132e+00
6.260333749999999142e+00
6.256106250000000202e+00
6.252162499999999845e+00
6.248879999999999768e+00
6.244922499999999488e+00
6.240301249999999911e+00
6.236302499999999860e+00
6.232581249999999073e+00
6.228928750000000569e+00
6.224978750000000005e+00
6.220812500000000078e+00
6.216793749999999896e+00
6.212752499999999678e+00
6.208806250000000304e+00
6.206276250000000161e+00
6.204687500000000355e+00
6.201769999999999783e+00
6.193476249999999794e+00
6.182865000000000499e+00
6.174244999999999983e+00
6.157103750000000097e+00
6.140813749999999516e+00
6.130868750000000311e+00
6.116122500000001239e+00
6.104067499999999313e+00
6.097271250000000364e+00
6.091378750000001396e+00
6.083792499999999492e+00
6.078878750000000331e+00
6.064927500000000471e+00
6.041049999999999365e+00
6.018827499999999553e+00
5.991735000000000255e+00
5.970145000000000479e+00
5.954839999999999911e+00
5.934334999999999027e+00
5.917716250000000677e+00
5.903107500000000840e+00
5.884765000000000690e+00
5.862947500000000645e+00
5.832883750000000589e+00
5.807307500000000289e+00
5.788856250000000259e+00
5.763838750000000566e+00
5.723978750000000559e+00
5.658754999999999313e+00
5.558942499999999676e+00
5.428723750000000514e+00
5.294153749999999548e+00
5.212502500000000261e+00
5.060357500000000286e+00
5.246287500000000215e+00
5.072062500000000362e+00
4.883567500000000727e+00
4.671439999999999593e+00
4.315046249999999972e+00
3.971048749999999572e+00
3.651318750000000612e+00
3.771104999999999929e+00
2.106983750000000271e+02
8.568516249999998990e+01
1.329592500000000044e+01
9.995475000000000776e+00
8.665188749999998663e+00
8.182047499999999474e+00
7.840723750000000436e+00
7.550993750000000837e+00
7.346545000000000769e+00
7.027944999999998998e+00
6.803762499999999491e+00
6.691204999999999181e+00
6.593609999999999971e+00
6.508454999999999657e+00
6.407208749999999675e+00
6.197751249999999601e+00
7.026900000000000368e+00
6.424568749999999717e+00
6.291877499999999124e+00
6.208780000000000854e+00
6.151229999999999087e+00
6.129478749999998755e+00
6.094914999999999417e+00
5.598258750000000283e+00
3.417766250000000117e+00
7.676108750000000214e+01
7.461079999999999934e+00
3.245263750000000158e+01
3.614028749999999945e+01
3.434687500000000426e+01
3.029926249999999754e+01
2.591721250000000509e+01
2.491216249999999732e+01
2.324496249999999620e+01
2.103635000000000232e+01
1.936231250000000159e+01
1.815351249999999794e+01
1.760760000000000147e+01
1.647911249999999939e+01
1.583427499999999988e+01
1.541317500000000074e+01
1.461962500000000098e+01
1.365411250000000010e+01
1.302352499999999935e+01
1.201381250000000023e+01
1.066193750000000051e+01
9.938437500000000924e+00
9.288652499999999534e+00
8.565569999999999240e+00
7.909041249999999579e+00
7.331759999999999167e+00
6.888518749999999358e+00
6.548969999999999736e+00
6.440903750000000372e+00
6.335321249999999793e+00
6.141950000000000465e+00
6.022540000000000227e+00
5.961636249999999748e+00
5.902436250000000051e+00
5.816875000000000462e+00
5.650300000000000544e+00
5.544013750000000407e+00
5.465498750000000072e+00
5.428482500000000321e+00
5.363637500000000280e+00
5.398712500000000247e+00
5.433629999999999960e+00
5.456102500000000077e+00
5.483730000000001326e+00
5.515372500000000677e+00
5.567600000000000549e+00
5.619503749999999798e+00
5.652101250000000299e+00
5.702645000000000408e+00
5.729797499999999211e+00
5.759203750000000177e+00
5.809085000000000498e+00
5.810419999999999696e+00
5.812513750000000812e+00
5.813919999999999533e+00
5.816815000000000069e+00
5.827258750000000376e+00
5.807954999999999757e+00
5.766103750000000083e+00
5.735158750000000083e+00
5.686971249999999145e+00
5.631700000000001261e+00
5.588788749999999084e+00
5.518056250000000773e+00
5.248165000000000191e+00
4.663194999999999979e+00
4.189673750000000751e+00
3.855338750000000037e+00
3.078632500000000327e+00
2.467947500000000183e+00
2.219285000000000174e+00
2.180022500000000196e+00
2.445406250000000004e+00
2.682721249999999724e+00
7.236462500000000464e-01
7.324637499999999690e-01
7.320987500000000203e-01
3.566774999999999807e-01
3.451937500000000214e-01
