6.840350000000000819e+01
8.144584999999999297e+01
5.563382499999999453e+01
4.686282499999999374e+01
4.183689999999999998e+01
3.763390000000000413e+01
3.316417500000000018e+01
2.930635000000000190e+01
2.628780000000000072e+01
2.349798750000000069e+01
2.062623750000000200e+01
1.738716250000000230e+01
1.477566250000000281e+01
1.031329999999999991e+01
8.290546250000000228e+00
7.359117499999999978e+00
6.473842499999999944e+00
5.846878750000000124e+00
5.362977500000000397e+00
4.982644999999999769e+00
4.670588750000000289e+00
4.413163749999999830e+00
4.043988750000000465e+00
3.635372499999999896e+00
3.325854999999999340e+00
3.082592499999999625e+00
2.877911250000000365e+00
2.707135000000000069e+00
2.561486250000000187e+00
2.437501249999999953e+00
2.324952500000000200e+00
2.226053750000000164e+00
2.136454999999999771e+00
2.055122499999999963e+00
1.951704999999999801e+00
1.829523750000000115e+00
1.724712499999999871e+00
1.634235000000000104e+00
1.565911250000000088e+00
1.526691250000000055e+00
1.476651250000000193e+00
1.410073750000000015e+00
1.349743750000000020e+00
1.296857500000000218e+00
1.245266250000000019e+00
1.211551249999999857e+00
1.189957500000000001e+00
1.168564999999999854e+00
1.147161249999999910e+00
1.133131249999999923e+00
1.126513749999999980e+00
1.120012499999999855e+00
1.113420000000000076e+00
1.106823749999999995e+00
1.100278749999999972e+00
1.093690000000000051e+00
1.087099999999999955e+00
1.080576250000000016e+00
1.073983750000000015e+00
1.067452499999999915e+00
1.060882499999999951e+00
1.054313749999999938e+00
1.047726249999999970e+00
1.041169999999999929e+00
1.029637499999999983e+00
1.013251249999999937e+00
9.968511249999999491e-01
9.803938750000000812e-01
9.599713750000000712e-01
9.358599999999999142e-01
9.115712499999999441e-01
8.870172499999998683e-01
8.626827499999999427e-01
8.336207499999999104e-01
7.993861249999999474e-01
7.650542499999999357e-01
7.355803750000000640e-01
7.096639999999999615e-01
6.880946249999999598e-01
6.649834999999999496e-01
6.397454999999999670e-01
6.179120000000000168e-01
5.976112499999999272e-01
5.796713749999999887e-01
5.618733750000000082e-01
5.431191250000000359e-01
5.250716250000000418e-01
5.087399999999999700e-01
4.937657499999999478e-01
4.841559999999999753e-01
4.781328750000000127e-01
4.671276249999999353e-01
4.395561249999999087e-01
4.073876250000000310e-01
3.844201250000000014e-01
3.416571250000000060e-01
3.066052499999999958e-01
2.880071249999999750e-01
2.636056249999999546e-01
2.458931249999999624e-01
2.370953750000000249e-01
2.303903750000000084e-01
2.217574999999999963e-01
2.161641250000000125e-01
2.016505000000000103e-01
1.814939999999999887e-01
1.667596249999999947e-01
1.531603749999999875e-01
1.450813749999999847e-01
1.408118750000000308e-01
1.373381250000000053e-01
1.350295000000000245e-01
1.330243750000000003e-01
1.324548749999999997e-01
1.328981249999999781e-01
1.345506250000000070e-01
1.379854999999999832e-01
1.406379999999999852e-01
1.452316250000000031e-01
1.550941249999999716e-01
1.760857500000000131e-01
2.179562499999999903e-01
2.934013749999999643e-01
4.094256250000000152e-01
5.267484999999999529e-01
5.260256250000000300e+00
1.873038749999999908e+01
1.669250000000000123e+00
9.698990000000000666e-01
1.186770000000000103e+00
1.895458749999999970e+00
3.065469999999999917e+00
5.011541250000000502e+00
1.299798750000000069e+01
7.107827500000000782e+02
2.106721250000000225e+02
7.094143750000000637e+00
2.596565000000000012e+00
1.237182500000000074e+00
8.436930000000000263e-01
6.056952500000000184e-01
4.299218749999999534e-01
3.222490000000000077e-01
1.870166250000000197e-01
1.118077499999999835e-01
8.433282500000000015e-02
6.568242500000000261e-02
5.688717499999999816e-02
6.671620000000000328e-02
5.293092500000000200e+00
1.064681874999999955e+01
7.092652500000000415e-02
2.227878750000000102e-02
1.861232500000000248e-02
6.360102499999999992e-01
2.439645000000000008e-02
1.801046250000000112e-02
6.670798749999999611e-02
1.924501250000000052e+00
5.741252500000000225e+01
3.544451250000000275e-01
1.674789999999999779e+01
6.238868749999999075e+00
5.565089999999999648e+00
4.263203750000000625e+00
3.018673749999999600e+00
2.775397499999999962e+00
2.391632500000000050e+00
1.928865000000000052e+00
1.625648749999999865e+00
1.410688749999999825e+00
1.327825000000000033e+00
1.158923750000000252e+00
1.071142500000000108e+00
1.016769999999999952e+00
9.143196250000000802e-01
7.985147500000000509e-01
7.286510000000000487e-01
6.253658749999999600e-01
4.975732500000000225e-01
4.331946249999999443e-01
3.767528749999999871e-01
3.146093749999999689e-01
2.588749999999999662e-01
2.104007499999999697e-01
1.752031249999999873e-01
1.495752499999999929e-01
1.418033750000000093e-01
1.346307499999999935e-01
1.219673750000000029e-01
1.145978750000000018e-01
1.110051250000000100e-01
1.076076249999999984e-01
1.028069999999999817e-01
9.122030000000000416e-02
8.308561250000000287e-02
7.498010000000000785e-02
6.570356250000000675e-02
5.442656250000000445e-02
4.909725000000000894e-02
4.643676249999999922e-02
4.552242499999999831e-02
4.452790000000000220e-02
4.342146250000000068e-02
4.252586249999999735e-02
4.205994999999999873e-02
4.177446250000000499e-02
4.116438749999999647e-02
4.067556249999999818e-02
4.039581250000000290e-02
4.014871249999999586e-02
3.932919999999999472e-02
3.894859999999999989e-02
3.869537499999999713e-02
3.850776250000000067e-02
3.833904999999999952e-02
3.722608750000000466e-02
3.568845000000000350e-02
3.458376249999999680e-02
3.312509999999999760e-02
3.155548749999999986e-02
3.037706249999999955e-02
2.852188749999999551e-02
2.359512499999999804e-02
1.694232500000000113e-02
1.325073749999999828e-02
1.109852500000000144e-02
6.647247499999999962e-03
3.360496250000000011e-03
1.929878749999999928e-03
8.395902499999999529e-04
9.240286249999999117e-04
1.063603750000000027e-03
2.517350000000000013e-04
2.508624999999999787e-04
2.526450000000000180e-04
1.325287499999999871e-04
1.407162499999999896e-04
