8.289549999999999272e+02
9.914273749999999836e+02
6.807500000000000000e+02
5.754900000000000091e+02
5.152535000000000309e+02
4.649258750000000191e+02
4.114506249999999454e+02
3.653283749999999941e+02
3.292592500000000086e+02
2.959332499999999300e+02
2.616302499999999895e+02
2.229334999999999809e+02
1.917173749999999757e+02
1.381991250000000093e+02
1.138187499999999943e+02
1.025081249999999926e+02
9.170667500000001837e+01
8.400284999999999513e+01
7.801371249999999691e+01
7.327514999999999645e+01
6.936581250000000409e+01
6.612069999999999936e+01
6.142539999999999623e+01
5.617139999999999134e+01
5.213223750000000223e+01
4.887988750000000238e+01
4.619777500000000003e+01
4.390555000000000518e+01
4.192206249999999557e+01
4.018456249999999841e+01
3.865742499999999637e+01
3.730132499999999851e+01
3.605516250000000156e+01
3.491397500000000065e+01
3.345193749999999966e+01
3.171533750000000040e+01
3.021873750000000314e+01
2.892014999999999958e+01
2.793952499999999972e+01
2.737552499999999611e+01
2.665398749999999950e+01
2.569396249999999782e+01
2.482523750000000007e+01
2.406512499999999832e+01
2.332399999999999451e+01
2.284163750000000093e+01
2.253303749999999894e+01
2.222732500000000044e+01
2.192147500000000093e+01
2.171741250000000178e+01
2.161570000000000036e+01
2.151581249999999912e+01
2.141446250000000262e+01
2.131312500000000298e+01
2.121246250000000089e+01
2.111122500000000102e+01
2.100996249999999677e+01
2.090963750000000232e+01
2.080834999999999724e+01
2.070792500000000302e+01
2.060694999999999766e+01
2.050803750000000036e+01
2.042147500000000093e+01
2.033745000000000047e+01
2.018962499999999949e+01
1.997962499999999864e+01
1.976943749999999866e+01
1.955848749999999825e+01
1.928600000000000136e+01
1.895572499999999749e+01
1.862297500000000028e+01
1.828661250000000038e+01
1.795325000000000060e+01
1.756392499999999757e+01
1.711291250000000019e+01
1.666106249999999989e+01
1.628470000000000084e+01
1.595956250000000054e+01
1.568895000000000017e+01
1.539944999999999986e+01
1.508528750000000151e+01
1.485162500000000207e+01
1.464920000000000044e+01
1.447172500000000106e+01
1.429712499999999942e+01
1.414603750000000204e+01
1.402408750000000026e+01
1.393776249999999806e+01
1.387659999999999982e+01
1.386586250000000042e+01
1.386981250000000010e+01
1.388003750000000025e+01
1.415556249999999849e+01
1.505674999999999919e+01
1.683653749999999860e+01
3.748834999999999695e+01
3.503037499999999795e+02
7.421300000000000182e+03
1.205239999999999867e+02
3.795921249999999247e+01
2.904487500000000111e+01
2.455412500000000264e+01
2.093309999999999960e+01
1.932537500000000108e+01
1.655519999999999925e+01
1.388878750000000117e+01
1.258541249999999856e+01
1.163013750000000002e+01
1.109021249999999981e+01
1.079983750000000065e+01
1.047627500000000111e+01
1.025673749999999984e+01
1.008783749999999912e+01
9.908096249999999827e+00
9.714325000000000543e+00
9.483510000000000773e+00
9.312621250000001183e+00
9.195012500000000699e+00
9.046298750000000055e+00
8.916049999999998477e+00
2.109561249999999788e+01
8.155647499999998828e+00
7.376057499999999933e+00
5.710629999999999882e+02
4.303732499999999277e+02
1.822662499999999852e+01
1.221918750000000209e+01
1.119521250000000023e+01
1.045506250000000037e+01
9.924309999999998411e+00
9.449654999999999916e+00
9.191570000000002238e+00
9.005162500000000847e+00
8.810768749999999372e+00
8.511684999999998169e+00
8.157231249999998823e+00
8.134545000000001025e+00
2.953295000000000314e+01
5.398122499999999491e+01
7.456862499999999727e+02
1.786004999999999754e+01
1.162968750000000107e+01
1.042327500000000029e+01
9.397937499999999389e+00
8.820343750000001037e+00
8.503196250000000234e+00
8.163076249999999590e+00
7.713940000000000019e+00
6.694994999999998697e+00
1.448584999999999923e+02
9.140890000000000626e+00
7.010942500000000521e+00
1.941825000000000045e+02
2.919758750000000092e+01
1.103599999999999852e+02
1.133667500000000139e+01
1.029842499999999994e+01
4.724377500000000651e+01
2.278751250000000255e+02
1.415017499999999906e+01
5.514535000000000764e+01
1.450239999999999974e+01
1.393112499999999976e+01
3.759023750000000774e+01
2.389728749999999735e+01
1.832123750000000229e+01
1.559353750000000005e+01
2.634142499999999742e+01
2.207443749999999483e+01
2.041777499999999534e+01
2.061626249999999771e+01
2.046541249999999934e+01
2.013448749999999876e+01
1.987553750000000008e+01
1.967026249999999976e+01
1.898598750000000024e+01
1.778122500000000272e+01
1.714827499999999816e+01
1.635472499999999840e+01
1.537591249999999832e+01
1.479912500000000009e+01
1.427030000000000065e+01
1.350312500000000071e+01
1.277698750000000061e+01
1.219259999999999877e+01
1.178851249999999951e+01
1.151764999999999972e+01
1.146698750000000189e+01
1.140136249999999940e+01
1.129628750000000004e+01
1.123114999999999952e+01
1.119098750000000031e+01
1.114357499999999845e+01
1.106320000000000014e+01
1.175934999999999953e+01
1.144937499999999986e+01
1.105447500000000005e+01
1.044825000000000159e+01
9.815014999999998935e+00
9.309145000000000891e+00
8.989238750000000167e+00
8.857601250000000093e+00
8.704512500000001651e+00
8.529101250000000078e+00
8.307935000000000514e+00
8.123065000000000424e+00
8.008582499999999271e+00
7.799018750000000111e+00
7.647992499999999971e+00
7.514617499999999950e+00
7.306113749999999740e+00
7.169635000000001313e+00
7.109296249999999873e+00
7.071063749999999537e+00
7.029725000000000890e+00
6.944855000000000445e+00
6.850469999999999615e+00
6.788252499999999579e+00
6.766775000000000873e+00
6.769467500000000193e+00
6.777572499999998890e+00
6.788325000000000387e+00
6.818616249999999823e+00
6.966533749999999969e+00
7.295773750000000391e+00
7.539908750000000381e+00
7.694607500000000044e+00
7.864428749999998303e+00
7.718748749999999603e+00
7.317602500000000454e+00
6.538411250000000230e+00
5.933433750000000728e+00
5.650694999999999801e+00
1.422646250000000112e+00
1.434933749999999897e+00
1.456616249999999946e+00
7.545787499999999648e-01
7.742562499999999792e-01
