1.876791250000000133e+01
2.691210000000000235e+01
2.204659999999999798e+01
2.072569999999999979e+01
2.005702499999999944e+01
1.955225000000000080e+01
1.907199999999999918e+01
1.870162499999999994e+01
1.844328750000000028e+01
1.822850000000000037e+01
1.802842499999999859e+01
1.782987500000000125e+01
1.768517500000000098e+01
1.745071249999999807e+01
1.733119999999999550e+01
1.726002500000000239e+01
1.717576250000000115e+01
1.709967500000000129e+01
1.702717499999999973e+01
1.695798749999999799e+01
1.689063749999999686e+01
1.682503750000000053e+01
1.671323749999999819e+01
1.655845000000000056e+01
1.640902499999999975e+01
1.626373749999999774e+01
1.612252499999999955e+01
1.598461250000000078e+01
1.585021249999999959e+01
1.571882499999999894e+01
1.559066250000000053e+01
1.546584999999999965e+01
1.534350000000000058e+01
1.522323749999999798e+01
1.505235000000000056e+01
1.482788749999999922e+01
1.461348749999999974e+01
1.440644999999999953e+01
1.425008750000000113e+01
1.415182500000000054e+01
1.401140000000000008e+01
1.382459999999999845e+01
1.364315000000000033e+01
1.346995000000000076e+01
1.329858750000000001e+01
1.317562500000000014e+01
1.309481250000000152e+01
1.301474999999999937e+01
1.293463749999999735e+01
1.287948749999999976e+01
1.284934999999999938e+01
1.281975000000000087e+01
1.278969999999999807e+01
1.275968750000000007e+01
1.272987499999999983e+01
1.269986250000000005e+01
1.266987500000000111e+01
1.264013749999999980e+01
1.261011249999999961e+01
1.258037499999999831e+01
1.255046250000000008e+01
1.252074999999999960e+01
1.249241250000000036e+01
1.246443749999999895e+01
1.241522499999999951e+01
1.234532499999999899e+01
1.227534999999999776e+01
1.220510000000000161e+01
1.210518749999999955e+01
1.197701250000000073e+01
1.184786249999999974e+01
1.171731250000000202e+01
1.158795000000000108e+01
1.141777500000000067e+01
1.120379999999999932e+01
1.098846249999999891e+01
1.078318749999999682e+01
1.059255000000000102e+01
1.043387500000000045e+01
1.023983750000000015e+01
1.001142500000000268e+01
9.814953750000000809e+00
9.632654999999999745e+00
9.446502499999999358e+00
9.239269999999997651e+00
9.017490000000000450e+00
8.800673749999999629e+00
8.567864999999999398e+00
8.332217499999998722e+00
8.174986249999999899e+00
8.074191249999998377e+00
7.887917500000000359e+00
7.278122499999999384e+00
6.356391249999999715e+00
5.392920000000001046e+00
2.450132500000000046e+00
1.643476250000000149e+01
8.762871249999999463e+02
4.092300000000000182e+01
2.221981250000000330e+01
1.930352499999999694e+01
1.765084999999999837e+01
1.618252499999999827e+01
1.547583750000000080e+01
1.412225000000000108e+01
1.264493749999999928e+01
1.181107499999999888e+01
1.113309999999999889e+01
1.072336250000000035e+01
1.049186249999999987e+01
1.022593750000000057e+01
1.004002499999999998e+01
9.893702499999999844e+00
9.734108750000000754e+00
9.559087499999998627e+00
9.344149999999999068e+00
9.180267499999999359e+00
9.064261249999999492e+00
8.910671250000000043e+00
8.637432500000000957e+00
8.546051250000001431e+00
7.895543749999999861e+00
6.335306250000000361e+00
1.212380000000000138e+02
1.160352500000000049e+02
1.486931249999999949e+01
1.147012499999999946e+01
1.073427500000000023e+01
1.016228749999999792e+01
9.723143750000001972e+00
9.305714999999999293e+00
9.065693749999999440e+00
8.886534999999998519e+00
8.691552500000000236e+00
8.377461249999999637e+00
7.964861250000000226e+00
7.275799999999999379e+00
7.131693750000000165e+00
1.326732499999999959e+01
1.988252500000000111e+02
1.500738750000000010e+01
1.116344999999999921e+01
1.021178750000000157e+01
9.311834999999998530e+00
8.769293749999999221e+00
8.456087500000000645e+00
8.111763749999999717e+00
7.637388749999999504e+00
6.339387499999999065e+00
4.719696249999999793e+01
8.889319999999999666e+00
6.809402500000000025e+00
1.226876249999999970e+02
1.212012499999999804e+01
5.151688750000000994e+01
1.121556250000000077e+01
1.024132499999999979e+01
2.897389999999999688e+01
1.596346250000000282e+02
1.322071250000000120e+01
1.953960000000000008e+01
1.122136249999999791e+01
1.023730000000000118e+01
2.594088749999999877e+01
1.687531249999999972e+01
1.368011249999999812e+01
1.049072500000000119e+01
2.221293750000000244e+01
1.887127500000000069e+01
1.716768749999999955e+01
1.791982499999999945e+01
1.785907500000000070e+01
1.772582500000000039e+01
1.762156249999999957e+01
1.752937499999999815e+01
1.701026249999999962e+01
1.603982500000000044e+01
1.553573750000000153e+01
1.491569999999999929e+01
1.414478749999999962e+01
1.368599999999999994e+01
1.325859999999999950e+01
1.263837499999999991e+01
1.205037500000000072e+01
1.157920000000000016e+01
1.125963749999999841e+01
1.101783750000000062e+01
1.094523750000000106e+01
1.085615000000000130e+01
1.069098750000000031e+01
1.057918750000000152e+01
1.051456250000000026e+01
1.044241249999999965e+01
1.032718750000000085e+01
1.091237500000000082e+01
1.050784999999999947e+01
1.000678749999999972e+01
9.236015000000000086e+00
8.421235000000001136e+00
7.737756249999999447e+00
7.278134999999999799e+00
7.073708749999999768e+00
6.824956249999999613e+00
6.530243749999999459e+00
6.136477499999999807e+00
5.873890000000000278e+00
5.719478749999999501e+00
5.378701250000000655e+00
5.109618749999999210e+00
4.846202500000000413e+00
4.493244999999999933e+00
4.399063749999999828e+00
4.362652499999999378e+00
4.332533750000000516e+00
4.308056249999999920e+00
4.227195000000000036e+00
4.028867499999999602e+00
3.863543749999999832e+00
3.783786249999999463e+00
3.714119999999999866e+00
3.667288750000000430e+00
3.655781249999999538e+00
3.625133750000000266e+00
3.540463750000000687e+00
3.650461249999999769e+00
3.834507499999999958e+00
3.968954999999999789e+00
4.220085000000000086e+00
4.251782500000000020e+00
4.117637499999999839e+00
3.602069999999999883e+00
2.803452500000000125e+00
2.485653749999999995e+00
6.581987499999999436e-01
6.727749999999999009e-01
6.822362499999999885e-01
3.743437499999999751e-01
4.143700000000000161e-01
