8.096475000000000364e+02
9.638730000000000473e+02
6.582657500000000255e+02
5.543956249999999955e+02
4.948671250000000441e+02
4.450777500000000373e+02
3.921179999999999950e+02
3.463966249999999718e+02
3.106096250000000509e+02
2.775201250000000073e+02
2.434399999999999977e+02
2.049675000000000011e+02
1.739167500000000075e+02
1.206682500000000147e+02
9.642323749999999905e+01
8.519137499999999363e+01
7.448141250000000468e+01
6.685872499999999263e+01
6.094601249999999482e+01
5.627972500000000622e+01
5.244028750000000372e+01
4.926289999999999480e+01
4.468247499999999661e+01
3.958663750000000192e+01
3.569944999999999879e+01
3.259448749999999961e+01
3.005525000000000091e+01
2.790237500000000281e+01
2.605452499999999816e+01
2.444946250000000276e+01
2.305144999999999911e+01
2.182097500000000068e+01
2.069791250000000105e+01
1.967766249999999673e+01
1.838736250000000183e+01
1.687625000000000242e+01
1.559486249999999785e+01
1.450407499999999850e+01
1.368036250000000109e+01
1.321495000000000175e+01
1.263417500000000082e+01
1.186146250000000180e+01
1.117464999999999975e+01
1.058813749999999843e+01
1.001877499999999976e+01
9.659616249999999127e+00
9.431986249999999572e+00
9.206474999999999298e+00
8.980885000000000673e+00
8.832084999999999297e+00
8.760564999999999714e+00
8.690317500000000805e+00
8.619031250000000810e+00
8.547771250000000265e+00
8.476998749999999916e+00
8.405801249999999669e+00
8.334582499999999783e+00
8.264031250000000384e+00
8.192804999999999893e+00
8.122188749999999402e+00
8.051173750000000240e+00
7.981988749999999300e+00
7.923797500000000049e+00
7.867790000000000283e+00
7.769247499999999640e+00
7.629256250000000961e+00
7.489126249999999985e+00
7.348522499999999624e+00
7.176067500000000265e+00
6.974094999999999267e+00
6.770632499999999609e+00
6.564951250000000904e+00
6.361106250000000628e+00
6.142117499999999453e+00
5.905248750000000157e+00
5.668872499999999093e+00
5.497910000000000075e+00
5.363507500000000761e+00
5.251648750000000199e+00
5.156266249999999829e+00
5.070591250000000549e+00
5.033430000000000959e+00
5.013300000000000090e+00
5.021986250000000318e+00
5.054621250000000288e+00
5.125262499999999832e+00
5.220076250000000861e+00
5.366482500000000044e+00
5.540871249999999471e+00
5.687292499999998974e+00
5.791961250000000838e+00
5.988344999999999807e+00
6.873126249999999438e+00
8.694972500000000437e+00
1.143656249999999908e+01
3.501686250000000200e+01
3.336662499999999909e+02
6.541042500000000473e+03
7.955259999999999820e+01
1.572974999999999923e+01
9.735373750000000825e+00
6.899006250000000229e+00
4.747616250000000093e+00
3.847126250000000081e+00
2.431404999999999816e+00
1.243051249999999941e+00
7.738319999999999643e-01
4.967039999999999789e-01
3.665783750000000119e-01
3.077616250000000386e-01
2.501572499999999977e-01
2.165431250000000030e-01
1.939937499999999926e-01
1.738500000000000045e-01
1.551151249999999926e-01
1.392507500000000065e-01
1.322532500000000166e-01
1.306536249999999955e-01
1.355314999999999714e-01
2.784713749999999655e-01
1.254744999999999955e+01
2.599792499999999951e-01
1.040370000000000017e+00
4.496762500000000387e+02
3.142341250000000059e+02
3.356178750000000210e+00
7.487698750000000292e-01
4.607533750000000206e-01
2.926481249999999812e-01
2.010666249999999988e-01
1.438573750000000095e-01
1.258015000000000105e-01
1.185534999999999922e-01
1.191424999999999984e-01
1.341396250000000123e-01
1.922362499999999974e-01
8.571298750000000410e-01
2.234553750000000250e+01
4.071374999999999744e+01
5.468609999999999900e+02
2.852581250000000068e+00
4.661730000000000040e-01
2.114380000000000148e-01
8.604685000000000805e-02
5.099352499999999788e-02
4.705036250000000503e-02
5.124969999999999526e-02
7.647392500000001203e-02
3.554734999999999978e-01
9.764488749999999584e+01
2.514107500000000162e-01
2.012523749999999834e-01
7.140272500000000377e+01
1.701732499999999959e+01
5.815493750000000261e+01
1.199825000000000058e-01
5.668121249999999445e-02
1.822369999999999735e+01
6.819402500000001055e+01
9.291618749999999149e-01
3.555356249999999818e+01
3.278497499999999842e+00
3.664367500000000000e+00
1.157060375000000008e+01
6.850515000000000576e+00
4.203502499999999920e+00
5.029471250000000282e+00
4.055914999999999715e+00
3.186415000000000219e+00
3.236721250000000438e+00
2.688544999999999963e+00
2.599206250000000384e+00
2.403183750000000174e+00
2.249814999999999898e+00
2.137583750000000116e+00
1.971672499999999939e+00
1.734965000000000090e+00
1.604942499999999939e+00
1.429993749999999952e+00
1.218971249999999840e+00
1.099625000000000075e+00
9.989111249999998998e-01
8.529079999999999995e-01
7.159769999999999746e-01
6.026261250000000125e-01
5.142272500000000246e-01
4.498048749999999374e-01
4.313445000000000196e-01
4.086986249999999266e-01
3.752043749999999789e-01
3.572171249999999687e-01
3.468222499999999986e-01
3.352127500000000038e-01
3.166780000000000150e-01
2.731739999999999724e-01
2.454081250000000325e-01
2.216964999999999908e-01
1.962377499999999886e-01
1.807757500000000128e-01
1.743735000000000146e-01
1.715838749999999691e-01
1.706122500000000208e-01
1.695504999999999651e-01
1.684015000000000095e-01
1.669935000000000169e-01
1.658498749999999800e-01
1.651506249999999953e-01
1.645971249999999830e-01
1.648272499999999807e-01
1.647109999999999963e-01
1.621791250000000073e-01
1.555891249999999948e-01
1.499531249999999927e-01
1.457142500000000174e-01
1.408296249999999861e-01
1.292379999999999918e-01
1.115989999999999760e-01
9.657848749999999038e-02
8.842476250000000371e-02
8.369407499999999278e-02
8.023727499999999679e-02
7.783123749999999730e-02
7.432022500000001752e-02
6.675124999999999809e-02
5.625682499999999642e-02
4.983126250000000090e-02
4.516780000000000100e-02
3.353040000000000187e-02
2.214593750000000069e-02
1.479998750000000030e-02
7.589107500000000055e-03
5.009113750000000406e-03
3.859337499999999747e-03
7.561262500000000622e-04
7.231087500000000145e-04
6.791625000000000353e-04
3.056499999999999755e-04
2.948187500000000070e-04
