1.339604999999999890e+01
1.766876249999999970e+01
1.350678749999999972e+01
1.225842499999999902e+01
1.159448749999999961e+01
1.107418750000000074e+01
1.056026250000000033e+01
1.014967499999999845e+01
9.853451249999999106e+00
9.599828750000000355e+00
9.357336250000001243e+00
9.109822499999999934e+00
8.927761249999999649e+00
8.658508749999999310e+00
8.549963749999999862e+00
8.504413749999999439e+00
8.463017499999999416e+00
8.434916250000000559e+00
8.413920000000000954e+00
8.397846249999998847e+00
8.384923750000000453e+00
8.374473749999999939e+00
8.359791250000000673e+00
8.343938750000001292e+00
8.332230000000000913e+00
8.323213750000000744e+00
8.315748750000000911e+00
8.309613750000000465e+00
8.304438749999999203e+00
8.300086250000001442e+00
8.296161250000000820e+00
8.292751250000000240e+00
8.289677500000001586e+00
8.286908750000000268e+00
8.283409999999999940e+00
8.279313750000000027e+00
8.275821249999999907e+00
8.272832499999999811e+00
8.270573750000000501e+00
8.269284999999999997e+00
8.267642500000000894e+00
8.265461249999999538e+00
8.263486249999999700e+00
8.261760000000000659e+00
8.260073750000000103e+00
8.258968749999999304e+00
8.258262500000000728e+00
8.257562500000000583e+00
8.256860000000001421e+00
8.256399999999999295e+00
8.256180000000000518e+00
8.255963749999999379e+00
8.255747500000000016e+00
8.255528749999999860e+00
8.255311250000000101e+00
8.255089999999997374e+00
8.254872499999999391e+00
8.254658750000000822e+00
8.254440000000000666e+00
8.254220000000001889e+00
8.254003749999998973e+00
8.253786250000000990e+00
8.253568749999999454e+00
8.253349999999999298e+00
8.252967500000000456e+00
8.252425000000000566e+00
8.251881250000000279e+00
8.251334999999999198e+00
8.250647499999999468e+00
8.249828749999998934e+00
8.249000000000000554e+00
8.248166250000000588e+00
8.247338750000000829e+00
8.246330000000000382e+00
8.245125000000001592e+00
8.243917500000000231e+00
8.242852499999999694e+00
8.241899999999999338e+00
8.241110000000000824e+00
8.240277499999999478e+00
8.239371249999999591e+00
8.238588749999999905e+00
8.237863749999998930e+00
8.237126250000001093e+00
8.236306250000000162e+00
8.235443749999999952e+00
8.234614999999999796e+00
8.233892499999999615e+00
8.233248749999999561e+00
8.232833750000001061e+00
8.232573750000000246e+00
8.232096249999999671e+00
8.230673750000001121e+00
8.228923749999999870e+00
8.227615000000000123e+00
8.225049999999999528e+00
8.222696250000000262e+00
8.221321250000000802e+00
8.219310000000000116e+00
8.217602499999999921e+00
8.216657499999998393e+00
8.215858749999998878e+00
8.214831249999999585e+00
8.214161250000000081e+00
8.212276250000000388e+00
8.209065000000000722e+00
8.206089999999999662e+00
8.202534999999999243e+00
8.199708749999999213e+00
8.197702500000001891e+00
8.195127499999999898e+00
8.193063749999998535e+00
8.191251250000000539e+00
8.189107500000000428e+00
8.186633749999998599e+00
8.183337500000000375e+00
8.180755000000001331e+00
8.178910000000000124e+00
8.176574999999999704e+00
8.173249999999999460e+00
8.168463750000000800e+00
8.162361250000000013e+00
8.156398749999999254e+00
8.151923749999999913e+00
8.149878749999999172e+00
8.147577500000000583e+00
8.145232500000000542e+00
8.143601249999999681e+00
8.141567499999998958e+00
8.139210000000000278e+00
8.136041249999999891e+00
8.133731250000000301e+00
8.131861250000000041e+00
8.129753750000000778e+00
8.126522500000000093e+00
8.123210000000000264e+00
8.120120000000000005e+00
8.116853749999998868e+00
8.113377500000000353e+00
8.110993749999998670e+00
8.108451249999999888e+00
8.105448749999998981e+00
8.102517500000001149e+00
8.095066250000000352e+00
8.086928750000000221e+00
8.080597499999999656e+00
8.073859999999999815e+00
8.066647500000000193e+00
8.057966249999999775e+00
8.049871249999998923e+00
8.043998750000000086e+00
8.034091250000001239e+00
8.016777499999999890e+00
7.999446250000000092e+00
7.985777500000000195e+00
7.975497499999999462e+00
7.968953749999999836e+00
7.915033750000000090e+00
7.854058750000000089e+00
7.837356250000000912e+00
7.824297500000000127e+00
7.800998749999999760e+00
7.749233750000000143e+00
7.707015000000000171e+00
7.574154999999999305e+00
7.402657500000000113e+00
7.352958749999999988e+00
7.270996250000001382e+00
7.151692500000000230e+00
7.049422500000000369e+00
6.984058749999999982e+00
6.947042499999999343e+00
7.011481250000000109e+00
6.832024999999999793e+00
6.804016250000000987e+00
6.758647500000000363e+00
6.701658749999999110e+00
6.664037499999999170e+00
6.604512499999999342e+00
6.522121249999999648e+00
6.477631249999999064e+00
6.436752499999998989e+00
6.392190000000000261e+00
7.110667500000000807e+00
6.285910000000001219e+00
6.532258749999999559e+00
1.754229999999999734e+01
6.544146249999999831e+00
6.440278750000000940e+00
6.439632500000000093e+00
6.073757500000000142e+00
6.905058750000000245e+00
6.106152499999999428e+00
6.048062500000000341e+00
5.933653750000000393e+00
6.076335000000000264e+00
6.094675000000000509e+00
7.187948750000000331e+00
6.014485000000000525e+00
6.062776250000000644e+00
6.298192500000000749e+00
5.979951250000000940e+00
5.414976250000000491e+00
7.388481250000000777e+00
6.169513749999999241e+00
6.356029999999999625e+00
6.481733750000000072e+00
6.594725000000001280e+00
6.640497499999999498e+00
6.682133750000001093e+00
6.745468750000000568e+00
6.780453749999999502e+00
6.794248749999999504e+00
6.803722500000000117e+00
6.814658750000001319e+00
6.841482499999999689e+00
6.853994999999999393e+00
6.845807499999999379e+00
6.839271249999998581e+00
6.822091249999999718e+00
6.797873749999999049e+00
6.774374999999999147e+00
6.724777500000000963e+00
6.540696249999999878e+00
6.117088749999999742e+00
5.773096250000000040e+00
5.516610000000000014e+00
5.016412499999999497e+00
4.677056249999999693e+00
4.550359999999999516e+00
4.565809999999999924e+00
4.767881250000000293e+00
4.910268750000000182e+00
1.221962500000000063e+00
1.216096250000000101e+00
1.206056250000000052e+00
5.906574999999999465e-01
5.794187499999999824e-01
