2.043802499999999966e+00
2.433753750000000160e+00
1.662671250000000045e+00
1.400688750000000038e+00
1.250578749999999850e+00
1.125057500000000044e+00
9.915832499999999161e-01
8.763938749999999889e-01
7.862764999999999338e-01
7.030016249999998523e-01
6.172954999999999970e-01
5.206604999999999706e-01
4.427824999999999678e-01
3.098717500000000014e-01
2.497238750000000118e-01
2.220864999999999922e-01
1.958631249999999990e-01
1.773281249999999754e-01
1.630504999999999871e-01
1.518508750000000240e-01
1.426798749999999838e-01
1.351303749999999693e-01
1.243291249999999987e-01
1.124163749999999851e-01
1.034333749999999941e-01
9.640511250000000087e-02
9.051270000000000149e-02
8.561671250000001121e-02
8.145751249999999555e-02
7.793202499999998811e-02
7.474064999999999181e-02
7.194658750000000602e-02
6.942262499999998782e-02
6.713892499999998820e-02
6.424870000000000581e-02
6.085046250000000073e-02
5.794978750000000234e-02
5.545999999999999541e-02
5.357989999999999975e-02
5.250545000000000212e-02
5.114317499999999905e-02
4.933057499999999457e-02
4.769387499999999669e-02
4.626576249999999474e-02
4.487352499999999744e-02
4.396783750000000240e-02
4.338855000000000489e-02
4.281464999999999577e-02
4.224056249999999513e-02
4.186463749999999595e-02
4.168829999999999758e-02
4.151506249999999815e-02
4.133928749999999513e-02
4.116358750000000122e-02
4.098903749999999874e-02
4.081350000000000255e-02
4.063786250000000350e-02
4.046388749999999673e-02
4.028825000000000461e-02
4.011412500000000048e-02
3.993898750000000192e-02
3.976390000000000480e-02
3.958840000000000275e-02
3.941366249999999488e-02
3.910623750000000176e-02
3.866952500000000320e-02
3.823238749999999936e-02
3.779373750000000060e-02
3.725074999999999914e-02
3.661087499999999412e-02
3.596626249999999858e-02
3.531458750000000119e-02
3.466876249999999854e-02
3.389730000000000520e-02
3.298836249999999998e-02
3.207678750000000217e-02
3.129213749999999739e-02
3.060118749999999818e-02
3.002611250000000037e-02
2.944640000000000105e-02
2.883845000000000158e-02
2.831247500000000014e-02
2.782326249999999418e-02
2.732631250000000164e-02
2.677512500000000378e-02
2.619432500000000094e-02
2.563693749999999827e-02
2.518571249999999873e-02
2.480299999999999866e-02
2.455740000000000006e-02
2.440347500000000086e-02
2.412002500000000327e-02
2.327711250000000232e-02
2.228240000000000082e-02
2.159919999999999549e-02
2.030722500000000166e-02
1.920747500000000163e-02
1.862653749999999830e-02
1.783309999999999756e-02
1.715958750000000019e-02
1.681617500000000265e-02
1.655402499999999999e-02
1.621652499999999900e-02
1.599782500000000024e-02
1.540896249999999974e-02
1.451116249999999906e-02
1.377348750000000066e-02
1.301746249999999848e-02
1.246726249999999953e-02
1.208459999999999916e-02
1.166772500000000032e-02
1.135134999999999963e-02
1.107408750000000129e-02
1.078532500000000185e-02
1.047604999999999890e-02
1.008151249999999881e-02
9.807697500000000373e-03
9.615487500000000423e-03
9.398310000000001732e-03
9.138881249999999609e-03
8.765361249999999160e-03
8.289504999999999096e-03
7.891582500000000888e-03
7.648331250000000268e-03
7.537274999999999531e-03
7.412053749999999649e-03
7.284667500000000483e-03
7.196036250000000141e-03
7.089828749999999014e-03
6.990598750000000250e-03
6.860686249999999389e-03
6.766031250000000344e-03
6.689248750000000542e-03
6.602839999999999578e-03
6.470425000000000135e-03
6.347406250000000617e-03
6.246547500000000468e-03
6.139971250000000012e-03
6.026543750000000130e-03
5.948751249999999387e-03
5.867789999999999465e-03
5.787701250000000866e-03
5.713066250000000020e-03
5.523172500000000408e-03
5.315789999999999058e-03
5.163622499999999393e-03
5.027044999999999951e-03
4.884651250000000139e-03
4.714218750000000527e-03
4.575623749999999622e-03
4.481456249999999850e-03
4.324496250000000458e-03
4.081595000000000362e-03
3.867648750000000045e-03
3.719301249999999379e-03
3.607743749999999666e-03
3.536747499999999978e-03
3.080286249999999657e-03
2.653942500000000017e-03
2.556607499999999540e-03
2.487950000000000057e-03
2.370631250000000082e-03
2.137522499999999943e-03
1.977742499999999952e-03
1.588913749999999996e-03
1.222528749999999892e-03
1.144098750000000116e-03
1.037277499999999814e-03
9.122314999999999547e-04
8.330476250000000589e-04
7.912597500000000334e-04
7.728292499999999191e-04
9.029759999999999176e-02
7.790027500000000320e-04
7.202029999999999890e-04
7.025253750000000873e-04
6.889372500000000114e-04
6.818257499999999830e-04
6.739013750000000984e-04
6.660177500000000151e-04
6.636593749999999481e-04
6.626495000000000258e-04
6.665913750000000346e-04
1.652856249999999942e-03
6.616178750000000592e-04
1.187419999999999795e-03
1.292752500000000047e-03
6.744261250000000395e-04
1.105541375000000052e-03
9.359171250000001283e-04
6.691633750000000906e-04
1.428013750000000151e-03
6.610150000000000400e-04
6.604595000000001298e-04
6.603303750000000076e-04
7.035738750000000621e-04
7.071528750000000358e-04
7.752826250000000724e-04
7.023036250000000381e-04
7.132523749999999593e-04
7.207515000000001143e-04
6.755453749999999627e-04
6.897854999999998961e-04
7.000615000000000396e-04
7.206460000000000253e-04
7.373288749999999583e-04
7.485721250000000170e-04
7.736379999999998865e-04
7.940266250000000813e-04
8.161158749999999342e-04
8.591486250000001127e-04
8.991306250000000427e-04
9.208767499999999818e-04
9.358052500000000338e-04
9.530429999999999891e-04
9.960178750000000560e-04
1.079380000000000010e-03
1.180756250000000122e-03
1.261687500000000222e-03
1.333868750000000028e-03
1.338687500000000251e-03
1.203561249999999996e-03
1.125212499999999737e-03
1.065786249999999859e-03
5.392564999999999555e-04
4.579098749999999693e-04
3.888737499999999595e-04
2.851882499999999982e-04
1.514721249999999774e-04
9.066786250000000050e-05
6.715367499999999872e-05
1.224971249999999914e-04
3.264589999999999723e-04
1.486922499999999959e-04
1.557593750000000167e-04
1.610362500000000118e-04
8.190887500000000273e-05
7.966050000000000073e-05
