1.135224999999999973e+01
1.523498750000000079e+01
1.184410000000000096e+01
1.085772499999999852e+01
1.034391250000000184e+01
9.949130000000000251e+00
9.568681250000000915e+00
9.273285000000001332e+00
9.067176250000001048e+00
8.896827500000000555e+00
8.740038750000000078e+00
8.589159999999999684e+00
8.484977500000001172e+00
8.348636250000000203e+00
8.300237499999999713e+00
8.282328750000001349e+00
8.267154999999998921e+00
8.257586249999999239e+00
8.250868750000000418e+00
8.245993750000000233e+00
8.242242500000001471e+00
8.239341249999998951e+00
8.235459999999999781e+00
8.231522499999998743e+00
8.228797499999998877e+00
8.226808750000000003e+00
8.225234999999999630e+00
8.223997500000001182e+00
8.222979999999999734e+00
8.222149999999999181e+00
8.221420000000000172e+00
8.220799999999998775e+00
8.220257499999998885e+00
8.219769999999998689e+00
8.219160000000000466e+00
8.218460000000000321e+00
8.217871249999998184e+00
8.217371250000001126e+00
8.216994999999998939e+00
8.216779999999999973e+00
8.216499999999998138e+00
8.216131250000000108e+00
8.215792499999999166e+00
8.215491250000001244e+00
8.215199999999997615e+00
8.215000000000001634e+00
8.214871249999998071e+00
8.214748750000000044e+00
8.214619999999998257e+00
8.214532499999998905e+00
8.214489999999999625e+00
8.214449999999999363e+00
8.214410000000000878e+00
8.214359999999999218e+00
8.214320000000000732e+00
8.214280000000000470e+00
8.214238750000001588e+00
8.214190000000000325e+00
8.214150000000001839e+00
8.214109999999999800e+00
8.214063750000001107e+00
8.214019999999999655e+00
8.213979999999999393e+00
8.213939999999999131e+00
8.213859999999998607e+00
8.213756249999999426e+00
8.213649999999999451e+00
8.213540000000000063e+00
8.213398749999999637e+00
8.213217499999998950e+00
8.213036249999998262e+00
8.212850000000001316e+00
8.212670000000001025e+00
8.212433749999998867e+00
8.212136249999998583e+00
8.211840000000000472e+00
8.211560000000000414e+00
8.211299999999999599e+00
8.211082499999999840e+00
8.210828750000001008e+00
8.210532499999999345e+00
8.210279999999999134e+00
8.210042500000000132e+00
8.209799999999999542e+00
8.209531250000001279e+00
8.209251249999999445e+00
8.208978749999998215e+00
8.208708749999999554e+00
8.208443749999998929e+00
8.208276250000000829e+00
8.208170000000000854e+00
8.207977499999998372e+00
8.207396249999998616e+00
8.206641250000000554e+00
8.206013750000000329e+00
8.204741249999999653e+00
8.203488749999999996e+00
8.202693750000001671e+00
8.201477500000001086e+00
8.200442500000001189e+00
8.199838749999999621e+00
8.199303750000000335e+00
8.198612500000001191e+00
8.198166249999999877e+00
8.196868750000001924e+00
8.194552499999998574e+00
8.192318750000000094e+00
8.189516249999998720e+00
8.187243749999998599e+00
8.185617499999999325e+00
8.183457499999999385e+00
8.181711250000001101e+00
8.180178749999999610e+00
8.178322500000000161e+00
8.176158750000000808e+00
8.173256250000001444e+00
8.170947499999998698e+00
8.169294999999999973e+00
8.167177500000001089e+00
8.164112499999999883e+00
8.159694999999999254e+00
8.154072499999999835e+00
8.148507500000000903e+00
8.144275000000000375e+00
8.142342500000001593e+00
8.140163749999999254e+00
8.137947499999999224e+00
8.136406250000000284e+00
8.134478749999999536e+00
8.132220000000000226e+00
8.129179999999999851e+00
8.126966250000000613e+00
8.125171250000001066e+00
8.123151249999999379e+00
8.120052499999999895e+00
8.116862499999999869e+00
8.113875000000000171e+00
8.110712500000001768e+00
8.107351249999998899e+00
8.105044999999998723e+00
8.102582500000000465e+00
8.099661250000000479e+00
8.096807500000000601e+00
8.089543750000000699e+00
8.081612500000000310e+00
8.075433750000000188e+00
8.068833750000001359e+00
8.061760000000001369e+00
8.053251249999998862e+00
8.045294999999999419e+00
8.039517500000000538e+00
8.029771250000001359e+00
8.012697499999999806e+00
7.995578749999999957e+00
7.982057499999999806e+00
7.971888750000000634e+00
7.965419999999999057e+00
7.911953750000001229e+00
7.851402500000000728e+00
7.834801249999999939e+00
7.821808749999999755e+00
7.798628749999999776e+00
7.747096250000000239e+00
7.705038749999999936e+00
7.572566249999999499e+00
7.401436249999999717e+00
7.351814999999999323e+00
7.269957499999999406e+00
7.150782500000000041e+00
7.048587500000000006e+00
6.983268749999999692e+00
6.946267500000000261e+00
6.921181250000000063e+00
6.831244999999999123e+00
6.803296249999999823e+00
6.757946249999999822e+00
6.700971250000000268e+00
6.663355000000000139e+00
6.603834999999998345e+00
6.521456249999999066e+00
6.476967499999999767e+00
6.436090000000000089e+00
6.391523749999999282e+00
7.109013749999999909e+00
6.285248750000000051e+00
6.531072500000000502e+00
1.754101250000000078e+01
6.543469999999999231e+00
6.439175000000000537e+00
6.438697500000000851e+00
6.073087499999999750e+00
6.903627499999999806e+00
6.105491250000000036e+00
6.047402499999999570e+00
5.932992500000000113e+00
6.075631249999999817e+00
6.093967500000000648e+00
7.187172500000000852e+00
6.013782499999999587e+00
6.062062499999999687e+00
6.297468750000001059e+00
5.979278750000000642e+00
5.414288749999999872e+00
7.387781249999999744e+00
6.168792499999999457e+00
6.355292499999999123e+00
6.480987500000000345e+00
6.593953749999999836e+00
6.639705000000001078e+00
6.681321249999999878e+00
6.744609999999999772e+00
6.779553749999999823e+00
6.793328749999999694e+00
6.802786249999999590e+00
6.813704999999999679e+00
6.840486249999999657e+00
6.852915000000000312e+00
6.844624999999999737e+00
6.838011250000000985e+00
6.820756249999999632e+00
6.741296249999999546e+00
6.549612500000000281e+00
6.338449999999999918e+00
5.916873749999999710e+00
5.105042499999999706e+00
4.407391249999999872e+00
3.823072500000000318e+00
2.745116249999999702e+00
2.105652500000000149e+00
1.999979999999999869e+00
2.104697500000000332e+00
2.313466250000000279e+00
2.430302499999999810e+00
6.212812500000000071e-01
6.213812499999999961e-01
6.202637500000000026e-01
3.081650000000000222e-01
3.082712499999999967e-01
