1.393260000000000000e+05
1.675787500000000000e+05
1.159016250000000000e+05
9.852073750000001746e+04
8.861980000000000291e+04
8.038125000000000000e+04
7.166826250000001164e+04
6.418990000000000146e+04
5.837113750000000437e+04
5.302030000000000291e+04
4.753707499999998981e+04
4.138648750000000291e+04
3.644903750000000582e+04
2.805163750000000437e+04
2.424884999999999491e+04
2.249328749999999854e+04
2.081698749999999927e+04
1.962252499999999782e+04
1.869452499999999782e+04
1.795921250000000146e+04
1.735043750000000000e+04
1.684318750000000000e+04
1.610728750000000036e+04
1.527731250000000000e+04
1.463228750000000036e+04
1.411098749999999927e+04
1.366263750000000073e+04
1.327822499999999854e+04
1.294169999999999891e+04
1.264653750000000036e+04
1.237348749999999927e+04
1.212729999999999927e+04
1.189950000000000000e+04
1.168796250000000327e+04
1.140958749999999964e+04
1.106886250000000109e+04
1.076550000000000000e+04
1.049253750000000036e+04
1.028641249999999854e+04
1.016401250000000073e+04
1.000061750000000029e+04
9.783252500000000509e+03
9.581042499999999563e+03
9.397707500000000437e+03
9.218016250000000582e+03
9.096740000000001601e+03
9.018342500000000655e+03
8.940673750000001746e+03
8.862976249999999709e+03
8.811592499999998836e+03
8.786684999999999491e+03
8.762217500000000655e+03
8.737392499999999927e+03
8.712573749999999563e+03
8.687922499999998763e+03
8.663126249999999345e+03
8.638322500000000218e+03
8.613753749999999854e+03
8.588946249999999054e+03
8.564352500000000873e+03
8.539621249999998327e+03
8.514891250000000582e+03
8.490098749999999200e+03
8.465422499999998763e+03
8.422002499999998690e+03
8.360322500000000218e+03
8.298581250000001091e+03
8.236630000000001019e+03
8.160106249999999818e+03
8.070047500000000582e+03
7.979323750000000473e+03
7.887610000000000582e+03
7.796716250000000400e+03
7.694300000000000182e+03
7.578947500000000218e+03
7.463861250000000837e+03
7.381338749999999891e+03
7.316895000000000437e+03
7.263257499999999709e+03
7.234704999999999927e+03
7.223468750000000000e+03
7.213748749999998836e+03
7.210933750000000146e+03
7.260462500000000546e+03
7.326780000000000655e+03
7.426821250000000873e+03
7.542409999999999854e+03
7.712142499999999927e+03
7.942234999999999673e+03
8.092238750000000437e+03
8.231087499999999636e+03
8.505125000000000000e+03
9.593992499999998472e+03
1.194801249999999891e+04
1.577882500000000073e+04
5.257311249999999563e+04
2.060401250000000000e+05
1.649930000000000000e+05
3.720106250000000000e+04
1.442347500000000036e+04
1.032416250000000036e+04
8.095146249999999782e+03
6.255093750000000000e+03
5.423782499999999345e+03
1.571456249999999955e+03
6.794323750000000928e+01
6.454866250000000605e+01
6.109895000000000209e+01
5.872146250000000123e+01
5.706861249999999330e+01
5.527378749999999741e+01
5.391352499999999992e+01
5.272217500000000712e+01
5.155854999999999677e+01
5.036566249999999911e+01
4.876415000000000077e+01
4.748421249999999816e+01
4.656797499999999701e+01
4.555083749999999299e+01
4.437418750000000500e+01
4.268008749999999196e+01
4.083689999999999998e+01
3.932245000000000346e+01
3.815927500000000094e+01
3.762826250000000528e+01
3.712165000000000248e+01
3.668978750000000133e+01
3.639191250000000366e+01
3.601837500000000603e+01
3.557412500000000222e+01
3.497601249999999595e+01
3.454021249999999554e+01
3.418671250000000583e+01
3.383083750000000123e+01
3.338745000000000118e+01
3.293424999999999869e+01
3.250567500000000365e+01
3.205248749999999802e+01
3.157016249999999857e+01
3.123934999999999818e+01
3.089692499999999598e+01
3.057275000000000276e+01
3.027461249999999637e+01
2.951603750000000304e+01
2.868756249999999852e+01
2.806932499999999919e+01
2.753843750000000057e+01
2.700397500000000406e+01
2.636026250000000104e+01
2.574623749999999944e+01
2.533882500000000348e+01
2.480168750000000344e+01
2.384137499999999932e+01
2.307233749999999972e+01
2.267697500000000232e+01
2.237966249999999846e+01
2.219048749999999615e+01
2.052456249999999827e+01
1.853436250000000385e+01
1.801275000000000048e+01
1.774838749999999976e+01
1.737423749999999956e+01
1.649997499999999917e+01
1.573122500000000201e+01
1.417514999999999681e+01
1.255754999999999910e+01
1.220197500000000090e+01
1.162009999999999899e+01
1.086892500000000084e+01
1.032158749999999969e+01
9.928516249999997711e+00
9.759178750000000235e+00
9.410995000000001554e+00
9.218846249999998577e+00
9.095657499999999729e+00
8.863544999999998453e+00
8.591042500000000359e+00
8.419547500000000184e+00
8.160972499999999741e+00
7.843668749999999967e+00
7.696628750000000352e+00
7.586748749999999042e+00
7.488213750000000779e+00
7.444282499999999914e+00
7.428048749999999423e+00
7.467356249999999918e+00
7.519447499999999174e+00
7.541516250000000809e+00
7.568450000000001232e+00
7.623112500000000402e+00
7.661152500000000032e+00
7.681821250000000489e+00
7.702822499999999906e+00
7.734241250000000178e+00
7.768921250000000001e+00
7.793733749999999461e+00
7.840532499999999239e+00
7.893384999999999430e+00
7.865439999999999543e+00
7.816101250000000888e+00
7.770456250000000509e+00
7.738730000000000331e+00
7.699182500000000040e+00
7.644553750000000036e+00
7.561276250000000587e+00
7.483127499999999266e+00
7.430439999999999046e+00
7.327224999999999433e+00
7.247197500000000403e+00
7.167945000000000455e+00
7.030192500000000067e+00
6.924443750000000009e+00
6.871797500000000447e+00
6.835656250000000433e+00
6.794822500000000431e+00
6.696272499999999184e+00
6.545877500000000460e+00
6.388211250000000341e+00
6.268607499999999888e+00
6.178573749999999976e+00
6.101407500000000539e+00
6.038926250000000273e+00
5.935783749999998804e+00
5.644038749999999993e+00
5.151780000000000470e+00
4.809764999999999624e+00
4.567803750000000385e+00
4.135528749999999754e+00
3.970292500000000224e+00
4.044188749999999999e+00
4.249200000000000088e+00
4.423802499999999860e+00
4.474876249999999445e+00
1.098433749999999876e+00
1.090114999999999945e+00
1.075477499999999864e+00
5.179912500000000142e-01
5.003287499999999888e-01
