1.416061249999999927e+04
1.855047499999999854e+04
1.410592500000000109e+04
1.277497499999999854e+04
1.207101250000000255e+04
1.152372499999999854e+04
1.099018750000000000e+04
1.057158749999999964e+04
1.027687500000000182e+04
1.003148750000000109e+04
9.803938750000001164e+03
9.581759999999998399e+03
9.424567499999999200e+03
9.196591249999999491e+03
9.097778749999999491e+03
9.047901249999998981e+03
8.993739999999997963e+03
8.948176250000000437e+03
8.906638749999998254e+03
8.868163749999999709e+03
8.831432499999998981e+03
8.796159999999999854e+03
8.736698749999999563e+03
8.655091249999999491e+03
8.576663749999999709e+03
8.500487500000001091e+03
8.426020000000000437e+03
8.353161250000001019e+03
8.281920000000000073e+03
8.212206249999999272e+03
8.143436250000000655e+03
8.076217499999999745e+03
8.010197499999999309e+03
7.945083750000000691e+03
7.852000000000000909e+03
7.729001249999999345e+03
7.610907499999999345e+03
7.496302499999999782e+03
7.409763750000000073e+03
7.355230000000000473e+03
7.277106250000000728e+03
7.173157500000000255e+03
7.072328749999999673e+03
6.976239999999999782e+03
6.881302499999999782e+03
6.813796250000000327e+03
6.769536250000000109e+03
6.725684999999999491e+03
6.681819999999998799e+03
6.652193750000000364e+03
6.636876250000000255e+03
6.621833750000000691e+03
6.606568749999999454e+03
6.591307499999999891e+03
6.576152500000000146e+03
6.560904999999999745e+03
6.545653749999999491e+03
6.530546250000000327e+03
6.515293749999999818e+03
6.500172499999999673e+03
6.484963749999999891e+03
6.469758749999999964e+03
6.454514999999999418e+03
6.439341249999999491e+03
6.412643750000000182e+03
6.374719999999999345e+03
6.336756249999999454e+03
6.298662500000000364e+03
6.248858749999999418e+03
6.188032499999999345e+03
6.126757499999999709e+03
6.064812500000000000e+03
6.003420000000000073e+03
5.930668750000000728e+03
5.845450000000000728e+03
5.760247499999999491e+03
5.694041250000000218e+03
5.639281250000000000e+03
5.593708749999999782e+03
5.560561250000000655e+03
5.535184999999999491e+03
5.513230000000000473e+03
5.496801249999999527e+03
5.513684999999999491e+03
5.539712499999999636e+03
5.586753749999999854e+03
5.644513750000000073e+03
5.736933750000000146e+03
5.868956250000001091e+03
5.955220000000000255e+03
6.038753750000000764e+03
6.204642499999999927e+03
6.878541249999999309e+03
8.373278749999999491e+03
1.085608749999999964e+04
3.530833750000000146e+04
1.387748750000000000e+05
1.123502500000000000e+05
2.616303749999999854e+04
1.057043750000000000e+04
7.723111249999999018e+03
6.162055000000000291e+03
4.861667500000000473e+03
4.268598750000000109e+03
1.220788749999999936e+03
9.056892500000000013e+00
8.971847500000000863e+00
8.916078750000000497e+00
8.897348749999999029e+00
8.884131249999999369e+00
8.868096249999998903e+00
8.855468750000000000e+00
8.844397499999999468e+00
8.832309999999999661e+00
8.818983749999999233e+00
8.801091249999998922e+00
8.786791250000000275e+00
8.776553749999999710e+00
8.764327500000000271e+00
8.748321249999998273e+00
8.725271249999998702e+00
8.698251250000000212e+00
8.673694999999998601e+00
8.654833749999999881e+00
8.646225000000001160e+00
8.637352500000000433e+00
8.629086250000000291e+00
8.623356250000000500e+00
8.616175000000000139e+00
8.607631250000000733e+00
8.596133749999999907e+00
8.587752499999998790e+00
8.580957500000000238e+00
8.573772500000000463e+00
8.563886249999999478e+00
8.553696249999999779e+00
8.544062499999999005e+00
8.533873749999997926e+00
8.523032499999999345e+00
8.515595000000001136e+00
8.507788749999999567e+00
8.499552500000000066e+00
8.491737499999999272e+00
8.471853750000001071e+00
8.450140000000001095e+00
8.433608750000001208e+00
8.417883749999999665e+00
8.401567500000000521e+00
8.381916249999999735e+00
8.363168749999999818e+00
8.350251250000001235e+00
8.331319999999999837e+00
8.297474999999998602e+00
8.265066250000000281e+00
8.241315000000000168e+00
8.223452500000000498e+00
8.212087499999999096e+00
8.112006250000000307e+00
7.992443749999999625e+00
7.959921249999999837e+00
7.939641249999998429e+00
7.906951249999999654e+00
7.830568750000000300e+00
7.763217499999999660e+00
7.589967500000000200e+00
7.377938749999999324e+00
7.321727499999999722e+00
7.224247500000000599e+00
7.084401250000000871e+00
6.966311250000000399e+00
6.879951249999998630e+00
6.836994999999999045e+00
6.747631250000000414e+00
6.694497500000000656e+00
6.659096250000000161e+00
6.592391250000000369e+00
6.509837499999999721e+00
6.455023749999999616e+00
6.374883750000000404e+00
6.286086250000001208e+00
6.259873749999999681e+00
6.263992499999999630e+00
6.301034999999999719e+00
6.401351250000000270e+00
6.521369999999999223e+00
6.683380000000000543e+00
6.834789999999999921e+00
6.889440000000000452e+00
6.948711250000000561e+00
7.062637500000001012e+00
7.137091249999999221e+00
7.176136249999998995e+00
7.214708749999999782e+00
7.271171249999999198e+00
7.340948749999999912e+00
7.380357499999999682e+00
7.329893750000000097e+00
7.168382499999999879e+00
7.031000000000000583e+00
6.919654999999999667e+00
6.834236250000000013e+00
6.788746249999999094e+00
6.731357500000000549e+00
6.623502499999999849e+00
6.423376250000000454e+00
6.236013749999999689e+00
6.109709999999999752e+00
5.906118749999999196e+00
5.762037499999999923e+00
5.628626249999999942e+00
5.417586249999999382e+00
5.264718750000001002e+00
5.190756250000000627e+00
5.139982500000000343e+00
5.083396249999999839e+00
4.949333750000000975e+00
4.746985000000000454e+00
4.536733749999999787e+00
4.378994999999999749e+00
4.261968750000000306e+00
4.161672499999999886e+00
4.080459999999999532e+00
3.948894999999999822e+00
3.585995000000000044e+00
3.014678750000000296e+00
2.649733750000000221e+00
2.412735000000000074e+00
2.007259999999999600e+00
1.840192500000000120e+00
1.913460000000000161e+00
2.186943750000000186e+00
2.456451250000000197e+00
2.571227499999999999e+00
6.262225000000000152e-01
6.170862500000000583e-01
6.010362499999999386e-01
2.799087499999999840e-01
2.626037500000000247e-01
