1.251653750000000000e+05
1.490280000000000000e+05
1.017957500000000000e+05
8.574576249999999709e+04
7.654877500000000873e+04
6.885752500000000873e+04
6.067808750000000146e+04
5.361827500000000146e+04
4.809426249999998981e+04
4.298880000000000291e+04
3.773312500000000000e+04
3.180471250000000146e+04
2.702446250000000146e+04
1.885503750000000218e+04
1.515107500000000073e+04
1.344538749999999891e+04
1.182322500000000036e+04
1.067435000000000036e+04
9.787881250000000364e+03
9.091055000000000291e+03
8.518991249999999127e+03
8.047013750000000073e+03
7.370608750000000327e+03
6.622216249999998581e+03
6.055632499999999709e+03
5.610508749999999964e+03
5.236607500000000073e+03
4.925081250000001091e+03
4.659782500000000255e+03
4.434323750000000473e+03
4.230061249999999745e+03
4.051072499999999764e+03
3.889306249999999181e+03
3.742878749999999854e+03
3.557579999999999472e+03
3.339861249999999927e+03
3.154591249999999945e+03
2.996232500000000073e+03
2.876651249999999891e+03
2.808771249999999782e+03
2.723521249999999782e+03
2.610093749999999545e+03
2.508714999999999691e+03
2.421467500000000200e+03
2.336713749999999891e+03
2.282943749999999909e+03
2.248807499999999891e+03
2.214986249999999927e+03
2.181156250000000000e+03
2.159399999999999636e+03
2.149807499999999891e+03
2.140384999999999764e+03
2.130822500000000218e+03
2.121264999999999873e+03
2.111771249999999782e+03
2.102222499999999854e+03
2.092671249999999418e+03
2.083208749999999782e+03
2.073653749999999945e+03
2.064183749999999691e+03
2.054656250000000000e+03
2.045133749999999964e+03
2.035585000000000036e+03
2.026081249999999955e+03
2.009357500000000073e+03
1.985603750000000218e+03
1.961826249999999845e+03
1.937966249999999718e+03
1.911247499999999945e+03
1.882014999999999873e+03
1.852567499999999882e+03
1.822798749999999927e+03
1.793296249999999873e+03
1.763630000000000109e+03
1.733493749999999864e+03
1.703611249999999927e+03
1.687300000000000182e+03
1.677613749999999754e+03
1.669551250000000209e+03
1.674142499999999927e+03
1.688283750000000055e+03
1.700516249999999673e+03
1.714131249999999909e+03
1.746773749999999836e+03
1.787065000000000055e+03
1.840069999999999709e+03
1.897896250000000236e+03
1.975206249999999955e+03
2.073279999999999745e+03
2.137019999999999982e+03
2.192334999999999582e+03
2.300482500000000073e+03
2.715454999999999927e+03
3.574724999999999909e+03
4.922758750000000873e+03
1.726478749999999854e+04
6.726522499999999127e+04
5.264288749999999709e+04
1.103806250000000182e+04
3.853022499999999582e+03
2.601046250000000327e+03
1.933091249999999945e+03
1.393427499999999782e+03
1.155184999999999945e+03
3.506677500000000123e+02
5.888636250000000416e+01
5.557680000000000575e+01
5.218287500000000989e+01
4.982411250000000535e+01
4.818444999999999823e+01
4.640570000000000306e+01
4.505803750000000463e+01
4.387773750000000206e+01
4.272623749999999632e+01
4.154668749999999733e+01
3.996307500000000346e+01
3.869739999999999469e+01
3.779141249999999985e+01
3.678649999999999665e+01
3.562587500000000063e+01
3.395479999999999876e+01
3.213864999999999128e+01
3.064874999999999972e+01
2.950446249999999893e+01
2.898205000000000098e+01
2.848428750000000065e+01
2.806071250000000106e+01
2.776854999999999762e+01
2.740217499999999973e+01
2.696648750000000305e+01
2.637987499999999841e+01
2.595246249999999932e+01
2.560574999999999690e+01
2.525707500000000039e+01
2.482355000000000089e+01
2.438054999999999950e+01
2.396162500000000151e+01
2.351859999999999573e+01
2.304713750000000161e+01
2.272376249999999942e+01
2.238914999999999722e+01
2.207318750000000307e+01
2.178288750000000107e+01
2.104416250000000232e+01
2.023742500000000177e+01
1.963572500000000076e+01
1.912057499999999877e+01
1.860242500000000021e+01
1.797835000000000250e+01
1.738305000000000078e+01
1.698857500000000087e+01
1.647036250000000024e+01
1.554391249999999935e+01
1.480727500000000063e+01
1.443567500000000159e+01
1.415621249999999876e+01
1.397838750000000019e+01
1.241256249999999994e+01
1.054191250000000046e+01
1.005281249999999993e+01
9.808766249999999687e+00
9.467278750000000187e+00
8.669415000000000759e+00
7.968017500000000197e+00
6.585202499999999404e+00
5.179599999999999760e+00
4.880237499999999784e+00
4.395855000000000068e+00
3.784536250000000379e+00
3.355288750000000153e+00
3.048564999999999525e+00
2.922183749999999858e+00
2.663365000000000204e+00
2.524348750000000141e+00
2.436563749999999917e+00
2.271154999999999813e+00
2.081204999999999750e+00
1.964523750000000124e+00
1.786088750000000225e+00
1.557585000000000219e+00
1.436756249999999957e+00
1.322755000000000125e+00
1.187177499999999775e+00
1.042928749999999960e+00
9.066802499999999654e-01
7.839756249999999538e-01
6.846562499999999662e-01
6.520763750000000414e-01
6.197396250000000162e-01
5.604733750000000514e-01
5.240643750000000267e-01
5.056841250000000398e-01
4.881155000000000355e-01
4.630716249999999867e-01
4.279704999999999759e-01
4.127983750000000507e-01
3.529949999999999477e-01
2.648908750000000256e-01
2.395436250000000100e-01
2.288868750000000174e-01
2.211987499999999995e-01
2.175681250000000011e-01
2.128960000000000019e-01
2.005656249999999974e-01
1.775321249999999851e-01
1.592945000000000055e-01
1.470262499999999972e-01
1.306820000000000204e-01
1.204235000000000028e-01
1.118704999999999977e-01
1.006393750000000031e-01
9.400486249999999433e-02
9.118408750000001062e-02
8.924763750000000440e-02
8.731601249999999814e-02
8.347779999999999090e-02
7.854192499999999855e-02
7.414403749999999571e-02
7.130503750000000140e-02
6.949911249999998764e-02
6.795136250000000100e-02
6.669808750000000286e-02
6.475049999999998862e-02
5.940572499999999256e-02
4.983697499999999864e-02
4.230337500000000417e-02
3.610636249999999575e-02
2.176991250000000211e-02
1.211604999999999974e-02
7.003493749999999129e-03
2.263806250000000020e-03
8.579901249999999239e-04
6.350698750000000146e-04
1.828057500000000073e-04
1.905212500000000048e-04
2.021515000000000041e-04
1.124706249999999952e-04
1.193891249999999934e-04
