5.866324999999999363e+02
7.009558749999999918e+02
4.808004999999999995e+02
4.061806249999999636e+02
3.634762499999999932e+02
3.278000000000000114e+02
2.899005000000000223e+02
2.572253749999999854e+02
2.316886250000000018e+02
2.081150000000000091e+02
1.838793750000000387e+02
1.566048749999999643e+02
1.346773750000000121e+02
9.746411249999999882e+01
8.073527500000000146e+01
7.320108749999999986e+01
6.604497499999999377e+01
6.105517499999999842e+01
5.726838750000000289e+01
5.434329999999999927e+01
5.199041250000001213e+01
5.009403749999999889e+01
4.745008749999999509e+01
4.467391250000000014e+01
4.274158749999999429e+01
4.137847500000000167e+01
4.046482499999999760e+01
3.986023749999999666e+01
3.960753749999999940e+01
3.975428749999999667e+01
4.050348749999999853e+01
4.256598750000000564e+01
4.870841250000000144e+01
6.616041250000000673e+01
7.822611249999999927e+01
4.896976250000000164e+01
4.313592500000000030e+01
4.399207499999999982e+01
4.569428750000000150e+01
4.720624999999999716e+01
4.997913750000000732e+01
5.488081250000000466e+01
6.184894999999999499e+01
7.247100000000000364e+01
9.328524999999999068e+01
1.357397500000000150e+02
2.140988749999999925e+02
3.249613750000000323e+02
3.718496250000000032e+02
3.359621249999999577e+02
2.998287500000000136e+02
2.647016250000000355e+02
2.355927499999999952e+02
2.162702499999999759e+02
2.060300000000000011e+02
2.029017499999999927e+02
2.053335000000000150e+02
2.122121250000000146e+02
2.219392500000000155e+02
2.346822499999999820e+02
2.512063749999999800e+02
2.689594999999999914e+02
2.918108750000000100e+02
3.163659999999999854e+02
3.739237499999999841e+02
4.920318750000000705e+02
6.903417499999999336e+02
1.071776250000000118e+03
2.953369999999999891e+03
9.958491249999999127e+03
1.164278750000000036e+04
4.098007499999999709e+03
1.123602499999999964e+03
4.444607500000000186e+02
4.506342499999999518e+02
1.861368750000000091e+03
8.505677500000000464e+02
1.468640000000000043e+02
8.058076249999999163e+01
5.495573750000000501e+01
4.018893749999999443e+01
3.346822500000000389e+01
2.927706250000000310e+01
2.630969999999999942e+01
2.400007499999999894e+01
2.237197499999999906e+01
2.143483750000000398e+01
2.113078750000000028e+01
2.199592499999999973e+01
2.411158750000000239e+01
2.953527499999999861e+01
6.147428750000000264e+01
4.207837499999999409e+02
1.054821250000000106e+02
4.341047499999999815e+01
1.612045000000000172e+01
4.032010000000000360e+01
3.010413750000000164e+02
1.777904999999999802e+01
2.267398749999999907e+01
2.921806249999999636e+02
1.031953749999999900e+03
5.857031250000000000e+01
1.077193749999999994e+02
3.643661250000000109e+02
5.256704999999999472e+01
5.284169999999999590e+01
1.058207500000000039e+02
6.302497499999999775e+01
2.504858749999999930e+02
4.536058750000000259e+02
1.813365000000000293e+01
2.359615000000000151e+01
2.219377499999999941e+02
1.064843750000000000e+02
3.489712500000000261e+01
1.254938749999999992e+01
4.246703749999999644e+01
3.353442499999999882e+01
9.256619999999999493e+01
1.072036249999999882e+02
7.991589999999999350e+01
6.727078749999999729e+01
7.183407499999999857e+01
4.523740000000000094e+01
4.282213749999999663e+01
8.130294999999999561e+01
1.216399999999999864e+02
7.781261249999998597e+01
4.014537500000000136e+01
9.966710000000000491e+01
2.468801249999999925e+01
5.809166249999999820e+01
3.151314999999999955e+01
1.402934999999999945e+02
9.799838749999999266e+01
3.328565000000000396e+01
3.899968750000000739e+01
2.235413749999999666e+01
4.094796250000000271e+01
3.040497499999999675e+01
4.351782499999999487e+01
6.523977499999999452e+01
4.565411249999999654e+01
6.176943750000000932e+01
4.239596249999999600e+01
3.424478749999999394e+01
7.707755000000000223e+01
7.899997499999999206e+01
2.924786250000000010e+01
8.145047499999999729e+01
6.353078750000000241e+01
2.766777499999999890e+01
4.552622499999999661e+01
6.158377499999999571e+01
4.553133749999999935e+01
4.051885000000000758e+01
5.181091250000000770e+01
5.780172500000000468e+01
3.424441249999999570e+01
3.978244999999999720e+01
3.802548749999999700e+01
3.835408749999999856e+01
3.548949999999999250e+01
3.213985000000000269e+01
2.845050000000000168e+01
2.761371249999999833e+01
2.629116249999999866e+01
2.457049999999999912e+01
2.329963749999999933e+01
2.238483749999999617e+01
2.198203749999999701e+01
2.115112499999999685e+01
2.068284999999999840e+01
2.037926250000000294e+01
1.980722500000000252e+01
1.911814999999999998e+01
1.867272499999999980e+01
1.800703749999999559e+01
1.704729999999999990e+01
1.653023750000000192e+01
1.608058750000000003e+01
1.557041249999999977e+01
1.507724999999999937e+01
1.469816250000000046e+01
1.425648749999999865e+01
1.353248749999999845e+01
1.341197499999999998e+01
1.327907499999999885e+01
1.303202499999999908e+01
1.286942499999999967e+01
1.278502499999999920e+01
1.269545000000000101e+01
1.256566249999999840e+01
1.222552499999999931e+01
1.189370000000000083e+01
1.145963749999999948e+01
1.079603750000000062e+01
1.010963750000000161e+01
9.576489999999999725e+00
9.249348750000001118e+00
9.117418750000000571e+00
8.965987500000000665e+00
8.795625000000001137e+00
8.582002499999999756e+00
8.401716249999999775e+00
8.288064999999999571e+00
8.079513750000000272e+00
7.927922499999999317e+00
7.788702500000000306e+00
7.571077500000000349e+00
7.429200000000000692e+00
7.367467500000000058e+00
7.327866250000000470e+00
7.284855000000000302e+00
7.191009999999999458e+00
7.072042500000000231e+00
6.980786250000000415e+00
6.934661249999999555e+00
6.914471250000000069e+00
6.907142500000000851e+00
6.905793749999999953e+00
6.916904999999998971e+00
7.002411249999999754e+00
7.233348750000000216e+00
7.431394999999999307e+00
7.563228750000000389e+00
7.711093749999998970e+00
7.586048749999999785e+00
7.226319999999999411e+00
6.507681250000000084e+00
5.936570000000000569e+00
5.696450000000000458e+00
1.442802499999999988e+00
1.453806249999999967e+00
1.471588750000000001e+00
7.541400000000000325e-01
7.651675000000000004e-01
