5.769574999999999818e+02
6.871471249999999600e+02
4.695384999999999991e+02
3.956213750000000005e+02
3.532771250000000123e+02
3.178755000000000450e+02
2.802411250000000109e+02
2.477737500000000068e+02
2.223846249999999714e+02
1.989351249999999993e+02
1.748172500000000014e+02
1.476621250000000032e+02
1.258227499999999850e+02
8.874792499999999507e+01
7.208407499999999857e+01
6.458446250000000077e+01
5.746703750000000355e+01
5.251043750000000188e+01
4.875433749999999833e+01
4.585796249999999930e+01
4.353288750000000107e+01
4.166360000000000241e+01
3.906612499999999955e+01
3.635543750000000074e+01
3.448833750000000009e+01
3.319118749999999807e+01
3.234458750000000293e+01
3.180835000000000079e+01
3.162568749999999795e+01
3.184451250000000044e+01
3.266788749999999908e+01
3.480536250000000109e+01
4.101457500000000067e+01
5.848028750000000286e+01
7.052718749999999659e+01
4.153258749999999822e+01
3.593853749999999536e+01
3.701403750000000059e+01
3.888818750000000080e+01
4.051871249999999947e+01
4.347851249999999368e+01
4.865146250000000094e+01
5.592697500000000588e+01
6.689952499999999702e+01
8.812039999999998940e+01
1.308752499999999941e+02
2.092054999999999723e+02
3.196072499999999650e+02
3.659954999999999927e+02
3.301083750000000236e+02
2.941396249999999668e+02
2.592475000000000023e+02
2.303967500000000257e+02
2.113243750000000034e+02
2.013041249999999707e+02
1.983643749999999955e+02
2.009534999999999911e+02
2.079577500000000327e+02
2.177913749999999879e+02
2.306143749999999955e+02
2.471854999999999905e+02
2.649746250000000032e+02
2.878096250000000396e+02
3.123296250000000214e+02
3.696526250000000005e+02
4.869302500000000578e+02
6.831392500000000609e+02
1.059063750000000027e+03
2.902063750000000255e+03
9.724092500000000655e+03
1.131592500000000109e+04
3.949809999999999491e+03
1.064029999999999973e+03
4.122566249999999854e+02
4.297472500000000082e+02
1.831092500000000200e+03
8.212637500000000728e+02
1.270177500000000066e+02
6.318113749999999129e+01
3.912087499999999807e+01
2.557081249999999883e+01
1.957657500000000184e+01
1.592563750000000056e+01
1.341342500000000015e+01
1.153539999999999921e+01
1.030711249999999879e+01
9.725966249999999036e+00
9.783334999999999226e+00
1.102704999999999913e+01
1.341488749999999897e+01
1.902285000000000181e+01
5.109336249999999779e+01
4.075469999999999686e+02
9.115801249999999811e+01
3.168849999999999767e+01
5.750648749999999865e+00
3.155160000000000053e+01
2.865381249999999795e+02
8.013863750000000508e+00
1.473558750000000117e+01
2.814927500000000009e+02
9.929320000000001301e+02
4.558207500000000323e+01
9.621671249999999986e+01
3.429285000000000423e+02
3.975003750000000480e+01
4.187446249999999992e+01
9.496879999999998745e+01
5.328100000000000591e+01
2.323679999999999950e+02
4.137324999999999591e+02
5.013698749999999649e+00
1.296932499999999955e+01
2.041739999999999782e+02
9.283781249999999829e+01
2.320307500000000189e+01
1.563347499999999890e+00
3.193296250000000214e+01
2.390216249999999576e+01
7.978291250000000900e+01
9.280426249999999300e+01
6.680682499999998925e+01
5.488907499999999828e+01
5.954711250000000433e+01
3.281499999999999773e+01
3.201245000000000118e+01
6.872722500000000423e+01
1.044339374999999848e+02
6.438567499999999200e+01
2.911133749999999765e+01
8.316955000000001519e+01
1.253991249999999980e+01
4.683605000000000729e+01
2.127014999999999745e+01
1.221543750000000017e+02
7.993189999999999884e+01
2.103497499999999931e+01
2.614201249999999987e+01
1.094492499999999779e+01
2.974157500000000098e+01
1.872851249999999723e+01
3.206265000000000498e+01
5.252260000000000417e+01
3.316554999999999609e+01
4.999103749999999025e+01
2.898861250000000211e+01
2.353323750000000203e+01
6.209163750000001158e+01
6.267036250000000308e+01
1.721276249999999663e+01
6.734012500000000045e+01
4.703821250000000731e+01
1.557409999999999961e+01
3.206271249999999640e+01
4.399021249999999839e+01
2.853759999999999764e+01
2.743314999999999770e+01
3.329847500000000338e+01
3.936988749999999726e+01
1.865090000000000003e+01
2.550171249999999645e+01
2.190256249999999838e+01
2.236286249999999853e+01
2.013757499999999823e+01
1.694311249999999802e+01
1.345511250000000203e+01
1.267436250000000086e+01
1.144891250000000049e+01
9.872862500000000097e+00
8.731662499999998772e+00
7.912676249999999634e+00
7.561787500000000328e+00
6.840448750000001077e+00
6.442827499999999041e+00
6.188078749999998962e+00
5.708075000000000010e+00
5.143350000000000755e+00
4.787145000000000650e+00
4.278036249999999541e+00
3.572923749999999732e+00
3.219166250000000229e+00
2.933088750000000022e+00
2.625553750000000353e+00
2.347418750000000109e+00
2.141678749999999631e+00
1.966448749999999857e+00
1.936756249999999957e+00
1.864107500000000028e+00
1.780355000000000132e+00
1.623064999999999980e+00
1.520276249999999996e+00
1.466381249999999969e+00
1.408596249999999994e+00
1.324533750000000065e+00
1.111354999999999871e+00
9.345058749999999304e-01
7.715761250000000571e-01
6.254661249999999839e-01
5.284646250000000212e-01
4.585914999999999853e-01
4.194683750000000599e-01
4.046718750000000142e-01
3.882758749999999925e-01
3.705575000000000396e-01
3.498058749999999328e-01
3.337242500000000001e-01
3.241578750000000397e-01
3.069729999999999959e-01
2.943615000000000537e-01
2.818696250000000125e-01
2.583076249999999852e-01
2.388211250000000230e-01
2.291075000000000195e-01
2.225253750000000252e-01
2.151122500000000048e-01
1.977616250000000242e-01
1.727888750000000084e-01
1.497753749999999884e-01
1.350066249999999912e-01
1.256887499999999880e-01
1.186387500000000012e-01
1.133602499999999957e-01
1.053008750000000021e-01
8.744627499999998999e-02
6.474892499999999884e-02
5.114746249999999744e-02
4.239398750000000077e-02
2.505411250000000312e-02
1.329127499999999996e-02
8.688025000000000261e-03
4.991523749999999919e-03
3.721125000000000040e-03
3.094797499999999996e-03
6.487324999999999082e-04
6.259199999999999703e-04
5.941137499999999934e-04
2.775774999999999965e-04
2.729162499999999774e-04
