5.706999999999999851e-01
6.796613750000000120e-01
4.643921249999999334e-01
3.912644999999999595e-01
3.493702499999999933e-01
3.143429999999999835e-01
2.771043750000000139e-01
2.449755000000000127e-01
2.198478749999999982e-01
1.966373749999999754e-01
1.727612500000000051e-01
1.458702500000000069e-01
1.242342500000000044e-01
8.746444999999999914e-02
7.091393749999999607e-02
6.345235000000000458e-02
5.636329999999999119e-02
5.142112499999999808e-02
4.767364999999999797e-02
4.478389999999999455e-02
4.246586250000000673e-02
4.060602500000000392e-02
3.803423749999999826e-02
3.538850000000000329e-02
3.363823750000000112e-02
3.253922499999999801e-02
3.202593749999999712e-02
3.200253749999999731e-02
3.267713750000000167e-02
3.439917500000000405e-02
3.808997499999999814e-02
4.671468750000000447e-02
7.163279999999999648e-02
1.423398749999999768e-01
1.896428750000000163e-01
6.656116249999999290e-02
3.786703750000000590e-02
3.462151249999999986e-02
3.515086250000000467e-02
3.631703749999999620e-02
3.897091250000000312e-02
4.462832499999999647e-02
5.433263750000000281e-02
7.328913750000000393e-02
1.263745000000000285e-01
2.708603750000000421e-01
5.710537500000000266e-01
1.000684874999999918e+00
1.153513750000000115e+00
9.671202500000000146e-01
7.928411250000000354e-01
6.213891249999998756e-01
4.727793750000000017e-01
3.624550000000000272e-01
2.873394999999999699e-01
2.383072499999999982e-01
2.083862499999999951e-01
1.920300000000000062e-01
1.824077500000000074e-01
1.789997500000000130e-01
1.807705000000000006e-01
1.840418750000000214e-01
1.918831250000000155e-01
2.012572499999999986e-01
2.273060000000000080e-01
2.857146249999999998e-01
3.880609999999999893e-01
5.876311250000001429e-01
1.572573750000000103e+00
5.222147499999999276e+00
6.076011250000000530e+00
2.140823750000000025e+00
6.059455000000000258e-01
2.874401249999999908e-01
5.605178750000000543e-01
3.009416250000000126e+00
1.334511250000000038e+00
1.770176250000000118e-01
7.807813749999999164e-02
4.472258749999999394e-02
2.774008749999999981e-02
2.101940000000000058e-02
1.724527500000000088e-02
1.488817499999999829e-02
1.338947499999999964e-02
1.279670000000000113e-02
1.318428750000000087e-02
1.501680000000000029e-02
2.083081249999999690e-02
3.254361250000000622e-02
6.610212500000001157e-02
2.705604999999999816e-01
7.024227499999999846e-01
1.497338750000000163e-01
8.187185000000000989e-02
1.675258749999999908e-02
1.610372499999999929e-01
1.546257499999999840e+00
2.393368750000000184e-02
2.047766250000000038e-02
3.292795000000000027e-01
1.155633750000000015e+00
6.645167499999998784e-02
1.715035000000000032e-01
2.191163750000000021e-01
3.427066250000000008e-02
1.894460000000000033e-01
2.166957500000000203e-01
2.121993749999999679e-01
6.854414999999999814e-02
2.422951250000000112e+00
2.145972500000000241e-02
9.441625000000000364e-03
1.106481249999999861e-01
1.825831249999999850e-02
4.276232500000000207e-03
1.446757500000000075e-03
2.104442499999999855e-02
1.609084999999999682e-02
1.161861249999999873e-01
1.139286250000000056e-01
3.235801249999999962e-01
4.567066250000000049e-02
2.274421249999999950e-01
6.710751249999999390e-02
1.900239999999999985e-01
3.659728750000000308e-01
1.444523749999999940e-01
4.301513750000000164e-02
1.972403749999999956e-02
1.364331250000000162e-01
5.366953750000000301e-02
1.771607499999999780e-01
3.690562499999999746e-02
8.154721250000000754e-02
2.631956249999999886e-01
3.700918749999999868e-02
7.771456250000000066e-02
8.155856250000001126e-03
9.638938750000000666e-02
1.222177500000000139e-01
2.127486249999999829e-02
3.420883749999999862e-02
7.625311249999999763e-02
2.049481249999999810e-01
1.188493750000000071e-01
9.649853750000000896e-02
2.547014999999999696e-01
2.570857500000000018e-01
7.059875000000000178e-02
2.762523749999999945e-01
1.929657499999999914e-01
6.388593750000000349e-02
1.315340000000000120e-01
1.804683750000000142e-01
1.170735000000000109e-01
1.125428750000000144e-01
1.366072500000000134e-01
1.615166249999999970e-01
7.651572500000000665e-02
1.046219999999999928e-01
8.985613750000000233e-02
1.083237499999999964e-01
1.030591249999999875e-01
8.675892500000000063e-02
6.896699999999998665e-02
6.498679999999999735e-02
5.874165000000000636e-02
5.071458750000000515e-02
4.490892499999999538e-02
4.074326249999999511e-02
3.896175000000000332e-02
3.530036250000000153e-02
3.328546249999999457e-02
3.199577500000000407e-02
2.956563749999999852e-02
2.671229999999999785e-02
2.491636249999999719e-02
2.236022500000000093e-02
1.883393749999999825e-02
1.707753750000000001e-02
1.566687500000000025e-02
1.415697500000000046e-02
1.279128750000000161e-02
1.177301250000000084e-02
1.075759999999999911e-02
1.002642500000000027e-02
9.939555000000000959e-03
9.905811249999998611e-03
9.966737500000001290e-03
1.009798750000000071e-02
1.019973750000000012e-02
1.028132499999999915e-02
1.033367500000000050e-02
1.052595000000000267e-02
1.072747500000000194e-02
1.125992500000000049e-02
1.287257499999999895e-02
1.555378750000000095e-02
2.029770000000000185e-02
2.751685000000000242e-02
3.158028749999999829e-02
3.586817499999999520e-02
4.546912499999999913e-02
5.503349999999999909e-02
6.528884999999999550e-02
7.657003750000000719e-02
1.090295000000000014e-01
1.322656249999999700e-01
1.670406249999999981e-01
2.961082499999999618e-01
4.504012500000000307e-01
5.393298749999999586e-01
6.028256249999999206e-01
6.794032500000000141e-01
8.695588749999999534e-01
1.097269999999999968e+00
1.260077499999999961e+00
1.334078750000000202e+00
1.357103750000000275e+00
1.372499999999999831e+00
1.382974999999999843e+00
1.399811249999999951e+00
1.444276250000000150e+00
1.505281249999999904e+00
1.521736250000000013e+00
1.513809999999999878e+00
1.471257500000000107e+00
1.405538749999999837e+00
1.462157499999999999e+00
2.117547500000000138e+00
2.213831249999999695e+00
2.075099999999999945e+00
5.125262499999999610e-01
5.247262500000000607e-01
5.537125000000000519e-01
3.051300000000000123e-01
3.163487500000000119e-01
