9.105850000000000222e+00
1.312933749999999833e+01
1.079755000000000109e+01
1.016792499999999855e+01
9.849826249999999561e+00
9.610033749999999486e+00
9.382183749999999378e+00
9.206694999999999851e+00
9.084516250000000070e+00
8.983197499999999280e+00
8.889195000000000846e+00
8.796782499999999061e+00
8.730483750000001208e+00
8.628707500000000863e+00
8.580276250000000715e+00
8.553172499999998735e+00
8.521572499999999550e+00
8.493338749999999493e+00
8.466416249999999977e+00
8.440521250000001530e+00
8.415028749999999391e+00
8.389816250000000863e+00
8.345937499999999787e+00
8.283097500000000224e+00
8.219606250000000003e+00
8.154745000000000132e+00
8.088211250000000518e+00
8.019857500000000528e+00
7.949174999999999436e+00
7.875378750000000316e+00
7.797518750000000942e+00
7.713892499999999153e+00
7.622209999999999042e+00
7.537791250000000609e+00
7.509283749999999813e+00
7.370605000000000295e+00
7.159510000000000041e+00
6.943402500000000366e+00
6.770992499999999303e+00
6.651200000000000223e+00
6.461646250000000258e+00
6.184722500000000345e+00
5.867627499999999330e+00
5.498197499999999849e+00
5.038453749999999509e+00
4.593748750000000491e+00
4.321966250000000009e+00
4.353412499999999241e+00
4.700615000000000876e+00
4.886485000000000412e+00
4.896352499999999885e+00
4.833003749999999599e+00
4.723091249999999519e+00
4.583297499999999580e+00
4.438571249999999857e+00
4.299100000000000144e+00
4.171774999999999345e+00
4.062280000000000335e+00
3.965616250000000065e+00
3.888850000000000140e+00
3.839732499999999771e+00
3.800772499999999887e+00
3.809232500000000243e+00
3.835164999999999935e+00
4.043901250000000225e+00
4.815962500000000368e+00
6.814605000000000246e+00
1.212569999999999837e+01
4.973475000000000534e+01
2.291786249999999541e+02
3.208065000000000282e+02
1.460550000000000068e+02
5.896554999999999325e+01
3.191668750000000188e+01
2.032652500000000018e+01
2.726537499999999881e+01
2.796948749999999961e+01
1.966921250000000398e+01
1.732153750000000159e+01
1.579012499999999974e+01
1.459040000000000248e+01
1.387062500000000220e+01
1.333420000000000094e+01
1.288138749999999888e+01
1.245131250000000023e+01
1.205208749999999895e+01
1.169567499999999960e+01
1.133244999999999969e+01
1.094805000000000028e+01
1.066418750000000060e+01
1.044630000000000081e+01
1.011036249999999903e+01
1.253411249999999910e+01
1.417451250000000051e+01
1.164011250000000075e+01
1.035302500000000059e+01
8.607479999999998910e+00
1.295692500000000180e+01
9.741253750000000267e+00
7.917933750000000437e+00
1.035870000000000068e+01
3.786567500000000308e+01
1.292181249999999970e+01
1.133125000000000071e+01
2.121870000000000189e+01
1.278277500000000089e+01
1.077778750000000052e+01
1.063556250000000070e+01
9.531749999999998835e+00
1.804923750000000027e+01
3.745033750000000339e+01
1.309848750000000095e+01
1.061739999999999995e+01
1.765318749999999781e+01
1.362844999999999906e+01
1.168977500000000092e+01
1.098458750000000173e+01
1.051306250000000020e+01
9.616143749999999102e+00
1.266713750000000083e+01
1.428556249999999928e+01
1.278548749999999856e+01
1.233603749999999977e+01
1.205953750000000113e+01
1.235525000000000162e+01
1.061963749999999784e+01
1.220977499999999871e+01
1.706156250000000085e+01
1.338389999999999880e+01
1.101429999999999865e+01
1.636100000000000065e+01
1.209444999999999837e+01
1.107848749999999960e+01
1.020608749999999887e+01
1.805748750000000058e+01
1.780320000000000036e+01
1.221366249999999987e+01
1.277996250000000167e+01
1.140104999999999968e+01
1.111001249999999985e+01
1.155426250000000010e+01
1.143389999999999951e+01
1.268297499999999900e+01
1.241229999999999833e+01
1.157342500000000030e+01
1.328853750000000034e+01
1.061505000000000010e+01
1.473120000000000118e+01
1.607252499999999884e+01
1.196451249999999966e+01
1.383412500000000200e+01
1.629959999999999809e+01
1.202979999999999805e+01
1.333197500000000169e+01
1.741308749999999961e+01
1.687666250000000190e+01
1.297315000000000040e+01
1.837582500000000252e+01
1.827036250000000095e+01
1.551702500000000029e+01
1.417608750000000128e+01
1.603304999999999936e+01
1.588288750000000071e+01
1.524887500000000173e+01
1.510994999999999955e+01
1.492641249999999964e+01
1.487434999999999974e+01
1.478351250000000050e+01
1.464692499999999953e+01
1.452310000000000123e+01
1.443141249999999864e+01
1.438128750000000089e+01
1.427536249999999995e+01
1.420674999999999955e+01
1.415918749999999982e+01
1.406957500000000216e+01
1.394810000000000016e+01
1.386066250000000011e+01
1.370663750000000114e+01
1.345551249999999932e+01
1.329401249999999912e+01
1.313182499999999919e+01
1.293067499999999903e+01
1.271704999999999863e+01
1.254471249999999927e+01
1.227402499999999996e+01
1.148676249999999932e+01
1.139311250000000086e+01
1.131119999999999948e+01
1.115254999999999797e+01
1.104643749999999969e+01
1.099268750000000061e+01
1.093418750000000017e+01
1.076618750000000269e+01
1.037527499999999847e+01
9.958138749999999817e+00
9.445388749999999334e+00
8.714615000000000222e+00
7.931948750000000103e+00
7.271292499999999492e+00
6.879602500000000731e+00
6.736322499999999991e+00
6.568466250000000173e+00
6.366702499999999709e+00
6.129521249999999810e+00
5.934822500000000112e+00
5.805821250000000155e+00
5.554926249999999399e+00
5.371613749999999854e+00
5.193172500000000191e+00
4.850335000000000285e+00
4.573897500000000171e+00
4.437158750000000040e+00
4.343536249999999654e+00
4.241573749999999698e+00
4.021660000000000679e+00
3.775660000000000238e+00
3.627828749999999935e+00
3.575137500000000301e+00
3.560243749999999707e+00
3.560858749999999961e+00
3.567501249999999846e+00
3.584417500000000256e+00
3.650745000000000129e+00
3.819646249999999910e+00
4.005087500000000134e+00
4.157298749999999821e+00
4.382429999999999382e+00
4.332874999999999588e+00
4.012771250000000123e+00
3.339669999999999916e+00
2.795931250000000201e+00
2.577416249999999742e+00
6.681987499999999525e-01
6.805862499999999482e-01
7.010312499999999947e-01
3.716524999999999967e-01
3.836512499999999992e-01
