6.651712499999999295e+01
7.920501249999999516e+01
5.410793750000000557e+01
4.558066250000000963e+01
4.069474999999999909e+01
3.660907499999999715e+01
3.226456250000000381e+01
2.851521250000000052e+01
2.558202499999999802e+01
2.287160000000000082e+01
2.008212499999999778e+01
1.693711249999999779e+01
1.440275000000000105e+01
1.007906250000000092e+01
8.123348749999999896e+00
7.225474999999999426e+00
6.373637500000000067e+00
5.772013750000000165e+00
5.309036249999999235e+00
4.946092500000000669e+00
4.648930000000000007e+00
4.404449999999999754e+00
4.055157500000000859e+00
3.670447500000000307e+00
3.380834999999999368e+00
3.154572500000000002e+00
2.965544999999999654e+00
2.810333749999999853e+00
2.679683750000000142e+00
2.563311249999999930e+00
2.460833750000000375e+00
2.371791250000000240e+00
2.291608749999999972e+00
2.219236250000000243e+00
2.127931250000000052e+00
2.020953750000000326e+00
1.930062500000000014e+00
1.852489999999999970e+00
1.793911249999999846e+00
1.760627500000000012e+00
1.718772500000000258e+00
1.663081250000000066e+00
1.613121250000000062e+00
1.569906249999999837e+00
1.527858750000000043e+00
1.500887499999999930e+00
1.483708749999999688e+00
1.466688750000000097e+00
1.449662499999999854e+00
1.438623749999999868e+00
1.433609999999999829e+00
1.428684999999999983e+00
1.423687500000000217e+00
1.418689999999999785e+00
1.413732500000000059e+00
1.408741249999999834e+00
1.403748750000000101e+00
1.398802499999999949e+00
1.393808750000000041e+00
1.388862499999999667e+00
1.383881249999999952e+00
1.378905000000000047e+00
1.373916250000000172e+00
1.368947499999999984e+00
1.360208749999999966e+00
1.347791249999999996e+00
1.335366249999999866e+00
1.322896249999999885e+00
1.308311250000000037e+00
1.291800000000000059e+00
1.275165000000000104e+00
1.258350000000000080e+00
1.241682500000000022e+00
1.224062499999999831e+00
1.205272500000000191e+00
1.186652499999999888e+00
1.176696249999999999e+00
1.170952500000000063e+00
1.166168749999999976e+00
1.171312500000000201e+00
1.187698750000000025e+00
1.219178749999999978e+00
1.262149999999999883e+00
1.348761249999999912e+00
1.530715000000000048e+00
1.957558750000000014e+00
3.304899999999999505e+00
9.829589999999999606e+00
2.393798749999999842e+01
2.618533749999999927e+01
2.076666250000000247e+01
9.977872500000001921e+00
2.215976249999999759e+00
1.167035000000000045e+00
1.018872500000000070e+00
9.106212500000000487e-01
8.559884999999999300e-01
8.401421249999998508e-01
8.237602499999999717e-01
8.098547500000000676e-01
8.049848749999999331e-01
8.035520000000000440e-01
8.017073749999999999e-01
8.005120000000001124e-01
7.997009999999999952e-01
8.072838749999999841e-01
8.232883749999998502e-01
8.585501249999999418e-01
8.934272500000000061e-01
9.203126249999999953e-01
9.726006249999999964e-01
1.018671249999999917e+00
1.059299999999999908e+00
1.122174999999999923e+00
1.210253749999999906e+00
1.359996249999999796e+00
1.504232500000000083e+00
1.635743750000000052e+00
1.831828749999999895e+00
2.217353750000000012e+00
3.104811250000000467e+00
5.524280000000000079e+00
1.366065000000000040e+01
4.152505000000000024e+01
9.752167500000000189e+01
2.847754999999999200e+03
3.433392499999999927e+03
2.799287499999999795e+02
6.189666250000000502e+01
2.528688749999999885e+01
1.109167500000000040e+01
7.250718750000000767e+00
5.358715000000001005e+00
4.061063749999999750e+00
2.793131250000000065e+00
2.031231249999999822e+00
1.567566249999999828e+00
1.237603750000000113e+00
9.915283750000001284e-01
8.673397499999999649e-01
7.655808750000000495e-01
6.697403749999999434e-01
5.974306250000001040e-01
4.866924999999999724e-01
4.238553749999999787e-01
4.139808750000000259e-01
4.325743750000000110e-01
5.012450000000000516e-01
6.754487499999999311e-01
1.068738750000000071e+00
1.687088750000000026e+00
2.869888750000000144e+01
3.018371249999999577e+02
9.145028750000000484e-01
5.269997499999999668e+00
2.571571249999999864e-01
1.735018749999999998e-01
8.080197499999999811e-02
1.683922499999999933e-02
1.410878750000000258e-02
1.251999999999999988e-02
1.042987499999999991e-02
8.577256250000001719e-03
2.585832499999999978e+00
2.685816250000000238e+00
3.476589999999999847e+00
2.566168749999999527e-02
1.230091250000000080e+00
2.635952500000000143e+00
1.344336250000000010e+00
1.837357499999999755e-01
1.144988750000000222e+00
4.662832499999999825e-01
4.706695000000000323e-03
1.292145000000000099e+00
6.235211250000000094e-01
7.566497500000000098e-01
5.314478750000000140e-01
5.608756249999999888e-01
4.298422499999999813e-01
3.858148750000000016e-01
3.455050000000000066e-01
2.983288749999999934e-01
2.524952500000000044e-01
2.169709999999999972e-01
1.838029999999999942e-01
1.623146249999999902e-01
1.557937500000000086e-01
1.477946250000000128e-01
1.361793749999999914e-01
1.300908749999999947e-01
1.266598750000000051e-01
1.237334999999999963e-01
1.199797499999999961e-01
1.125277499999999958e-01
1.069696249999999849e-01
1.016308750000000094e-01
9.749458750000000729e-02
9.560855000000000048e-02
9.380125000000000268e-02
9.075001250000000463e-02
8.667294999999999860e-02
8.170763750000001324e-02
7.570941250000000344e-02
6.770911250000000159e-02
6.057314999999999922e-02
5.576401250000000837e-02
5.001342500000000024e-02
4.670711250000000175e-02
4.451653750000000159e-02
4.310236249999999797e-02
4.255351250000000141e-02
4.238308750000000652e-02
4.226610000000000089e-02
4.203151249999999284e-02
4.113343750000000854e-02
3.912567500000000559e-02
3.650806250000000058e-02
3.457643750000000127e-02
3.333685000000000120e-02
3.227448749999999728e-02
3.141421249999999665e-02
3.049053749999999785e-02
2.894902500000000323e-02
2.699290000000000370e-02
2.509697499999999706e-02
2.288849999999999912e-02
1.707787499999999931e-02
1.150547499999999938e-02
7.676388749999999740e-03
3.564506249999999706e-03
1.623725000000000125e-03
1.061434999999999896e-03
2.318640000000000013e-04
2.258419999999999970e-04
2.129177500000000063e-04
8.664287500000000179e-05
6.775524999999999473e-05
