3.745162499999999728e+00
4.918540000000000134e+00
3.749133749999999488e+00
3.400113750000000490e+00
3.215885000000000105e+00
3.072906249999999950e+00
2.933807499999999902e+00
2.824946250000000436e+00
2.748536249999999903e+00
2.685158750000000261e+00
2.626711250000000053e+00
2.570376250000000251e+00
2.531405000000000349e+00
2.480037499999999451e+00
2.461500000000000021e+00
2.454412500000000108e+00
2.448202499999999837e+00
2.444087500000000190e+00
2.441030000000000033e+00
2.438659999999999606e+00
2.436710000000000154e+00
2.435076249999999831e+00
2.432661249999999775e+00
2.429808749999999851e+00
2.427408750000000559e+00
2.425278750000000372e+00
2.423302500000000137e+00
2.421451250000000055e+00
2.419688749999999722e+00
2.417970000000000397e+00
2.416298750000000162e+00
2.414668750000000585e+00
2.413066249999999968e+00
2.411481250000000021e+00
2.409184999999999910e+00
2.406104999999999716e+00
2.403063749999999832e+00
2.400035000000000363e+00
2.397743750000000063e+00
2.396249999999999769e+00
2.394019999999999815e+00
2.391053750000000200e+00
2.388067500000000010e+00
2.385089999999999932e+00
2.382123749999999873e+00
2.379877500000000090e+00
2.378378749999999986e+00
2.376896249999999711e+00
2.375410000000000021e+00
2.374367499999999520e+00
2.373766250000000078e+00
2.373177500000000162e+00
2.372577499999999784e+00
2.371980000000000199e+00
2.371386249999999585e+00
2.370786250000000095e+00
2.370188750000000510e+00
2.369598750000000198e+00
2.369001249999999725e+00
2.368406250000000046e+00
2.367809999999999970e+00
2.367213749999999894e+00
2.366616250000000310e+00
2.366021249999999743e+00
2.364974999999999827e+00
2.363486249999999789e+00
2.361998749999999703e+00
2.360502499999999948e+00
2.358253749999999815e+00
2.355280000000000040e+00
2.352282499999999832e+00
2.349253749999999918e+00
2.346253749999999805e+00
2.342063749999999889e+00
2.336611250000000251e+00
2.331117500000000398e+00
2.325627499999999959e+00
2.320418749999999974e+00
2.316083749999999775e+00
2.310642499999999711e+00
2.304148749999999968e+00
2.298503749999999624e+00
2.293242500000000295e+00
2.287869999999999848e+00
2.281891250000000149e+00
2.275568750000000140e+00
2.269460000000000033e+00
2.263201249999999831e+00
2.257165000000000088e+00
2.253097499999999975e+00
2.250350000000000072e+00
2.245254999999999779e+00
2.230647499999999894e+00
2.211382500000000029e+00
2.194830000000000059e+00
2.160340000000000149e+00
2.125236249999999938e+00
2.101913750000000025e+00
2.065345000000000208e+00
2.034308750000000110e+00
2.015509999999999469e+00
1.998105000000000020e+00
1.975692499999999852e+00
1.961175000000000113e+00
1.917996250000000069e+00
1.837245000000000017e+00
1.754608749999999828e+00
1.641713750000000083e+00
1.546133749999999862e+00
1.476615000000000233e+00
1.374226249999999983e+00
1.289122499999999949e+00
1.214297500000000030e+00
1.117043750000000113e+00
9.972377500000000339e-01
8.267508750000001072e-01
6.850907499999998596e-01
5.801658750000000531e-01
4.442769999999999775e-01
2.520717499999999833e-01
5.001812500000000355e-02
3.626026249999999562e-01
4.767688749999999587e+00
2.857042500000000018e+01
8.643155000000000143e+01
3.684547499999999673e+03
4.691352499999999964e+03
4.460047500000000014e+02
1.227232499999999931e+02
6.110456249999999301e+01
3.434526250000000402e+01
2.616588750000000374e+01
2.183678749999999980e+01
1.862330000000000041e+01
1.522437500000000199e+01
1.294291249999999849e+01
1.140676249999999925e+01
1.019576250000000073e+01
9.193814999999998960e+00
8.634222499999999911e+00
8.128468749999999687e+00
7.600922500000000248e+00
7.151601249999999688e+00
6.236573749999999805e+00
5.402108750000000015e+00
4.828233749999999880e+00
4.221032500000000631e+00
3.544017499999999821e+00
2.630966250000000173e+00
1.570668749999999836e+00
6.803666249999998916e-01
3.955834999999999724e+01
6.692691250000000309e+02
1.504025000000000034e+01
1.107569999999999943e+01
9.725749999999999673e+00
9.172536250000000280e+00
7.282605000000001105e+00
6.261388750000000059e+00
6.111378749999999194e+00
6.005831249999999955e+00
5.835883749999999814e+00
5.503309999999999924e+00
5.279666250000000005e+00
1.795908750000000254e+01
2.527833749999999924e+01
7.099092499999999362e+00
1.207686250000000072e+01
3.071402499999999947e+01
1.073200000000000109e+01
5.317260000000000097e+00
2.191901250000000090e+01
1.024623749999999944e+01
6.328095000000000248e+00
1.043037750000000052e+01
7.897766249999999211e+00
1.071037499999999909e+01
7.184987500000000082e+00
8.602429999999998245e+00
6.703970000000000873e+00
6.665560000000000151e+00
6.701094999999999580e+00
6.766502500000000531e+00
6.914187500000000597e+00
7.116805000000001158e+00
7.315789999999999793e+00
7.441821250000000276e+00
7.475457499999999200e+00
7.501731249999999740e+00
7.545188749999999445e+00
7.566980000000000040e+00
7.575718750000000057e+00
7.580484999999999474e+00
7.578931250000000119e+00
7.538679999999999382e+00
7.487962499999999189e+00
7.429936249999999909e+00
7.356649999999999245e+00
7.291193749999999696e+00
7.231916250000001156e+00
7.191952500000000192e+00
7.175922499999999538e+00
6.975876250000000667e+00
6.838644999999999641e+00
6.694808750000000863e+00
6.578278749999999953e+00
6.508058750000000003e+00
6.374777499999999542e+00
6.274708749999999391e+00
6.177266250000000625e+00
6.010876249999999033e+00
5.883575000000000443e+00
5.827812499999999396e+00
5.793617499999999865e+00
5.760993749999999913e+00
5.636250000000000426e+00
5.417008749999999928e+00
5.164103749999999771e+00
4.974082499999999740e+00
4.828526249999999465e+00
4.715342500000000214e+00
4.604684999999999917e+00
4.441767500000000091e+00
4.009666249999999543e+00
3.344526249999999923e+00
2.863018749999999724e+00
2.511023750000000110e+00
1.985546249999999846e+00
1.826564999999999772e+00
1.889887499999999942e+00
2.085712500000000080e+00
2.308685000000000098e+00
2.419942499999999441e+00
5.905925000000000757e-01
5.796212499999999768e-01
5.661962499999999565e-01
2.626012500000000083e-01
2.443712500000000121e-01
