7.026212499999999750e+01
8.412357500000000243e+01
5.785708750000000578e+01
4.898079999999999501e+01
4.391063749999999999e+01
3.968200000000000216e+01
3.519837499999999864e+01
3.134016249999999459e+01
2.833054999999999879e+01
2.555676249999999783e+01
2.270884999999999820e+01
1.950748749999999987e+01
1.693414999999999537e+01
1.255908750000000040e+01
1.058484999999999943e+01
9.679887500000001310e+00
8.821839999999999904e+00
8.216101250000001244e+00
7.750065000000000204e+00
7.384753749999999783e+00
7.085642499999999622e+00
6.839526249999999585e+00
6.487818750000000634e+00
6.100259999999999572e+00
5.808239999999999625e+00
5.579851249999999929e+00
5.388847499999999791e+00
5.231787499999999369e+00
5.099371249999999023e+00
4.981282499999999835e+00
4.877129999999999299e+00
4.786459999999999937e+00
4.704676249999999449e+00
4.630715000000000359e+00
4.537116250000000406e+00
4.427057500000000090e+00
4.333124999999999893e+00
4.252522499999999539e+00
4.191653749999999512e+00
4.156877499999999337e+00
4.112792499999999407e+00
4.054137499999999505e+00
4.001184999999999548e+00
3.954995000000000260e+00
3.909981249999999964e+00
3.880763749999999845e+00
3.862086249999999943e+00
3.843582500000000124e+00
3.825072500000000097e+00
3.812991250000000054e+00
3.807377499999999859e+00
3.801862499999999923e+00
3.796263749999999604e+00
3.790672499999999889e+00
3.785117499999999691e+00
3.779528749999999881e+00
3.773937500000000167e+00
3.768401250000000147e+00
3.762809999999999988e+00
3.757266250000000252e+00
3.751691249999999922e+00
3.746119999999999894e+00
3.740531249999999641e+00
3.734970000000000123e+00
3.725182499999999397e+00
3.711281249999999865e+00
3.697364999999999569e+00
3.683402499999999691e+00
3.666563749999999899e+00
3.647078749999999925e+00
3.627446249999999761e+00
3.607604999999999951e+00
3.587934999999999874e+00
3.566127499999999895e+00
3.541883750000000219e+00
3.517766250000000205e+00
3.502324999999999466e+00
3.491371249999999371e+00
3.482253749999999926e+00
3.481955000000000133e+00
3.491846250000000040e+00
3.517682499999999823e+00
3.555392500000000400e+00
3.636632500000000157e+00
3.812607499999999927e+00
4.233126249999999757e+00
5.574361249999999046e+00
1.209277500000000138e+01
2.619517500000000254e+01
2.843843749999999559e+01
2.301702500000000029e+01
1.222312500000000135e+01
4.446622500000000144e+00
3.378420000000000201e+00
3.213703749999999637e+00
3.070959999999999912e+00
2.981226249999999744e+00
2.942053749999999912e+00
2.889108749999999670e+00
2.844162500000000371e+00
2.820493749999999800e+00
2.801657499999999690e+00
2.777401250000000044e+00
2.761686250000000342e+00
2.717698749999999386e+00
2.644531250000000000e+00
2.577897499999999731e+00
2.500265000000000182e+00
2.439563750000000031e+00
2.396926249999999925e+00
2.346826249999999892e+00
2.307793750000000088e+00
2.273596249999999763e+00
2.239218750000000036e+00
2.207491249999999461e+00
2.186748750000000019e+00
2.189322499999999838e+00
2.215908750000000094e+00
2.276107500000000172e+00
2.469426250000000156e+00
3.154833749999999881e+00
5.886883749999999971e+00
1.842836249999999865e+01
7.009546249999999645e+01
1.839533749999999941e+02
6.532302499999999782e+03
8.124742500000000291e+03
7.259336249999998927e+02
1.846199999999999761e+02
8.639146249999998872e+01
4.543693749999999909e+01
3.341660000000000252e+01
2.719551249999999953e+01
2.268436249999999887e+01
1.801751249999999871e+01
1.497412500000000080e+01
1.297432500000000211e+01
1.143338750000000026e+01
1.018533749999999927e+01
9.501561249999998182e+00
8.894048749999999615e+00
8.270661249999999853e+00
7.749032500000000212e+00
6.723266249999999111e+00
5.825965000000000948e+00
5.242213750000000339e+00
4.653607499999999675e+00
4.045261250000000253e+00
3.306414999999999882e+00
2.639408750000000303e+00
2.367457500000000437e+00
6.825723750000000223e+01
9.711067500000001473e+02
1.595478750000000012e+01
1.634570000000000078e+01
9.982907499999999601e+00
9.346038750000001727e+00
7.363405000000000200e+00
6.278227499999999850e+00
6.125484999999999403e+00
6.018351250000000263e+00
5.846312499999999801e+00
5.511887500000000273e+00
7.865498750000000427e+00
2.064490000000000336e+01
2.875489999999999924e+01
7.124752499999999600e+00
1.330695000000000050e+01
3.334997500000000059e+01
1.207631250000000023e+01
5.500994999999999635e+00
2.306400000000000006e+01
1.071252875000000060e+01
6.332801249999999271e+00
1.172253750000000139e+01
8.521287499999999682e+00
1.146702500000000136e+01
7.716435000000000599e+00
9.163306249999999764e+00
7.133812499999999446e+00
7.051375000000000171e+00
7.046601250000000149e+00
7.064831250000000118e+00
7.166682500000000289e+00
7.333776249999999663e+00
7.499593749999999837e+00
7.604136249999999819e+00
7.631251250000000930e+00
7.649524999999999686e+00
7.681369999999999365e+00
7.697068749999999682e+00
7.702379999999998894e+00
7.704218750000000782e+00
7.698908750000000190e+00
7.651206249999999542e+00
7.594932499999999642e+00
7.531568750000000811e+00
7.454147499999999482e+00
7.386801250000001318e+00
7.325717500000000548e+00
7.282703749999999587e+00
7.264170000000000016e+00
7.240708749999998695e+00
7.211552499999998922e+00
7.171968749999999559e+00
7.134866249999999965e+00
7.107761250000000253e+00
7.050631250000000350e+00
7.003866249999999738e+00
6.955223750000000038e+00
6.865986250000000624e+00
6.790262500000000756e+00
6.749055000000000248e+00
6.719813750000000141e+00
6.684782500000000738e+00
6.595248750000000548e+00
6.478177500000000144e+00
6.370876250000000240e+00
6.275826249999999717e+00
6.192612500000000963e+00
6.123906250000000107e+00
6.071456250000000665e+00
5.984531249999999858e+00
5.751829999999999110e+00
5.285652500000000309e+00
4.923259999999999081e+00
4.650381249999999689e+00
4.221366249999999098e+00
4.067227500000000440e+00
4.091059999999999697e+00
4.215544999999999654e+00
4.382136249999999400e+00
4.460444999999999993e+00
1.095456250000000020e+00
1.083598749999999944e+00
1.068846249999999998e+00
5.124125000000000485e-01
4.921837499999999754e-01
