9.423099999999999454e+01
1.127772499999999951e+02
7.751956250000000637e+01
6.559416249999999593e+01
5.877780000000000626e+01
5.308903750000000343e+01
4.705232499999999618e+01
4.185287499999999739e+01
3.779292499999999677e+01
3.404740000000000322e+01
3.019817499999999910e+01
2.586581250000000054e+01
2.237934999999999874e+01
1.643951249999999931e+01
1.375393749999999926e+01
1.252018750000000047e+01
1.134932500000000033e+01
1.052136249999999862e+01
9.883161250000000564e+00
9.382168750000001722e+00
8.971613749999999499e+00
8.633332499999999854e+00
8.148746250000000302e+00
7.613283749999999017e+00
7.208443749999999817e+00
6.890819999999999723e+00
6.623847500000000998e+00
6.401346250000000460e+00
6.211759999999999948e+00
6.050492499999999829e+00
5.904153749999998979e+00
5.775593750000000526e+00
5.659125000000000405e+00
5.553397499999999987e+00
5.418899999999999828e+00
5.259873749999999681e+00
5.123225000000000584e+00
5.005006249999999213e+00
4.915737499999999649e+00
4.864334999999999631e+00
4.798482500000000428e+00
4.710858749999999873e+00
4.631143749999999670e+00
4.560894999999999477e+00
4.492283750000000353e+00
4.447082499999999605e+00
4.418061249999999163e+00
4.389308749999999648e+00
4.360547500000000021e+00
4.341594999999999871e+00
4.332513749999999497e+00
4.323596250000000474e+00
4.314550000000000551e+00
4.305503749999999741e+00
4.296517500000000211e+00
4.287479999999999514e+00
4.278438750000000290e+00
4.269482499999999625e+00
4.260441249999999513e+00
4.251476249999999624e+00
4.242462500000000247e+00
4.233446250000000077e+00
4.224409999999999776e+00
4.215416249999999643e+00
4.199588750000000203e+00
4.177107499999999973e+00
4.154603749999999707e+00
4.132021250000001089e+00
4.103447499999999692e+00
4.069269999999999499e+00
4.034841250000000379e+00
4.000036249999999960e+00
3.965542500000000636e+00
3.923483749999999937e+00
3.873197500000000293e+00
3.822726250000000103e+00
3.778291250000000101e+00
3.738663750000000174e+00
3.705683750000000387e+00
3.669199999999999573e+00
3.628567499999999502e+00
3.593420000000000059e+00
3.560732499999999856e+00
3.530834999999999280e+00
3.500259999999999483e+00
3.468045000000000044e+00
3.437042500000000445e+00
3.408973749999999914e+00
3.383230000000000182e+00
3.366708750000000361e+00
3.356352499999999850e+00
3.337286250000000010e+00
3.280586249999999815e+00
3.211792500000000050e+00
3.161723750000000166e+00
3.065076249999999725e+00
2.978846250000000584e+00
2.930609999999999715e+00
2.862077499999999830e+00
2.803902499999999964e+00
2.772936249999999880e+00
2.747964999999999769e+00
2.715811249999999788e+00
2.694977500000000248e+00
2.637514999999999610e+00
2.544986250000000005e+00
2.464587499999999931e+00
2.376421249999999930e+00
2.309726250000000203e+00
2.262941249999999904e+00
2.208512499999999878e+00
2.166248750000000278e+00
2.129183750000000153e+00
2.088734999999999786e+00
2.044128750000000050e+00
1.986406249999999929e+00
1.944601250000000059e+00
1.915071250000000003e+00
1.879447499999999938e+00
1.832104999999999873e+00
1.765578749999999975e+00
1.690474999999999950e+00
1.622116249999999926e+00
1.573576249999999899e+00
1.552205000000000279e+00
1.530281250000000037e+00
1.507979999999999876e+00
1.492461250000000073e+00
1.473353749999999796e+00
1.452560000000000073e+00
1.424828750000000088e+00
1.404722499999999874e+00
1.389422500000000005e+00
1.372815000000000119e+00
1.347367500000000051e+00
1.322468750000000082e+00
1.300564999999999971e+00
1.277413750000000014e+00
1.252772500000000067e+00
1.235872499999999929e+00
1.218058750000000190e+00
1.198652500000000121e+00
1.180083749999999876e+00
1.133418749999999919e+00
1.085127500000000023e+00
1.048328750000000031e+00
1.009682500000000038e+00
9.688304999999999279e-01
9.193616250000000711e-01
8.730217500000000408e-01
8.610641250000000690e-01
2.215316250000000053e+01
9.286487500000000228e-01
8.003797500000000564e-01
1.732855000000000034e+00
7.198431249999999171e-01
7.015896249999999945e-01
9.777578749999999985e-01
3.368310000000000137e+00
1.020663749999999936e+01
3.002552499999999824e+01
6.617301250000000437e+02
1.692117500000000163e+01
2.464743750000000233e+00
5.200892499999999785e+01
7.455561250000000939e+01
5.808915000000000717e+00
8.231243750000000148e+01
5.006111250000000013e+01
2.045586250000000206e+01
1.547502499999999870e+01
2.021703749999999999e+01
2.370833749999999895e+01
5.532461249999998998e+00
9.361738749999998888e+00
7.280896249999999625e+00
1.037225125000000148e+01
4.128260000000000218e+01
1.215666249999999948e+01
7.620367499999999517e+00
1.098202499999999837e+01
1.195427500000000087e+01
9.931746249999999776e+00
8.826005000000000322e+00
8.002627500000000893e+00
7.273683750000000003e+00
6.730434999999999945e+00
6.569575000000000387e+00
6.399008750000000134e+00
6.087502500000000261e+00
5.896231250000000479e+00
5.798823749999999499e+00
5.700598750000000159e+00
5.561498750000000157e+00
5.245813750000000830e+00
4.995832499999999676e+00
4.816443749999999469e+00
4.746402499999999414e+00
4.843956249999999741e+00
5.041514999999999525e+00
5.196482500000000115e+00
5.279353750000000289e+00
5.380280000000000840e+00
5.502198749999999805e+00
5.668606249999999847e+00
5.819236250000000332e+00
5.920752499999998975e+00
6.124951250000000513e+00
6.284943750000000051e+00
6.429265000000000008e+00
6.649684999999999846e+00
6.822223750000000031e+00
6.909634999999999749e+00
6.969643750000000360e+00
7.028778749999999853e+00
7.143421249999999390e+00
7.266093750000000462e+00
7.356232499999999064e+00
7.428192500000000642e+00
7.482433750000000217e+00
7.496960000000000512e+00
7.494043750000000337e+00
7.488940000000000374e+00
7.375327500000000924e+00
7.022298749999999146e+00
6.706579999999999764e+00
6.433024999999998883e+00
5.674837500000000645e+00
4.942658750000000545e+00
4.550922499999999538e+00
4.361516250000000205e+00
4.585278750000000514e+00
4.872666249999999089e+00
1.263023749999999890e+00
1.265912499999999996e+00
1.263983749999999961e+00
6.200499999999999901e-01
6.024662499999999810e-01
