9.054950000000000898e+01
1.078183749999999748e+02
7.365187500000000398e+01
6.204256250000000250e+01
5.539049999999999585e+01
4.982780000000000342e+01
4.391241249999999496e+01
3.880711250000000234e+01
3.481281249999999972e+01
3.112157499999999999e+01
2.732227500000000475e+01
2.303806249999999878e+01
1.958496249999999961e+01
1.368933750000000060e+01
1.101997499999999874e+01
9.792576250000001536e+00
8.627426250000000962e+00
7.803376250000000347e+00
7.168166249999998740e+00
6.669590000000001240e+00
6.261094999999999189e+00
5.924603749999999280e+00
5.442771249999999839e+00
4.910721249999999927e+00
4.508901250000000971e+00
4.194059999999999455e+00
3.929734999999999978e+00
3.709778749999999903e+00
3.522652500000000408e+00
3.363786249999999978e+00
3.219816249999999602e+00
3.093580000000000219e+00
2.979403749999999906e+00
2.875957500000000167e+00
2.744763750000000169e+00
2.590177500000000244e+00
2.457903749999999832e+00
2.344041250000000076e+00
2.258058750000000003e+00
2.208798750000000144e+00
2.146118749999999853e+00
2.062716249999999807e+00
1.987239999999999895e+00
1.921177499999999982e+00
1.856740000000000279e+00
1.814668750000000053e+00
1.787726250000000183e+00
1.761035000000000128e+00
1.734334999999999960e+00
1.716822500000000140e+00
1.708562499999999984e+00
1.700444999999999984e+00
1.692211250000000167e+00
1.683976250000000174e+00
1.675803750000000036e+00
1.667577499999999935e+00
1.659349999999999881e+00
1.651198750000000048e+00
1.642968750000000089e+00
1.634810000000000096e+00
1.626608749999999937e+00
1.618405000000000094e+00
1.610180000000000167e+00
1.601996249999999788e+00
1.587592500000000184e+00
1.567132500000000039e+00
1.546654999999999891e+00
1.526103749999999870e+00
1.500529999999999697e+00
1.470280000000000031e+00
1.439808750000000082e+00
1.409005000000000063e+00
1.378474999999999895e+00
1.341847500000000082e+00
1.298552499999999998e+00
1.255127499999999952e+00
1.217583749999999965e+00
1.184438749999999985e+00
1.156853750000000014e+00
1.126994999999999969e+00
1.094179999999999930e+00
1.065791249999999968e+00
1.039396250000000022e+00
1.015781250000000080e+00
9.920977500000000004e-01
9.671418750000001507e-01
9.431475000000000275e-01
9.221919999999999007e-01
9.034198749999998723e-01
8.913723749999999946e-01
8.838213749999999092e-01
8.699177499999999341e-01
8.285711249999999639e-01
7.796781249999999996e-01
7.459446250000000278e-01
6.821161250000000731e-01
6.277072500000000499e-01
5.989906249999999988e-01
5.598049999999998860e-01
5.265417500000000306e-01
5.096418750000000220e-01
4.968047499999999617e-01
4.802759999999999807e-01
4.695669999999999566e-01
4.408413750000000353e-01
3.974518750000000100e-01
3.622589999999999977e-01
3.269484999999999753e-01
3.016054999999999708e-01
2.840471250000000114e-01
2.655155000000000154e-01
2.516192499999999610e-01
2.394439999999999902e-01
2.271462499999999940e-01
2.142385000000000261e-01
1.979691250000000236e-01
1.870841249999999900e-01
1.794864999999999933e-01
1.707738749999999917e-01
1.600947500000000079e-01
1.453638750000000035e-01
1.303898749999999884e-01
1.178493750000000062e-01
1.096110000000000001e-01
1.061020000000000019e-01
1.028378749999999953e-01
9.951764999999998529e-02
9.720736249999999135e-02
9.441368750000000976e-02
9.165846249999999584e-02
8.802611250000000331e-02
8.540636250000001317e-02
8.355942500000000661e-02
8.164857500000000101e-02
7.872034999999999449e-02
7.608180000000000498e-02
7.401573749999999785e-02
7.183297499999999336e-02
6.950997499999998774e-02
6.791678750000000597e-02
6.628511250000000687e-02
6.488073749999999362e-02
6.362891249999999554e-02
6.065087500000000686e-02
5.834917499999999618e-02
5.704113749999999150e-02
5.669767500000000293e-02
5.832733749999999967e-02
6.479139999999999899e-02
9.042427499999999840e-02
1.692518749999999961e-01
1.920710000000000406e+01
7.240490000000000814e-02
5.064485000000000514e-02
1.028356749999999931e+00
5.302927500000000072e-02
5.046587500000000032e-02
8.707653749999999526e-02
2.510552499999999521e-01
6.141980000000000217e-01
1.638235000000000108e+00
5.159193749999999312e+01
6.965774999999999606e-01
8.430126250000000154e-02
3.524343749999999442e+00
3.168166249999999629e+00
1.544704999999999828e-01
1.719367499999999938e+00
1.937821249999999829e+00
5.249782499999998686e-01
5.665630000000000388e-01
6.108916250000000492e-01
6.832869999999999777e-01
7.486897499999999907e-03
5.102115000000000400e-01
9.679685000000001205e-01
5.483717499999999356e-01
5.582397500000000345e-01
4.875258749999999419e-01
3.808290000000000286e-01
2.192370000000000152e-01
2.021866249999999809e-01
1.623420000000000141e-01
1.296503750000000121e-01
1.073383749999999998e-01
8.963745000000000740e-02
7.735597499999999349e-02
7.389899999999999247e-02
7.029449999999999588e-02
6.377631249999998753e-02
5.981886249999999322e-02
5.781270000000000159e-02
5.579392500000000116e-02
5.294232499999999147e-02
4.560261250000000044e-02
3.725869999999999876e-02
3.004783750000000059e-02
2.619926250000000068e-02
2.419351250000000009e-02
2.327639999999999917e-02
2.276621250000000068e-02
2.269527500000000433e-02
2.260887500000000050e-02
2.250447499999999948e-02
2.249508750000000015e-02
2.256203749999999980e-02
2.260717500000000019e-02
2.269793749999999763e-02
2.276908750000000009e-02
2.297072500000000086e-02
2.360885000000000067e-02
2.413546249999999962e-02
2.440223749999999997e-02
2.458537500000000306e-02
2.483389999999999903e-02
2.555745000000000239e-02
2.592622499999999719e-02
2.576201249999999707e-02
2.563089999999999813e-02
2.552436250000000503e-02
2.538857500000000350e-02
2.525817499999999730e-02
2.503033749999999946e-02
2.385147500000000045e-02
1.812436249999999777e-02
1.438714999999999786e-02
1.149544999999999907e-02
5.748192499999999795e-03
1.950917500000000099e-03
9.936291250000001476e-04
6.752970000000000500e-04
9.191676249999999188e-04
1.313526249999999842e-03
3.312000000000000274e-04
3.089199999999999629e-04
2.694112499999999763e-04
8.265924999999999976e-05
5.238300000000000313e-05
