3.681364999999999998e+00
4.958864999999999412e+00
3.867676250000000149e+00
3.551601250000000043e+00
3.387292500000000040e+00
3.261225000000000041e+00
3.139889999999999404e+00
3.045762499999999928e+00
2.980113750000000117e+00
2.925853749999999920e+00
2.875883750000000294e+00
2.827725000000000044e+00
2.794372499999999704e+00
2.750136249999999727e+00
2.733954999999999913e+00
2.727612499999999773e+00
2.721911250000000670e+00
2.718003749999999830e+00
2.714995000000000047e+00
2.712577499999999642e+00
2.710516249999999516e+00
2.708726249999999780e+00
2.705978750000000321e+00
2.702561250000000470e+00
2.699542499999999734e+00
2.696757500000000363e+00
2.694112500000000132e+00
2.691568750000000065e+00
2.689108749999999937e+00
2.686703749999999946e+00
2.684337499999999821e+00
2.682014999999999816e+00
2.679720000000000102e+00
2.677442500000000170e+00
2.674138749999999565e+00
2.669694999999999929e+00
2.665322499999999817e+00
2.660966249999999977e+00
2.657678750000000090e+00
2.655536249999999932e+00
2.652363750000000131e+00
2.648138750000000208e+00
2.643903749999999775e+00
2.639716249999999764e+00
2.635543750000000074e+00
2.632414999999999949e+00
2.630335000000000090e+00
2.628272500000000012e+00
2.626211250000000330e+00
2.624771250000000222e+00
2.623952500000000132e+00
2.623152499999999776e+00
2.622338749999999941e+00
2.621523749999999708e+00
2.620716249999999636e+00
2.619903749999999754e+00
2.619088749999999965e+00
2.618284999999999751e+00
2.617471249999999916e+00
2.616663749999999844e+00
2.615852499999999914e+00
2.615042500000000381e+00
2.614229999999999610e+00
2.613421250000000029e+00
2.611998750000000147e+00
2.609972500000000029e+00
2.607951250000000165e+00
2.605916249999999934e+00
2.602918750000000170e+00
2.598987500000000228e+00
2.595031249999999901e+00
2.591031249999999897e+00
2.587067499999999853e+00
2.581638750000000204e+00
2.574643749999999454e+00
2.567600000000000104e+00
2.560707500000000358e+00
2.554226250000000142e+00
2.548830000000000151e+00
2.542205000000000048e+00
2.534391250000000095e+00
2.527628750000000313e+00
2.521336250000000057e+00
2.515052500000000357e+00
2.508161250000000120e+00
2.500902500000000028e+00
2.493893750000000242e+00
2.486781249999999943e+00
2.479809999999999626e+00
2.475335000000000285e+00
2.472529999999999895e+00
2.467367500000000380e+00
2.452014999999999834e+00
2.432113750000000074e+00
2.415779999999999816e+00
2.382962500000000095e+00
2.351138750000000055e+00
2.331620000000000026e+00
2.302272499999999944e+00
2.277358750000000320e+00
2.263295000000000279e+00
2.251162499999999511e+00
2.235533750000000097e+00
2.225411250000000063e+00
2.196671250000000075e+00
2.147534999999999972e+00
2.102329999999999810e+00
2.049475000000000158e+00
2.008118749999999952e+00
1.978892500000000165e+00
1.942993749999999853e+00
1.914628750000000101e+00
1.889738750000000023e+00
1.861588749999999903e+00
1.829887499999999889e+00
1.788437499999999902e+00
1.757517500000000066e+00
1.735586249999999886e+00
1.708672500000000039e+00
1.672011250000000171e+00
1.620217499999999866e+00
1.560084999999999944e+00
1.504266249999999916e+00
1.463964999999999961e+00
1.446102499999999846e+00
1.427442499999999947e+00
1.408460000000000045e+00
1.395255000000000134e+00
1.378939999999999833e+00
1.360899999999999999e+00
1.336801249999999941e+00
1.319311250000000157e+00
1.305861249999999973e+00
1.291167500000000024e+00
1.268647500000000150e+00
1.246386250000000029e+00
1.226551249999999982e+00
1.205578749999999921e+00
1.183262500000000106e+00
1.167956250000000029e+00
1.151773749999999819e+00
1.133768749999999992e+00
1.116453750000000023e+00
1.072767499999999874e+00
1.026780000000000026e+00
9.912867499999998833e-01
9.529843749999999947e-01
9.105031249999999687e-01
8.545702500000000867e-01
7.825974999999999460e-01
6.918120000000000935e-01
2.946042500000000341e+00
8.562441250000001336e-01
7.497346249999999879e-01
7.044967500000000049e-01
6.668137499999999829e-01
6.511240000000000361e-01
8.906814999999999038e-01
3.117255000000000109e+00
9.592452500000000271e+00
2.838729999999999976e+01
6.101382499999998572e+02
1.622457500000000152e+01
2.380442500000000017e+00
4.848456249999999557e+01
7.138743750000000432e+01
5.654441249999999641e+00
8.059307499999999891e+01
4.812329999999999330e+01
1.993087500000000034e+01
1.490846249999999884e+01
1.960612499999999869e+01
2.302507500000000107e+01
5.524972499999999620e+00
8.851527499999999549e+00
6.312924999999999898e+00
9.823893749999999869e+00
4.072435000000000116e+01
1.166913749999999972e+01
7.239538749999999467e+00
1.076278749999999995e+01
1.175213750000000168e+01
9.769403749999998610e+00
8.696352500000001484e+00
7.895291249999999650e+00
7.184045000000000236e+00
6.653080000000000105e+00
6.495674999999999422e+00
6.328713750000000360e+00
6.023724999999999774e+00
5.836409999999999876e+00
5.741011250000000565e+00
5.644803750000001230e+00
5.508556249999999821e+00
5.200211250000000618e+00
4.956817499999999654e+00
4.637444999999999595e+00
4.431723749999999740e+00
4.462034999999999307e+00
4.609952500000000342e+00
4.730220000000000091e+00
4.797188750000000113e+00
4.878747500000000237e+00
4.977272500000000655e+00
5.111373749999999383e+00
5.232549999999999812e+00
5.314213749999999514e+00
5.478482499999999256e+00
5.607187500000000213e+00
5.721135000000001192e+00
5.889981249999999946e+00
6.021727500000000788e+00
6.088472499999999954e+00
6.134291249999999529e+00
6.178283750000000296e+00
6.259357499999999241e+00
6.346262499999999918e+00
6.394907500000000411e+00
6.397983749999999858e+00
6.396533749999999685e+00
6.377191249999999201e+00
6.351656249999999559e+00
6.288306249999998876e+00
5.884941249999999791e+00
5.168404999999999916e+00
4.641912500000000108e+00
4.223191250000000174e+00
3.375216249999999807e+00
2.652478749999999774e+00
2.266078750000000142e+00
2.099272500000000097e+00
2.345907500000000034e+00
2.679837499999999650e+00
7.230474999999999541e-01
7.262937499999999602e-01
7.243550000000000821e-01
3.504099999999999993e-01
3.340562499999999990e-01
