5.917024999999999636e+03
7.047007500000000618e+03
4.815018750000000182e+03
4.056660000000000764e+03
3.622118750000000091e+03
3.258726249999999709e+03
2.872268749999999727e+03
2.538699999999999818e+03
2.277679999999999836e+03
2.036402499999999918e+03
1.787991250000000036e+03
1.507749999999999773e+03
1.281793750000000045e+03
8.955345000000000937e+02
7.205988750000000209e+02
6.402441249999999400e+02
5.642617500000000064e+02
5.108022499999999582e+02
4.698640000000000327e+02
4.380181249999999977e+02
4.121353750000000105e+02
3.908578750000000355e+02
3.620598749999999768e+02
3.309845000000000255e+02
3.089171249999999418e+02
2.928305000000000291e+02
2.811129999999999995e+02
2.726530000000000200e+02
2.670639999999999645e+02
2.635312500000000000e+02
2.618637500000000387e+02
2.619522500000000491e+02
2.636626249999999914e+02
2.669208749999999668e+02
2.747906249999999773e+02
2.898111250000000041e+02
3.067868750000000091e+02
3.240323750000000018e+02
3.345272499999999241e+02
3.392603750000000105e+02
3.395076250000000186e+02
3.320464999999999804e+02
3.193393750000000182e+02
3.061901249999999663e+02
2.979390000000000214e+02
2.962171250000000100e+02
2.996376250000000141e+02
3.038424999999999727e+02
3.080488749999999527e+02
3.115887500000000045e+02
3.144731249999999818e+02
3.173063750000000027e+02
3.201812499999999773e+02
3.230552500000000009e+02
3.259096249999999486e+02
3.287672499999999900e+02
3.308157500000000368e+02
3.323863750000000437e+02
3.339718750000000682e+02
3.355436249999999632e+02
3.371246249999999804e+02
3.387050000000000409e+02
3.401807499999999891e+02
3.398971249999999600e+02
3.383120000000000118e+02
3.360602499999999964e+02
3.338061250000000086e+02
3.316522499999999809e+02
3.302148750000000064e+02
3.362521249999999782e+02
3.595517499999999700e+02
3.910912500000000591e+02
4.072647500000000491e+02
3.928073749999999791e+02
3.905203749999999445e+02
4.388652500000000600e+02
5.293573749999999336e+02
6.624463749999998754e+02
8.340981249999999818e+02
1.102732499999999845e+03
1.407670000000000073e+03
1.616816249999999854e+03
1.631091249999999945e+03
1.422402499999999918e+03
1.109873750000000200e+03
8.401693749999999454e+02
7.047282499999998890e+02
6.657916249999999536e+02
8.331520000000000437e+02
1.117087500000000091e+03
1.313710000000000036e+03
1.327426250000000209e+03
5.177077499999999191e+02
7.298503750000000991e+02
6.672871249999999463e+02
1.261651249999999891e+02
1.212161250000000052e+02
1.851732499999999959e+02
4.430840000000000600e+02
4.614402500000000487e+02
3.826106249999999704e+02
3.163446250000000077e+02
4.169650000000000318e+02
7.761901249999999663e+02
4.780271250000000691e+02
3.398345000000000482e+02
2.913735000000000355e+02
1.557998750000000143e+02
4.824921249999999873e+02
1.685109999999999957e+02
3.568643749999999670e+01
4.659492500000000348e+01
1.756284999999999741e+02
2.557502499999999941e+02
1.512048749999999870e+02
1.355271250000000123e+02
8.446688749999999857e+01
1.414698749999999734e+02
8.807972499999999627e+01
1.433716249999999945e+02
1.365278749999999945e+02
1.129504999999999910e+02
7.027097500000000707e+01
6.871068749999999170e+01
1.106395000000000124e+02
7.815591249999999945e+01
2.139941250000000039e+01
1.829451250000000329e+01
2.335395000000000110e+01
1.079156250000000057e+02
5.478155000000000285e+01
1.974953750000000241e+01
2.739931250000000063e+01
4.862492499999999751e+01
2.141394999999999982e+01
2.053776249999999948e+01
4.261647500000000122e+01
6.345768749999999869e+01
6.240807499999999663e+01
2.532988749999999811e+01
4.839508750000000248e+01
1.803543750000000045e+01
3.562981249999999989e+01
5.290115000000000123e+01
2.756946250000000020e+01
6.439493749999999750e+01
1.155581249999999898e+02
1.071170000000000044e+02
1.063687500000000199e+02
8.134312500000000057e+01
3.754092500000000143e+01
5.412748750000000086e+01
8.979199999999998738e+01
7.345395000000000607e+01
6.663084999999999525e+01
6.149977499999999964e+01
5.861991249999999809e+01
4.741227499999999395e+01
4.035196249999999196e+01
4.063186250000000399e+01
4.085951249999999391e+01
4.127177500000000521e+01
4.075695000000000334e+01
3.801561249999999603e+01
3.292600000000000193e+01
3.176511250000000075e+01
3.190177500000000421e+01
3.110698750000000246e+01
2.885255000000000081e+01
2.689376250000000113e+01
2.628052500000000080e+01
2.586673749999999927e+01
2.490995000000000203e+01
2.415359999999999729e+01
2.359919999999999618e+01
2.275644999999999740e+01
2.151334999999999908e+01
2.063255000000000194e+01
1.942569999999999908e+01
1.841807500000000175e+01
1.785363750000000138e+01
1.731422500000000042e+01
1.667924999999999969e+01
1.587872499999999931e+01
1.516349999999999909e+01
1.450040000000000084e+01
1.402159999999999940e+01
1.388097499999999940e+01
1.372701250000000073e+01
1.344148750000000092e+01
1.324816249999999940e+01
1.313750000000000107e+01
1.302475000000000094e+01
1.286643749999999997e+01
1.247189999999999976e+01
1.208792499999999848e+01
1.165047499999999836e+01
1.096223749999999875e+01
1.029831250000000153e+01
9.771801249999999328e+00
9.436530000000001195e+00
9.306198750000000075e+00
9.151277499999999065e+00
8.975592499999999418e+00
8.757866249999999297e+00
8.572541249999998669e+00
8.447644999999999627e+00
8.239178750000000662e+00
8.088915000000000077e+00
7.948328749999999054e+00
7.723544999999999661e+00
7.573758750000000539e+00
7.505147499999999638e+00
7.458046250000000654e+00
7.411971249999998790e+00
7.323750000000000426e+00
7.216673749999999110e+00
7.124389999999999112e+00
7.072759999999999714e+00
7.068066250000000217e+00
7.064048749999999544e+00
7.060794999999999710e+00
7.055103750000000673e+00
7.121941250000000778e+00
7.300527499999999392e+00
7.449772499999999020e+00
7.547799999999998732e+00
7.647923750000000354e+00
7.540423749999999536e+00
7.247687499999999616e+00
6.599086250000000042e+00
6.048406250000000206e+00
5.736555000000000071e+00
1.425948750000000098e+00
1.433985000000000065e+00
1.451672499999999921e+00
7.507099999999999884e-01
7.719000000000000306e-01
