1.080528749999999945e+03
1.285927500000000009e+03
8.778263749999999845e+02
7.390566250000000537e+02
6.595013749999999391e+02
5.929392500000000155e+02
5.221090000000000373e+02
4.609271249999999895e+02
4.130068750000000364e+02
3.686633749999999736e+02
3.229481250000000045e+02
2.712504999999999882e+02
2.294373749999999745e+02
1.573603750000000048e+02
1.243647500000000008e+02
1.090113750000000152e+02
9.435563750000000027e+01
8.393242499999999495e+01
7.587038749999999254e+01
6.953573749999999620e+01
6.433718749999999886e+01
6.002026250000000118e+01
5.408780000000000143e+01
4.755283749999999543e+01
4.275543750000000642e+01
3.910361249999999700e+01
3.627856249999999960e+01
3.405503749999999741e+01
3.234582500000000493e+01
3.098914999999999864e+01
2.993773750000000078e+01
2.916217500000000129e+01
2.862688750000000226e+01
2.830498750000000285e+01
2.823640000000000327e+01
2.869758750000000092e+01
2.945463749999999692e+01
3.036611249999999984e+01
3.091030000000000300e+01
3.111424999999999841e+01
3.092217500000000285e+01
3.008900000000000219e+01
2.891474999999999795e+01
2.774527499999999947e+01
2.707891250000000483e+01
2.700561249999999802e+01
2.738596249999999799e+01
2.783945000000000292e+01
2.829309999999999903e+01
2.866791249999999991e+01
2.896480000000000032e+01
2.925645000000000451e+01
2.955236249999999742e+01
2.984818750000000165e+01
3.014201249999999987e+01
3.043637500000000173e+01
3.066057500000000147e+01
3.084290000000000020e+01
3.102693749999999540e+01
3.120939999999999515e+01
3.139289999999999736e+01
3.157637499999999875e+01
3.175182500000000019e+01
3.178968749999999943e+01
3.177163750000000064e+01
3.174598749999999825e+01
3.172028750000000130e+01
3.172671250000000498e+01
3.225197500000000161e+01
3.429867499999999580e+01
3.909248749999999717e+01
4.496528750000000230e+01
4.703905000000000314e+01
4.138547500000000667e+01
3.554203749999999928e+01
3.700962499999999977e+01
4.357763750000000158e+01
5.563955000000000695e+01
7.523581249999999443e+01
1.002315250000000049e+02
1.112532499999999942e+02
1.217206249999999983e+02
1.221064999999999969e+02
1.079898749999999978e+02
8.792982499999999391e+01
7.435533750000000452e+01
7.652970000000000539e+01
8.513368749999999352e+01
1.247893749999999926e+02
1.825939999999999941e+02
2.217762500000000045e+02
2.275178750000000036e+02
8.483537499999999909e+01
1.700063749999999914e+02
1.564019999999999868e+02
1.473899999999999899e+01
8.940816250000001020e+00
1.285596250000000040e+01
2.967053749999999468e+01
2.574405000000000143e+01
2.194794999999999874e+01
2.122050000000000125e+01
3.872334999999999638e+01
8.244120000000000914e+01
4.625723750000000223e+01
1.725203750000000014e+01
1.102823749999999947e+01
1.021556250000000077e+01
9.988303750000000036e+01
3.125637500000000557e+01
3.500497499999999818e+00
7.263201250000000719e+00
3.988295000000000101e+01
4.830610000000000070e+01
2.807432500000000175e+01
4.823786249999999853e+01
2.173436249999999959e+01
1.070843749999999943e+02
2.524713750000000090e+01
2.234602499999999736e+01
4.377218750000000114e+01
2.182512499999999989e+01
5.186142499999999878e+00
3.133795000000000108e+00
4.222483750000000313e+00
1.253421249999999887e+01
1.318244999999999889e+00
4.699237500000000289e-01
6.244711250000000158e-01
4.021098750000000166e+00
1.904349999999999987e+00
4.372103749999999844e-01
1.301453749999999854e+00
2.144297499999999967e+00
5.749662500000001231e-01
8.263876250000000701e-01
2.466987500000000111e+00
5.537047499999999900e+00
5.261860000000000426e+00
2.947643750000000118e+00
8.894871250000001339e+00
1.406429999999999847e+00
5.185627499999998946e+00
2.449774999999999814e+00
1.507737499999999953e+00
4.244953750000000525e+00
1.061942499999999967e+01
1.171081249999999940e+01
1.348998749999999980e+01
6.119082500000000202e+00
2.281671250000000040e+00
4.587263749999999085e+00
6.277331249999999585e+00
1.249043750000000053e+01
1.114615000000000045e+01
1.013517499999999849e+01
9.566990000000000549e+00
7.324656250000000313e+00
5.887731249999999861e+00
5.927777500000000366e+00
5.960345000000000226e+00
6.019321250000000845e+00
5.882161250000000230e+00
5.335511250000000594e+00
4.292373749999999433e+00
3.971622499999999611e+00
3.962498749999999514e+00
3.770293749999999999e+00
3.308320000000000594e+00
2.913601250000000142e+00
2.771687500000000526e+00
2.676785000000000192e+00
2.482361249999999853e+00
2.332413749999999730e+00
2.222840000000000149e+00
2.064607500000000151e+00
1.836923750000000188e+00
1.680558750000000101e+00
1.465387500000000065e+00
1.273576249999999854e+00
1.171024999999999983e+00
1.079401250000000090e+00
9.807198750000001297e-01
8.705749999999999877e-01
7.808783750000000135e-01
6.868058750000000101e-01
6.025920000000001275e-01
5.867848749999999836e-01
5.697931250000000114e-01
5.386013749999999378e-01
5.176572500000000687e-01
5.056878750000000089e-01
4.937042500000000111e-01
4.763718750000000002e-01
4.422103749999999889e-01
4.107263749999999769e-01
3.574517500000000680e-01
2.989330000000000043e-01
2.441284999999999983e-01
2.029278749999999798e-01
1.750259999999999871e-01
1.593514999999999793e-01
1.434157500000000085e-01
1.340365000000000029e-01
1.252408749999999737e-01
1.189053750000000076e-01
1.146353750000000116e-01
1.065462500000000090e-01
1.003606249999999950e-01
9.537068749999999540e-02
8.915447500000001080e-02
8.426055000000000350e-02
8.174259999999999859e-02
8.001402500000000251e-02
7.830068750000000743e-02
7.498251250000000090e-02
7.494717499999999089e-02
7.869476250000000117e-02
7.953679999999999084e-02
7.669436250000000177e-02
7.425824999999999787e-02
7.228563750000001342e-02
6.883845000000000935e-02
6.050495000000000873e-02
4.545168749999999730e-02
3.278241249999999662e-02
2.369461249999999658e-02
9.545099999999999071e-03
2.646802499999999485e-03
1.253484999999999929e-03
1.166917500000000125e-03
1.143238750000000019e-03
1.116047499999999956e-03
2.710549999999999722e-04
2.693325000000000103e-04
2.667137500000000042e-04
1.304262500000000051e-04
1.280850000000000044e-04
