9.206437499999999829e+00
1.327325000000000088e+01
1.091481250000000358e+01
1.027756249999999838e+01
9.955392500000000311e+00
9.712297500000001804e+00
9.480943750000001558e+00
9.302317499999999129e+00
9.177452499999999347e+00
9.073290000000000077e+00
8.975762500000000088e+00
8.877817499999999029e+00
8.805054999999999410e+00
8.679632500000000306e+00
8.611176249999999754e+00
8.568342499999999973e+00
8.516776249999999493e+00
8.469860000000000610e+00
8.425118749999999324e+00
8.382546250000000754e+00
8.341291250000001156e+00
8.301268750000000196e+00
8.233936249999999291e+00
8.141579999999999373e+00
8.053561250000001337e+00
7.968827499999999731e+00
7.887108750000001223e+00
7.807804999999999218e+00
7.731121249999998390e+00
7.656302499999998901e+00
7.583407500000000745e+00
7.512781250000000632e+00
7.444465000000000110e+00
7.378461249999999971e+00
7.289107500000000073e+00
7.183874999999999567e+00
7.100426249999999939e+00
7.044862499999999805e+00
7.021459999999999368e+00
7.011868750000000539e+00
7.008387499999999548e+00
6.996089999999999698e+00
6.949488750000000437e+00
6.887538750000000043e+00
6.792044999999999888e+00
6.708743750000000894e+00
6.655191250000000558e+00
6.602637500000001047e+00
6.550061249999999724e+00
6.517248749999999369e+00
6.504357500000000236e+00
6.491692500000000088e+00
6.478843749999999346e+00
6.465996250000000778e+00
6.453237499999999294e+00
6.440479999999999983e+00
6.432209999999999539e+00
6.426569999999999894e+00
6.420871249999999364e+00
6.415223749999999114e+00
6.409543749999999207e+00
6.403863750000001076e+00
6.397942500000000088e+00
6.388386249999999933e+00
6.369298749999999565e+00
6.342190000000000438e+00
6.315050000000001162e+00
6.285113749999999833e+00
6.198329999999999451e+00
6.056722500000000231e+00
5.935026250000000836e+00
5.878313750000000226e+00
5.927694999999999936e+00
5.893747499999999917e+00
5.592298749999999430e+00
5.223489999999999966e+00
4.917041249999999586e+00
4.739873750000000108e+00
4.836156250000000156e+00
5.847346249999999301e+00
8.043960000000000221e+00
1.081023749999999950e+01
1.340554999999999808e+01
1.474492499999999851e+01
1.463753750000000053e+01
1.342561249999999973e+01
1.202856249999999960e+01
1.074213750000000012e+01
1.005856250000000074e+01
1.108757500000000107e+01
1.300552500000000045e+01
1.676142499999999913e+01
1.416546250000000207e+01
1.066162499999999902e+01
1.693817499999999754e+01
1.133422499999999999e+01
9.069562499999999972e+00
7.889211250000000675e+00
8.304934999999998624e+00
1.009883750000000013e+01
1.039434999999999931e+01
9.647157500000000496e+00
8.046017499999999600e+00
9.563130000000001019e+00
1.438436249999999994e+01
1.180702499999999944e+01
1.334816250000000082e+01
1.161381249999999987e+01
1.202852500000000013e+01
1.585269999999999868e+01
1.162308750000000046e+01
9.980091249999999192e+00
1.035081249999999997e+01
1.106558749999999947e+01
1.467106250000000145e+01
1.195306250000000148e+01
1.098463749999999983e+01
1.302772500000000200e+01
1.079157499999999992e+01
1.184011250000000182e+01
1.326021249999999974e+01
1.454001249999999956e+01
1.174125000000000085e+01
1.158178750000000257e+01
1.297582500000000039e+01
1.310337499999999977e+01
1.272535000000000061e+01
1.180662500000000037e+01
1.094047499999999928e+01
1.117382499999999901e+01
1.281821249999999957e+01
1.194877499999999770e+01
1.129785000000000039e+01
1.134174999999999933e+01
1.176922500000000049e+01
1.067926249999999833e+01
1.070723750000000152e+01
1.093022499999999830e+01
1.200261249999999968e+01
1.101970000000000027e+01
1.179234999999999900e+01
1.071916249999999948e+01
1.122026249999999870e+01
1.083215000000000039e+01
1.075168749999999918e+01
8.819014999999998494e+00
1.334074999999999811e+01
1.083335000000000115e+01
1.518945000000000256e+01
1.328229999999999933e+01
1.242188750000000041e+01
1.239845000000000041e+01
1.371583749999999924e+01
1.304471249999999927e+01
1.277723750000000003e+01
1.257608750000000164e+01
1.246531250000000313e+01
1.212058749999999918e+01
1.196907500000000013e+01
1.202068749999999930e+01
1.206267499999999870e+01
1.213870000000000005e+01
1.221462499999999984e+01
1.212454999999999927e+01
1.203393750000000040e+01
1.224094999999999978e+01
1.234686250000000030e+01
1.241522499999999951e+01
1.237446250000000170e+01
1.232007499999999922e+01
1.235529999999999973e+01
1.237649999999999828e+01
1.235316249999999982e+01
1.232388749999999789e+01
1.230134999999999934e+01
1.224143749999999820e+01
1.213538750000000022e+01
1.204528750000000059e+01
1.192060000000000031e+01
1.184024999999999928e+01
1.177466249999999981e+01
1.168573750000000189e+01
1.154518749999999905e+01
1.131542499999999940e+01
1.107697499999999735e+01
1.079831249999999976e+01
1.053491250000000079e+01
1.044712499999999977e+01
1.034765000000000157e+01
1.015111249999999821e+01
1.001138750000000144e+01
9.931053750000000235e+00
9.845477499999999438e+00
9.717218750000000682e+00
9.353518750000000992e+00
8.982879999999999754e+00
8.499308750000000856e+00
7.781098749999999065e+00
7.094378750000000622e+00
6.540651250000000694e+00
6.187191250000000586e+00
6.055085000000000051e+00
5.898697499999999927e+00
5.723311250000000072e+00
5.507794999999999774e+00
5.325361250000000268e+00
5.202412499999999440e+00
4.985914999999999431e+00
4.825701249999999831e+00
4.679086250000000113e+00
4.451890000000000569e+00
4.296966249999999654e+00
4.224724999999999397e+00
4.175132500000000135e+00
4.123393749999999969e+00
4.012464999999999726e+00
3.871493749999999956e+00
3.743989999999999263e+00
3.662624999999999797e+00
3.631885000000000474e+00
3.605538750000000014e+00
3.584204999999999863e+00
3.546923749999999931e+00
3.562508750000000557e+00
3.701675000000000271e+00
3.886328750000000110e+00
4.041262500000000202e+00
4.289600000000000080e+00
4.298017499999999380e+00
4.059192499999999981e+00
3.439100000000000268e+00
2.895381249999999795e+00
2.649379999999999846e+00
6.822187500000000959e-01
6.959487500000000049e-01
7.219437499999999952e-01
3.937599999999999989e-01
4.202412500000000106e-01
