2.137802500000000094e+01
2.576884999999999692e+01
1.788317500000000138e+01
1.524938750000000098e+01
1.375839999999999819e+01
1.252651249999999905e+01
1.123719999999999963e+01
1.014600000000000080e+01
9.313150000000000261e+00
8.565636250000000729e+00
7.822797500000000070e+00
7.035770000000001190e+00
6.448350000000000470e+00
5.609656250000000455e+00
5.298967499999999831e+00
5.182556250000000198e+00
5.083847500000000075e+00
5.021062500000000206e+00
4.977333749999999668e+00
4.945850000000000080e+00
4.921742500000000575e+00
4.902470000000000105e+00
4.877382500000000398e+00
4.852514999999999468e+00
4.834897500000000292e+00
4.822018749999999798e+00
4.812428749999999589e+00
4.804565000000000197e+00
4.798373750000000548e+00
4.793151250000001085e+00
4.788767500000000510e+00
4.785117500000000135e+00
4.782052499999999817e+00
4.779450000000000642e+00
4.775807499999999983e+00
4.771956250000000566e+00
4.768886250000000437e+00
4.766401250000000367e+00
4.764523749999999502e+00
4.763493749999999416e+00
4.762263749999999796e+00
4.760627500000000012e+00
4.759202499999999780e+00
4.758026250000000346e+00
4.756885000000000474e+00
4.756178750000000122e+00
4.755733749999999205e+00
4.755293749999999875e+00
4.754851249999999752e+00
4.754570000000000185e+00
4.754444999999999588e+00
4.754319999999999879e+00
4.754199999999999982e+00
4.754071249999999083e+00
4.753949999999999676e+00
4.753829999999999778e+00
4.753700000000001147e+00
4.753580000000000361e+00
4.753457499999999669e+00
4.753329999999999167e+00
4.753210000000000157e+00
4.753086249999999957e+00
4.752961250000000248e+00
4.752839999999999954e+00
4.752622499999999306e+00
4.752313749999999892e+00
4.752003750000000082e+00
4.751694999999999780e+00
4.751335000000000086e+00
4.750923750000001000e+00
4.750516250000000440e+00
4.750097499999999862e+00
4.749686249999999887e+00
4.749218749999998934e+00
4.748689999999999856e+00
4.748158749999999984e+00
4.747721250000000559e+00
4.747342500000000243e+00
4.747030000000000527e+00
4.746736250000000545e+00
4.746439999999999770e+00
4.746182499999999749e+00
4.745942499999999953e+00
4.745702500000000157e+00
4.745436250000000022e+00
4.745151250000000154e+00
4.744881250000000605e+00
4.744678750000000278e+00
4.744517499999999721e+00
4.744410000000001126e+00
4.744348749999999448e+00
4.744230000000000835e+00
4.743872500000000159e+00
4.743461249999999296e+00
4.743204999999999671e+00
4.742725000000000080e+00
4.742339999999999556e+00
4.742149999999999643e+00
4.741900000000000226e+00
4.741686249999998992e+00
4.741579999999999906e+00
4.741509999999999003e+00
4.741410000000001013e+00
4.741349999999999731e+00
4.741179999999999950e+00
4.740941250000000551e+00
4.740760000000000751e+00
4.740580000000000460e+00
4.740459999999999674e+00
4.740369999999999528e+00
4.740279999999999383e+00
4.740219999999999878e+00
4.740160000000000373e+00
4.740099999999999092e+00
4.740039999999999587e+00
4.739969999999999573e+00
4.739919999999998801e+00
4.739880000000000315e+00
4.739840000000000053e+00
4.739799999999999791e+00
4.739730000000000665e+00
4.739650000000000141e+00
4.739589999999999748e+00
4.739550000000000374e+00
4.739530000000001131e+00
4.739510000000000112e+00
4.739489999999999981e+00
4.739469999999999850e+00
4.739449999999998830e+00
4.739440000000000985e+00
4.739419999999999966e+00
4.739399999999999835e+00
4.739390000000000214e+00
4.739379999999999704e+00
4.739350000000000840e+00
4.739329999999999821e+00
4.739320000000000199e+00
4.739300000000000068e+00
4.739279999999999937e+00
4.739270000000000316e+00
4.739260000000000694e+00
4.739239999999999675e+00
4.739230000000000054e+00
4.739197499999999508e+00
4.739159999999999151e+00
4.739130000000000287e+00
4.739110000000000156e+00
4.739080000000000403e+00
4.739048749999999366e+00
4.739020000000000010e+00
4.738998749999999482e+00
4.738959999999999617e+00
4.738900000000000112e+00
4.738850000000000229e+00
4.738800000000000345e+00
4.738769999999999705e+00
4.738749999999999574e+00
4.738579999999999792e+00
4.738389999999999880e+00
4.738331249999999883e+00
4.738290000000000113e+00
4.738209999999999589e+00
4.738030000000001074e+00
4.737870000000000026e+00
4.737303749999999702e+00
4.736410000000000231e+00
4.736089999999999911e+00
4.735477500000000006e+00
4.734380000000000699e+00
4.733128750000000551e+00
4.732167499999999194e+00
4.731487500000000068e+00
4.729998750000000030e+00
4.728832500000001104e+00
4.727967500000000101e+00
4.726332500000000714e+00
4.723695000000000199e+00
4.721548750000000183e+00
4.716922499999999907e+00
4.709423750000000908e+00
4.703372499999999512e+00
4.695127499999999898e+00
4.682445000000000412e+00
4.662631250000000449e+00
4.640314999999999301e+00
4.608578749999999502e+00
4.575778749999999562e+00
4.562856249999999392e+00
4.547222500000000167e+00
4.514098750000000493e+00
4.489398749999999438e+00
4.475428749999999845e+00
4.459922499999999346e+00
4.435167499999999485e+00
4.362297499999999495e+00
4.301616250000000363e+00
4.224146249999999547e+00
4.033447499999999408e+00
3.853940000000000143e+00
3.699143750000000175e+00
3.595562500000000217e+00
3.551079999999999792e+00
3.498056250000000311e+00
3.435587500000000016e+00
3.353291250000000279e+00
3.281126249999999800e+00
3.233938749999999640e+00
3.142487500000000100e+00
3.073058749999999506e+00
3.005915000000000337e+00
2.890902500000000153e+00
2.804219999999999935e+00
2.761886250000000320e+00
2.733483749999999990e+00
2.701222500000000082e+00
2.624008749999999779e+00
2.508373749999999625e+00
2.392406250000000068e+00
2.305642500000000261e+00
2.241249999999999964e+00
2.188256250000000236e+00
2.147075000000000067e+00
2.078498750000000062e+00
1.897333750000000041e+00
1.750914999999999777e+00
1.584644999999999859e+00
1.889180000000000081e+00
2.110994999999999955e+00
1.667556249999999851e+00
1.074573749999999883e+00
8.777210000000000845e-01
7.335082500000000838e-01
7.737841249999999338e-01
2.268978749999999989e-01
2.091395000000000060e-01
2.267379999999999951e-01
1.160526250000000065e-01
1.155003750000000023e-01
