2.140455000000000041e+01
2.580042500000000061e+01
1.790477500000000433e+01
1.526756250000000037e+01
1.377463750000000076e+01
1.254111249999999878e+01
1.125007500000000071e+01
1.015733749999999880e+01
9.323343750000001151e+00
8.574749999999999872e+00
7.830795000000000172e+00
7.042513750000000350e+00
6.454081250000000658e+00
5.613664999999999239e+00
5.302200000000000912e+00
5.185435000000000016e+00
5.086384999999999934e+00
5.023362499999999287e+00
4.979451250000000329e+00
4.947822500000000012e+00
4.923597499999999627e+00
4.904225000000000279e+00
4.879001249999999068e+00
4.853979999999999961e+00
4.836241250000000491e+00
4.823269999999999946e+00
4.813603750000000403e+00
4.805676249999999428e+00
4.799430000000000085e+00
4.794162500000000549e+00
4.789737500000000203e+00
4.786048749999999963e+00
4.782952499999999496e+00
4.780323749999999983e+00
4.776640000000000441e+00
4.772744999999999571e+00
4.769637499999999974e+00
4.767118750000000738e+00
4.765217499999998552e+00
4.764173750000000318e+00
4.762925000000000963e+00
4.761264999999999858e+00
4.759819999999999496e+00
4.758621250000000025e+00
4.757465000000000721e+00
4.756747499999999462e+00
4.756293750000000209e+00
4.755844999999999878e+00
4.755397499999999944e+00
4.755110000000001058e+00
4.754979999999999762e+00
4.754859999999999864e+00
4.754730000000001233e+00
4.754604999999999748e+00
4.754480000000000040e+00
4.754349999999999632e+00
4.754228750000000225e+00
4.754100000000000215e+00
4.753975000000000506e+00
4.753849999999999909e+00
4.753723750000000692e+00
4.753599999999999604e+00
4.753471249999999593e+00
4.753347499999999393e+00
4.753126249999999331e+00
4.752812499999999218e+00
4.752498750000000882e+00
4.752182499999999976e+00
4.751814999999999678e+00
4.751397500000001273e+00
4.750976249999999901e+00
4.750554999999999417e+00
4.750132500000000313e+00
4.749654999999999738e+00
4.749113750000000245e+00
4.748569999999999958e+00
4.748121250000000515e+00
4.747737500000000388e+00
4.747417499999999180e+00
4.747112500000000068e+00
4.746809999999999974e+00
4.746546250000000633e+00
4.746302499999999647e+00
4.746052499999999341e+00
4.745778749999999491e+00
4.745487500000001191e+00
4.745211250000000547e+00
4.745001250000000503e+00
4.744832500000000231e+00
4.744729999999999670e+00
4.744659999999999656e+00
4.744537499999999852e+00
4.744170000000000442e+00
4.743749999999999467e+00
4.743479999999999031e+00
4.742983750000000498e+00
4.742585000000000051e+00
4.742388749999999931e+00
4.742127499999999607e+00
4.741903749999999640e+00
4.741798749999999174e+00
4.741719999999999935e+00
4.741620000000000168e+00
4.741550000000000153e+00
4.741380000000000372e+00
4.741129999999999178e+00
4.740932499999999550e+00
4.740749999999999353e+00
4.740611250000000609e+00
4.740520000000000067e+00
4.740429999999999922e+00
4.740359999999999907e+00
4.740300000000000402e+00
4.740240000000000009e+00
4.740177499999999711e+00
4.740095000000000169e+00
4.740039999999999587e+00
4.740000000000001101e+00
4.739959999999999951e+00
4.739910000000000956e+00
4.739849999999999675e+00
4.739760000000000417e+00
4.739690000000000403e+00
4.739640000000000519e+00
4.739620000000001276e+00
4.739600000000000257e+00
4.739580000000000126e+00
4.739561250000000392e+00
4.739550000000000374e+00
4.739530000000001131e+00
4.739510000000000112e+00
4.739489999999999981e+00
4.739480000000000359e+00
4.739460000000000228e+00
4.739440000000000985e+00
4.739419999999999966e+00
4.739399999999999835e+00
4.739379999999999704e+00
4.739359999999998685e+00
4.739350000000000840e+00
4.739329999999999821e+00
4.739320000000000199e+00
4.739300000000000068e+00
4.739270000000000316e+00
4.739230000000000054e+00
4.739200000000000301e+00
4.739170000000000549e+00
4.739139999999999908e+00
4.739110000000000156e+00
4.739080000000000403e+00
4.739060000000001160e+00
4.739020000000000010e+00
4.738959999999999617e+00
4.738900000000000112e+00
4.738852500000000134e+00
4.738819999999999588e+00
4.738800000000000345e+00
4.738628750000000167e+00
4.738430000000000142e+00
4.738369999999999749e+00
4.738330000000000375e+00
4.738249999999999851e+00
4.738066249999999258e+00
4.737907499999999494e+00
4.737331250000000438e+00
4.736431249999999871e+00
4.736110000000000042e+00
4.735497500000000137e+00
4.734399999999999942e+00
4.733143749999999983e+00
4.732179999999999609e+00
4.731503749999999897e+00
4.730013750000000350e+00
4.728848750000000933e+00
4.727983750000000818e+00
4.726346250000000637e+00
4.723707499999999726e+00
4.721560000000000201e+00
4.716933749999999925e+00
4.709428750000000719e+00
4.703377500000000211e+00
4.695128750000000295e+00
4.682445000000000412e+00
4.662631250000000449e+00
4.640314999999999301e+00
4.608578749999999502e+00
4.575778749999999562e+00
4.562857499999999789e+00
4.547222500000000167e+00
4.514101249999999510e+00
4.489398749999999438e+00
4.475430000000000241e+00
4.459922499999999346e+00
4.435168749999999882e+00
4.362297499999999495e+00
4.301616250000000363e+00
4.224147499999999944e+00
4.033448749999999805e+00
3.853940000000000143e+00
3.699147500000000477e+00
3.595563750000000169e+00
3.551079999999999792e+00
3.498056250000000311e+00
3.435588749999999969e+00
3.353293750000000184e+00
3.281126249999999800e+00
3.233940000000000037e+00
3.142487500000000100e+00
3.073058749999999506e+00
3.005916250000000289e+00
2.890902500000000153e+00
2.804219999999999935e+00
2.761887500000000273e+00
2.733484999999999498e+00
2.701222500000000082e+00
2.624011250000000128e+00
2.508373749999999625e+00
2.392407500000000020e+00
2.305645000000000167e+00
2.241253749999999823e+00
2.188260000000000094e+00
2.147078750000000369e+00
2.078500000000000014e+00
1.897340000000000027e+00
1.750916249999999730e+00
1.584653749999999972e+00
1.889191250000000100e+00
2.111009999999999831e+00
1.667583749999999920e+00
1.197672499999999918e+00
1.140266249999999815e+00
1.180883750000000010e+00
1.282362499999999850e+00
3.486387499999999973e-01
3.319387500000000046e-01
3.470362499999999906e-01
1.768687499999999913e-01
1.809662499999999952e-01
