2.652912499999999715e-02
3.158686250000000001e-02
2.157585000000000405e-02
1.817404999999999715e-02
1.622477500000000031e-02
1.459466250000000104e-02
1.286115000000000175e-02
1.136498749999999801e-02
1.019439999999999930e-02
9.112606250000000394e-03
7.999181250000000909e-03
6.743741250000000013e-03
5.732220000000000544e-03
4.008682500000000128e-03
3.231250000000000181e-03
2.876057500000000176e-03
2.539119999999999745e-03
2.299763750000000280e-03
2.116574999999999880e-03
1.973378750000000497e-03
1.855772500000000061e-03
1.756191249999999914e-03
1.616283750000000298e-03
1.463923749999999826e-03
1.345943750000000091e-03
1.252401250000000077e-03
1.177429999999999926e-03
1.112711250000000037e-03
1.058662500000000098e-03
1.011122500000000103e-03
9.693533749999999659e-04
9.329721249999999456e-04
9.011355000000000190e-04
8.729382499999999460e-04
8.329896250000000130e-04
7.879868750000000414e-04
7.501342499999999339e-04
7.177072499999999139e-04
6.932206249999999220e-04
6.792070000000000312e-04
6.614032499999999461e-04
6.377148749999999190e-04
6.163372499999999815e-04
5.976977500000000458e-04
5.795256250000001101e-04
5.676988750000000255e-04
5.601327499999998998e-04
5.526372500000000052e-04
5.451390000000000402e-04
5.402339999999998966e-04
5.379394999999999273e-04
5.356857499999999762e-04
5.333988750000000049e-04
5.311126249999999216e-04
5.288421250000000049e-04
5.265582499999999725e-04
5.242732499999999901e-04
5.220098750000000095e-04
5.197248750000000271e-04
5.174593750000000807e-04
5.151809999999999723e-04
5.129032499999999686e-04
5.106193750000000446e-04
5.083464999999999685e-04
5.043467499999999566e-04
4.986652500000000009e-04
4.929778749999999933e-04
4.872711250000000467e-04
4.802036249999999521e-04
4.718705000000000013e-04
4.634765000000000542e-04
4.549906249999999481e-04
4.465806250000000201e-04
4.365192499999999897e-04
4.246517499999999954e-04
4.127508749999999498e-04
4.025368749999999694e-04
3.935569999999999455e-04
3.860832499999999868e-04
3.785403750000000374e-04
3.706236249999999340e-04
3.637751249999999809e-04
3.574044999999999761e-04
3.509331249999999842e-04
3.437558750000000319e-04
3.361928750000000503e-04
3.289348749999999920e-04
3.230762500000000257e-04
3.181176250000000271e-04
3.149352499999999964e-04
3.129407499999999802e-04
3.092683749999999864e-04
2.983469999999999677e-04
2.854652499999999686e-04
2.766269999999999927e-04
2.598880000000000027e-04
2.455884999999999882e-04
2.380623749999999773e-04
2.278205000000000323e-04
2.191266249999999850e-04
2.147017499999999879e-04
2.113326249999999983e-04
2.069946249999999731e-04
2.041841250000000108e-04
1.966112499999999957e-04
1.850499999999999986e-04
1.755713749999999822e-04
1.659041249999999911e-04
1.588912500000000112e-04
1.540161249999999992e-04
1.487249999999999965e-04
1.447156249999999821e-04
1.412013749999999979e-04
1.375442500000000274e-04
1.336286249999999983e-04
1.286427500000000043e-04
1.251994999999999996e-04
1.227845000000000032e-04
1.200632499999999960e-04
1.168284999999999945e-04
1.121707500000000034e-04
1.062372500000000102e-04
1.013017499999999962e-04
9.831016249999998660e-05
9.694429999999999270e-05
9.540423749999999629e-05
9.383756249999999151e-05
9.274749999999999249e-05
9.144324999999998884e-05
9.023592499999999613e-05
8.865724999999999214e-05
8.750698750000001020e-05
8.657391249999998525e-05
8.552384999999999263e-05
8.391477500000000330e-05
8.242439999999999641e-05
8.120795000000000910e-05
7.992252500000000099e-05
7.855447500000000652e-05
7.761622499999999225e-05
7.664096250000000101e-05
7.568541249999999625e-05
7.479744999999999992e-05
7.253816250000000364e-05
7.007077500000000506e-05
6.826546250000000641e-05
6.666008749999999131e-05
6.498905000000000079e-05
6.298933749999999600e-05
6.137230000000000192e-05
6.027684999999999532e-05
5.845186249999999588e-05
5.564462500000000089e-05
5.318669999999999681e-05
5.149317499999999509e-05
5.021958750000000531e-05
4.940906250000000175e-05
4.423193749999999836e-05
3.940596249999999583e-05
3.831957500000000318e-05
3.759971250000000275e-05
3.640302499999999863e-05
3.363390000000000336e-05
3.163982500000000331e-05
2.689256250000000143e-05
2.202691250000000169e-05
2.085829999999999984e-05
1.910913749999999895e-05
1.707878749999999898e-05
1.653523749999999976e-05
1.616277500000000213e-05
1.590041249999999860e-05
1.532473749999999839e-05
1.487433749999999843e-05
1.453906250000000019e-05
1.390737500000000167e-05
1.288673750000000242e-05
1.205619999999999987e-05
1.017002499999999925e-05
6.434427499999999983e-06
3.250345000000000218e-06
1.075227500000000117e-06
9.945517499999998583e-07
9.879972500000000890e-07
9.805773749999999638e-07
9.699216250000002226e-07
9.588212500000000401e-07
9.543956249999998227e-07
9.489663749999998272e-07
9.374663750000000220e-07
9.288893750000000108e-07
9.239325000000000050e-07
9.183967500000000343e-07
9.095651249999999561e-07
9.036901250000000970e-07
9.097133749999999720e-07
9.181997499999999962e-07
9.327248749999998998e-07
9.501693750000000002e-07
9.662467499999999235e-07
9.775448750000000060e-07
9.825767500000000704e-07
9.887044999999999712e-07
9.961107499999999055e-07
1.013972499999999930e-06
1.034546249999999853e-06
1.048411249999999931e-06
1.076301250000000057e-06
1.098152499999999986e-06
1.120255000000000127e-06
1.159748749999999905e-06
1.191134999999999820e-06
1.207034999999999955e-06
1.217949999999999918e-06
1.230554999999999732e-06
1.261848749999999952e-06
1.356307499999999719e-06
1.737312499999999894e-06
2.075559999999999826e-06
2.341786249999999639e-06
2.569947499999999673e-06
2.754702500000000245e-06
3.077565000000000069e-06
4.037747500000000257e-06
6.284912499999998926e-06
9.307519999999999954e-06
1.183642500000000077e-05
1.787744999999999940e-05
2.496547499999999834e-05
3.566137500000000210e-05
8.004481250000000062e-05
1.092908750000000059e-04
7.366083749999999708e-05
2.301056250000000031e-05
2.907837500000000092e-05
3.814599999999999697e-05
2.593487499999999960e-05
2.455462499999999871e-05
