3.300221249999999884e+00
3.929656249999999851e+00
2.684429999999999872e+00
2.261328749999999665e+00
2.018898749999999964e+00
1.816170000000000062e+00
1.600596249999999943e+00
1.414549999999999974e+00
1.268997500000000000e+00
1.134495000000000031e+00
9.960633749999999731e-01
8.399697499999999595e-01
7.141696250000000301e-01
4.994828749999999928e-01
4.023314999999999531e-01
3.577072500000000321e-01
3.153367499999999990e-01
2.853961250000000005e-01
2.623489999999999989e-01
2.442686250000000170e-01
2.294495000000000284e-01
2.172477499999999895e-01
1.998078749999999959e-01
1.805770000000000153e-01
1.660741249999999891e-01
1.547173749999999903e-01
1.452081249999999657e-01
1.373081250000000031e-01
1.305938749999999982e-01
1.248982499999999884e-01
1.197457500000000119e-01
1.152375000000000066e-01
1.111662500000000081e-01
1.074835000000000096e-01
1.028204999999999952e-01
9.733725000000000016e-02
9.265812500000000784e-02
8.864371249999999924e-02
8.561230000000001616e-02
8.388008750000000568e-02
8.168421249999999190e-02
7.876244999999999774e-02
7.612320000000000197e-02
7.381902499999999645e-02
7.157285000000000730e-02
7.011228750000000898e-02
6.917812499999999309e-02
6.825268749999999218e-02
6.732687499999999436e-02
6.672093749999999379e-02
6.643693750000000120e-02
6.615801250000000189e-02
6.587494999999998768e-02
6.559197500000001069e-02
6.531094999999999262e-02
6.502827500000001038e-02
6.474544999999999606e-02
6.446529999999998928e-02
6.418246249999999542e-02
6.390208749999999605e-02
6.362007499999999816e-02
6.333813750000000242e-02
6.305547499999999972e-02
6.277411250000000664e-02
6.227906250000000282e-02
6.157583750000000800e-02
6.087192499999999340e-02
6.016557499999999892e-02
5.929158750000000644e-02
5.826176250000000140e-02
5.722433749999999986e-02
5.617565000000000058e-02
5.513627499999999154e-02
5.389433749999999329e-02
5.243079999999999269e-02
5.096296250000000028e-02
4.970075000000000187e-02
4.858977500000000171e-02
4.766513750000000299e-02
4.673342499999999511e-02
4.575661250000000180e-02
4.491158749999999561e-02
4.412553749999999220e-02
4.332706249999999926e-02
4.244151250000000042e-02
4.150836249999999977e-02
4.061277499999999679e-02
3.988868750000000574e-02
3.927508749999999993e-02
3.888130000000000058e-02
3.863450000000000217e-02
3.818001249999999902e-02
3.682855000000000156e-02
3.523462499999999858e-02
3.414128749999999907e-02
3.207417499999999644e-02
3.031557499999999739e-02
2.938811250000000069e-02
2.812305000000000013e-02
2.704916249999999439e-02
2.650231249999999983e-02
2.608562500000000117e-02
2.554908750000000131e-02
2.520148750000000132e-02
2.426606249999999770e-02
2.284202499999999844e-02
2.167438749999999956e-02
2.048142500000000102e-02
1.961487500000000037e-02
1.901245000000000018e-02
1.835845000000000185e-02
1.786283749999999920e-02
1.742843750000000122e-02
1.697733750000000180e-02
1.649496249999999817e-02
1.588041249999999974e-02
1.545533749999999928e-02
1.515709999999999974e-02
1.482118749999999929e-02
1.442210000000000020e-02
1.384746249999999936e-02
1.311547500000000144e-02
1.250633749999999905e-02
1.213695000000000052e-02
1.196826250000000008e-02
1.177812500000000040e-02
1.158466249999999878e-02
1.145006250000000017e-02
1.128898750000000006e-02
1.113986250000000011e-02
1.094482499999999831e-02
1.080274999999999985e-02
1.068746250000000148e-02
1.055772499999999871e-02
1.035893749999999836e-02
1.017502500000000074e-02
1.002510000000000033e-02
9.866706249999999262e-03
9.698117499999998892e-03
9.582493750000000560e-03
9.462283750000001492e-03
9.344371249999998755e-03
9.234763749999999605e-03
8.955885000000000234e-03
8.651316249999999042e-03
8.428433750000000405e-03
8.230136250000000611e-03
8.023708750000000528e-03
7.776688749999999956e-03
7.577135000000000467e-03
7.442021250000000789e-03
7.216918749999999723e-03
6.870599999999999277e-03
6.567252500000000590e-03
6.358113750000000779e-03
6.200838749999999788e-03
6.100748750000000060e-03
5.461446250000000745e-03
4.865702499999999264e-03
4.731562499999999657e-03
4.642691249999999006e-03
4.494958749999999892e-03
4.153111250000000865e-03
3.906912499999999969e-03
3.320712500000000140e-03
2.719978749999999671e-03
2.575664999999999986e-03
2.359598750000000116e-03
2.070821249999999902e-03
4.703611250000000465e-02
1.684076250000000052e-01
1.589540000000000119e-01
1.394569999999999976e-01
1.284800000000000109e-01
1.213666250000000058e-01
1.079638749999999869e-01
9.229218749999999749e-02
8.247278750000000547e-02
6.759638749999999363e-02
4.905647500000000216e-02
4.012120000000000269e-02
3.285636249999999980e-02
2.530471249999999978e-02
1.938829999999999720e-02
1.458005000000000065e-02
1.161458750000000061e-02
9.605266250000001060e-03
9.036238750000001596e-03
8.562189999999999038e-03
7.714132499999999150e-03
7.219712500000000262e-03
6.983261250000000891e-03
6.767276249999999022e-03
6.471262499999999931e-03
5.690170000000000471e-03
5.063852499999999500e-03
4.477024999999999928e-03
3.831432499999999804e-03
3.265726249999999914e-03
3.025563750000000249e-03
2.910001249999999602e-03
2.874216249999999619e-03
2.835023749999999922e-03
2.801192500000000262e-03
2.774261249999999956e-03
2.759919999999999908e-03
2.750256249999999836e-03
2.754218750000000156e-03
2.764476249999999954e-03
2.782558749999999685e-03
2.832295000000000298e-03
2.885134999999999610e-03
2.915157499999999988e-03
2.935771250000000082e-03
2.962420000000000331e-03
3.037543750000000226e-03
3.142905000000000091e-03
3.220778750000000135e-03
3.316293750000000144e-03
3.392241250000000135e-03
3.480478749999999996e-03
3.562563749999999967e-03
3.712671249999999722e-03
3.486399999999999742e-03
3.179734999999999940e-03
2.133379999999999825e-03
1.994459999999999983e-03
1.203115000000000044e-03
5.155243749999999714e-04
3.034310000000000024e-04
1.663108750000000257e-04
4.491311250000000086e-04
9.920023750000000941e-04
2.573649999999999593e-04
2.501608750000000039e-04
2.424728750000000057e-04
1.181511250000000029e-04
1.198704999999999969e-04
