9.628862500000000324e+00
1.245158749999999870e+01
9.350053750000000719e+00
8.406532500000000852e+00
7.903228750000000247e+00
7.509290000000000020e+00
7.122726250000001258e+00
6.817836250000000042e+00
6.602442500000000436e+00
6.423059999999998659e+00
6.257258750000000092e+00
6.097326250000000059e+00
5.986833749999999732e+00
5.842243749999999736e+00
5.790927500000000450e+00
5.771953749999999772e+00
5.755881249999999838e+00
5.745757499999999851e+00
5.738658749999999920e+00
5.733512500000000678e+00
5.729558749999999812e+00
5.726508749999999814e+00
5.722436250000000335e+00
5.718321250000000688e+00
5.715491250000000356e+00
5.713446250000000504e+00
5.711841249999999981e+00
5.710589999999999833e+00
5.709580000000000766e+00
5.708759999999998946e+00
5.708050000000000068e+00
5.707458749999999803e+00
5.706940000000001234e+00
5.706486250000000204e+00
5.705933750000001581e+00
5.705320000000000391e+00
5.704819999999998892e+00
5.704419999999999824e+00
5.704111250000000410e+00
5.703948749999999457e+00
5.703748750000000811e+00
5.703479999999999883e+00
5.703249999999998820e+00
5.703059999999999796e+00
5.702872499999999789e+00
5.702759999999998719e+00
5.702689999999998705e+00
5.702618749999999181e+00
5.702541249999999451e+00
5.702499999999999680e+00
5.702480000000000437e+00
5.702460000000001195e+00
5.702440000000001064e+00
5.702420000000000044e+00
5.702399999999999025e+00
5.702379999999998894e+00
5.702359999999999651e+00
5.702340000000000408e+00
5.702320000000000277e+00
5.702300000000000146e+00
5.702280000000000904e+00
5.702260000000000773e+00
5.702239999999999753e+00
5.702219999999998734e+00
5.702179999999999360e+00
5.702130000000000365e+00
5.702080000000000481e+00
5.702029999999999710e+00
5.701970000000001093e+00
5.701909999999998924e+00
5.701839999999998909e+00
5.701769999999999783e+00
5.701707499999999484e+00
5.701630000000000642e+00
5.701542500000000402e+00
5.701459999999999084e+00
5.701389999999999958e+00
5.701328749999999168e+00
5.701273750000000362e+00
5.701230000000000686e+00
5.701179999999999914e+00
5.701140000000000541e+00
5.701100000000000279e+00
5.701059999999999128e+00
5.701019999999999754e+00
5.700969999999998983e+00
5.700929999999999609e+00
5.700890000000000235e+00
5.700870000000000992e+00
5.700850000000000861e+00
5.700840000000000352e+00
5.700820000000000221e+00
5.700760000000000716e+00
5.700699999999999434e+00
5.700656249999999758e+00
5.700580000000001313e+00
5.700519999999999143e+00
5.700490000000001167e+00
5.700450000000000017e+00
5.700409999999998867e+00
5.700389999999999624e+00
5.700380000000000891e+00
5.700370000000000381e+00
5.700359999999999872e+00
5.700330000000000119e+00
5.700290000000000745e+00
5.700260000000000105e+00
5.700239999999999974e+00
5.700220000000000731e+00
5.700200000000000600e+00
5.700190000000000090e+00
5.700179999999999580e+00
5.700169999999999959e+00
5.700160000000000338e+00
5.700149999999999828e+00
5.700139999999999318e+00
5.700130000000000585e+00
5.700130000000000585e+00
5.700119999999999187e+00
5.700119999999999187e+00
5.700110000000000454e+00
5.700099999999999945e+00
5.700090000000001211e+00
5.700079999999999814e+00
5.700079999999999814e+00
5.700079999999999814e+00
5.700079999999999814e+00
5.700070000000000192e+00
5.700070000000000192e+00
5.700070000000000192e+00
5.700070000000000192e+00
5.700070000000000192e+00
5.700059999999999683e+00
5.700059999999999683e+00
5.700059999999999683e+00
5.700059999999999683e+00
5.700059999999999683e+00
5.700049999999999173e+00
5.700049999999999173e+00
5.700049999999999173e+00
5.700049999999999173e+00
5.700049999999999173e+00
5.700049999999999173e+00
5.700049999999999173e+00
5.700040000000000440e+00
5.700040000000000440e+00
5.700040000000000440e+00
5.700040000000000440e+00
5.700029999999999042e+00
5.700029999999999042e+00
5.700029999999999042e+00
5.700029999999999042e+00
5.700029999999999042e+00
5.700020000000001197e+00
5.700020000000001197e+00
5.700020000000001197e+00
5.700020000000001197e+00
5.700020000000001197e+00
5.700009999999999799e+00
5.700009999999999799e+00
5.700009999999999799e+00
5.700009999999999799e+00
5.700009999999999799e+00
5.700009999999999799e+00
5.700009999999999799e+00
5.700000000000001066e+00
5.700000000000001066e+00
5.700000000000001066e+00
5.700000000000001066e+00
6.964307499999999429e+00
1.044382500000000036e+01
1.031412499999999888e+01
1.004773750000000021e+01
9.902076250000000357e+00
9.809155000000000513e+00
9.634061250000000243e+00
9.430482500000000101e+00
9.303701249999999590e+00
9.116622500000000073e+00
8.895261250000000786e+00
8.800267500000000354e+00
8.738315000000000055e+00
8.694818749999999596e+00
8.704972500000000224e+00
8.738723750000000123e+00
8.823383750000001413e+00
8.914282500000000553e+00
8.949934999999999974e+00
8.991633750000000092e+00
9.075496250000000487e+00
9.133604999999999308e+00
9.165298749999999828e+00
9.197965000000001723e+00
9.247347500000000053e+00
9.364875000000001393e+00
9.444216250000000201e+00
9.500851250000001968e+00
9.480886249999999293e+00
9.322563750000002258e+00
9.097193750000000634e+00
8.917061249999999717e+00
8.831764999999998977e+00
8.727167500000000189e+00
8.598607499999999959e+00
8.423753749999999485e+00
8.265969999999999374e+00
8.159633749999999353e+00
7.953516250000001619e+00
7.794392500000000723e+00
7.638798749999999416e+00
7.373079999999998968e+00
7.174453750000001406e+00
7.076967499999999411e+00
7.010046250000000256e+00
6.936027499999999790e+00
6.762478749999999650e+00
6.489043749999999555e+00
6.176978749999999962e+00
5.952076250000000179e+00
5.795671249999999830e+00
5.672401250000000061e+00
5.577533750000000623e+00
5.422733749999999908e+00
4.760258750000000205e+00
3.826378749999999940e+00
3.108117499999999644e+00
2.763306249999999853e+00
2.076379999999999892e+00
1.830852499999999994e+00
1.959510000000000085e+00
2.303161250000000049e+00
2.556251250000000308e+00
2.504045000000000076e+00
5.318737500000000340e-01
5.043500000000000760e-01
4.614550000000000041e-01
1.863762499999999933e-01
1.604012499999999952e-01
