1.292908749999999962e+01
1.638124999999999787e+01
1.203447500000000225e+01
1.066784999999999961e+01
9.922123750000000797e+00
9.325461250000000035e+00
8.723322500000000090e+00
8.232384999999998954e+00
7.871442499999999676e+00
7.557554999999999801e+00
7.253321249999999942e+00
6.937296250000000164e+00
6.701002500000001305e+00
6.341727499999999296e+00
6.193261249999999940e+00
6.129660000000000331e+00
6.071216249999999981e+00
6.031156250000000441e+00
6.001007499999999162e+00
5.977780000000000094e+00
5.959006250000000726e+00
5.943755000000000344e+00
5.922241249999999901e+00
5.898901250000000651e+00
5.881566249999999663e+00
5.868163749999999901e+00
5.857050000000000090e+00
5.847898749999999701e+00
5.840171250000000924e+00
5.833660000000000068e+00
5.827796249999999567e+00
5.822694999999999510e+00
5.818105000000000082e+00
5.813966250000000002e+00
5.808753750000000160e+00
5.802654999999999674e+00
5.797478749999999792e+00
5.793061250000000051e+00
5.789726250000001073e+00
5.787826250000000172e+00
5.785431250000000247e+00
5.782242500000000618e+00
5.779373749999999532e+00
5.776877499999999444e+00
5.774446249999999559e+00
5.772869999999999280e+00
5.771865000000000023e+00
5.770868749999999991e+00
5.769868750000000546e+00
5.769219999999998905e+00
5.768915000000000681e+00
5.768617499999999509e+00
5.768311250000000001e+00
5.768008750000001683e+00
5.767708750000000606e+00
5.767406250000000512e+00
5.767101249999999624e+00
5.766803750000001116e+00
5.766501250000000134e+00
5.766199999999999548e+00
5.765897500000001230e+00
5.765595000000000248e+00
5.765292500000000153e+00
5.764990000000000059e+00
5.764461250000000092e+00
5.763707500000000650e+00
5.762953749999999431e+00
5.762197500000000971e+00
5.761263750000000350e+00
5.760168750000000060e+00
5.759065000000000545e+00
5.757948749999999727e+00
5.756841249999999910e+00
5.755523750000000049e+00
5.753973750000000109e+00
5.752420000000000755e+00
5.751086249999999289e+00
5.749917500000000459e+00
5.748941249999999670e+00
5.747959999999999958e+00
5.746936250000000079e+00
5.746047500000000419e+00
5.745223750000000962e+00
5.744386249999998917e+00
5.743458750000001167e+00
5.742480000000000473e+00
5.741541250000000929e+00
5.740782499999999899e+00
5.740142499999999259e+00
5.739733750000000079e+00
5.739473749999999264e+00
5.738999999999999879e+00
5.737592500000000761e+00
5.735931250000000148e+00
5.734796250000000484e+00
5.732653749999999881e+00
5.730832499999999996e+00
5.729873749999999433e+00
5.728568749999999987e+00
5.727460000000000662e+00
5.726898750000000149e+00
5.726468750000000441e+00
5.725915000000000532e+00
5.725560000000000649e+00
5.724596250000000275e+00
5.723136249999999592e+00
5.721940000000000026e+00
5.720717499999999234e+00
5.719830000000000858e+00
5.719215000000000160e+00
5.718546249999999276e+00
5.718041250000000630e+00
5.717598749999999619e+00
5.717138750000000158e+00
5.716647499999999660e+00
5.716020000000000323e+00
5.715588749999999330e+00
5.715286250000000123e+00
5.714942499999999370e+00
5.714540000000000397e+00
5.713954999999999451e+00
5.713212499999999139e+00
5.712593749999999915e+00
5.712220000000000297e+00
5.712049999999998739e+00
5.711856250000000301e+00
5.711660000000001070e+00
5.711524999999999963e+00
5.711359999999999992e+00
5.711210000000000342e+00
5.711010000000000808e+00
5.710869999999999891e+00
5.710749999999999105e+00
5.710619999999999585e+00
5.710420000000000051e+00
5.710231250000000536e+00
5.710079999999998712e+00
5.709920000000000329e+00
5.709749999999999659e+00
5.709632499999999666e+00
5.709511250000000260e+00
5.709392499999999870e+00
5.709281250000000085e+00
5.708999999999999631e+00
5.708693750000000122e+00
5.708468749999998870e+00
5.708269999999999733e+00
5.708059999999999690e+00
5.707810000000001160e+00
5.707610000000000738e+00
5.707469999999999821e+00
5.707246249999999854e+00
5.706898749999999687e+00
5.706589999999999385e+00
5.706380000000001118e+00
5.706220000000000958e+00
5.706119999999999415e+00
5.705478750000000154e+00
5.704880000000001061e+00
5.704742500000000049e+00
5.704659999999998732e+00
5.704509999999999970e+00
5.704160000000000785e+00
5.703917499999999308e+00
5.703327500000000327e+00
5.702722500000000139e+00
5.702579999999999316e+00
5.702361249999999160e+00
5.702069999999999972e+00
7.011342500000001365e+00
1.061226249999999816e+01
1.047307499999999969e+01
1.018720000000000070e+01
1.003056249999999849e+01
9.930519999999999570e+00
9.742024999999999935e+00
9.522774999999999324e+00
9.386174999999997937e+00
9.184218749999999432e+00
8.944318750000000762e+00
8.840388749999998907e+00
8.771173749999999103e+00
8.720123750000000840e+00
8.724361250000001178e+00
8.753305000000001002e+00
8.834998750000000456e+00
8.923887499999999307e+00
8.958970000000000766e+00
9.000199999999999534e+00
9.083211250000001513e+00
9.140823750000000913e+00
9.172279999999998878e+00
9.204732500000000428e+00
9.253816249999999854e+00
9.370563750000000525e+00
9.449277500000000884e+00
9.505326249999999533e+00
9.484714999999997787e+00
9.325828750000001222e+00
9.100220000000000198e+00
8.919969999999999288e+00
8.834637500000001253e+00
8.730002500000001220e+00
8.601407500000000539e+00
8.426526250000000218e+00
8.268729999999999691e+00
8.162383750000000049e+00
7.956267500000000048e+00
7.797157499999999075e+00
7.641578749999999864e+00
7.375915000000000887e+00
7.177337499999999260e+00
7.079883750000000475e+00
7.012980000000000658e+00
6.938988750000000039e+00
6.765513750000001103e+00
6.505383750000000020e+00
6.253137499999999349e+00
6.066512499999999974e+00
5.930100000000000371e+00
5.820059999999999789e+00
5.734108749999999866e+00
5.593066250000000572e+00
5.230374999999999552e+00
4.700941249999999627e+00
4.385709999999999553e+00
4.185330000000000439e+00
3.825941249999999627e+00
3.659887499999999960e+00
3.745338750000000161e+00
4.055211250000000156e+00
4.282103750000000097e+00
4.193532499999999885e+00
9.401987499999999720e-01
9.099774999999999947e-01
8.636462499999999487e-01
3.848949999999999871e-01
3.573724999999999818e-01
