0.000000000000000000e+00
0.000000000000000000e+00
0.000000000000000000e+00
0.000000000000000000e+00
0.000000000000000000e+00
0.000000000000000000e+00
0.000000000000000000e+00
0.000000000000000000e+00
0.000000000000000000e+00
0.000000000000000000e+00
0.000000000000000000e+00
0.000000000000000000e+00
0.000000000000000000e+00
0.000000000000000000e+00
0.000000000000000000e+00
0.000000000000000000e+00
0.000000000000000000e+00
0.000000000000000000e+00
0.000000000000000000e+00
0.000000000000000000e+00
0.000000000000000000e+00
0.000000000000000000e+00
0.000000000000000000e+00
0.000000000000000000e+00
0.000000000000000000e+00
0.000000000000000000e+00
0.000000000000000000e+00
0.000000000000000000e+00
0.000000000000000000e+00
0.000000000000000000e+00
0.000000000000000000e+00
0.000000000000000000e+00
0.000000000000000000e+00
0.000000000000000000e+00
0.000000000000000000e+00
0.000000000000000000e+00
0.000000000000000000e+00
0.000000000000000000e+00
0.000000000000000000e+00
0.000000000000000000e+00
0.000000000000000000e+00
0.000000000000000000e+00
0.000000000000000000e+00
0.000000000000000000e+00
0.000000000000000000e+00
0.000000000000000000e+00
0.000000000000000000e+00
0.000000000000000000e+00
0.000000000000000000e+00
0.000000000000000000e+00
0.000000000000000000e+00
0.000000000000000000e+00
0.000000000000000000e+00
0.000000000000000000e+00
0.000000000000000000e+00
0.000000000000000000e+00
0.000000000000000000e+00
0.000000000000000000e+00
0.000000000000000000e+00
0.000000000000000000e+00
0.000000000000000000e+00
0.000000000000000000e+00
0.000000000000000000e+00
0.000000000000000000e+00
0.000000000000000000e+00
0.000000000000000000e+00
0.000000000000000000e+00
0.000000000000000000e+00
0.000000000000000000e+00
0.000000000000000000e+00
0.000000000000000000e+00
0.000000000000000000e+00
0.000000000000000000e+00
0.000000000000000000e+00
0.000000000000000000e+00
0.000000000000000000e+00
0.000000000000000000e+00
0.000000000000000000e+00
0.000000000000000000e+00
0.000000000000000000e+00
0.000000000000000000e+00
0.000000000000000000e+00
0.000000000000000000e+00
0.000000000000000000e+00
0.000000000000000000e+00
0.000000000000000000e+00
0.000000000000000000e+00
0.000000000000000000e+00
0.000000000000000000e+00
0.000000000000000000e+00
0.000000000000000000e+00
0.000000000000000000e+00
0.000000000000000000e+00
0.000000000000000000e+00
0.000000000000000000e+00
0.000000000000000000e+00
0.000000000000000000e+00
0.000000000000000000e+00
0.000000000000000000e+00
0.000000000000000000e+00
0.000000000000000000e+00
0.000000000000000000e+00
0.000000000000000000e+00
0.000000000000000000e+00
0.000000000000000000e+00
0.000000000000000000e+00
0.000000000000000000e+00
0.000000000000000000e+00
0.000000000000000000e+00
0.000000000000000000e+00
0.000000000000000000e+00
0.000000000000000000e+00
0.000000000000000000e+00
0.000000000000000000e+00
0.000000000000000000e+00
0.000000000000000000e+00
0.000000000000000000e+00
0.000000000000000000e+00
0.000000000000000000e+00
0.000000000000000000e+00
0.000000000000000000e+00
0.000000000000000000e+00
0.000000000000000000e+00
0.000000000000000000e+00
0.000000000000000000e+00
0.000000000000000000e+00
0.000000000000000000e+00
0.000000000000000000e+00
0.000000000000000000e+00
0.000000000000000000e+00
0.000000000000000000e+00
0.000000000000000000e+00
0.000000000000000000e+00
0.000000000000000000e+00
0.000000000000000000e+00
0.000000000000000000e+00
0.000000000000000000e+00
0.000000000000000000e+00
0.000000000000000000e+00
0.000000000000000000e+00
0.000000000000000000e+00
0.000000000000000000e+00
0.000000000000000000e+00
0.000000000000000000e+00
0.000000000000000000e+00
0.000000000000000000e+00
0.000000000000000000e+00
0.000000000000000000e+00
0.000000000000000000e+00
0.000000000000000000e+00
0.000000000000000000e+00
0.000000000000000000e+00
0.000000000000000000e+00
0.000000000000000000e+00
0.000000000000000000e+00
0.000000000000000000e+00
0.000000000000000000e+00
0.000000000000000000e+00
0.000000000000000000e+00
0.000000000000000000e+00
0.000000000000000000e+00
0.000000000000000000e+00
1.718807500000000116e-11
9.046828750000000504e-05
1.334085000000000045e-03
3.313233750000000102e-03
4.020131250000000440e-03
5.387085000000000658e-03
7.830830000000000429e-03
1.061434999999999983e-02
1.275357499999999790e-02
1.426327499999999887e-02
1.757567499999999894e-02
2.016727499999999840e-02
2.209631249999999963e-02
2.573100000000000387e-02
3.160378749999999404e-02
3.638254999999999961e-02
4.723563750000000366e-02
6.873021250000001248e-02
8.705811250000000667e-02
9.958266250000000208e-02
9.999999999999999167e-02
9.999999999999999167e-02
9.999999999999999167e-02
1.707093750000000243e-01
2.706131249999999544e-01
3.104451249999999884e-01
3.593081249999999782e-01
4.628097500000000197e-01
5.400039999999999285e-01
5.846132499999999732e-01
6.344378750000000400e-01
7.139811249999999943e-01
9.030678749999999644e-01
1.071946250000000100e+00
1.309568749999999948e+00
1.546345000000000081e+00
1.651013750000000169e+00
1.747478749999999970e+00
1.805087499999999734e+00
1.815151249999999772e+00
1.827408750000000026e+00
1.842213749999999761e+00
1.862422500000000092e+00
1.880712500000000009e+00
1.893041250000000231e+00
1.917836249999999909e+00
1.937267499999999920e+00
1.956916249999999691e+00
1.991086249999999946e+00
2.005694999999999784e+00
2.009732500000000144e+00
2.012506250000000385e+00
2.015708749999999938e+00
2.023656250000000156e+00
2.036226249999999904e+00
2.049824999999999786e+00
2.060678750000000115e+00
2.069218750000000107e+00
2.076541250000000005e+00
2.082467500000000360e+00
2.092827500000000285e+00
2.100000000000000089e+00
2.100000000000000089e+00
2.100000000000000089e+00
2.100000000000000089e+00
2.045791249999999728e+00
1.964138750000000044e+00
1.923948749999999874e+00
2.178339999999999943e+00
2.300000000000000266e+00
2.236823750000000111e+00
6.250000000000000000e-01
6.250000000000000000e-01
6.250000000000000000e-01
3.042949999999999822e-01
3.147612499999999924e-01
