1.268556250000000000e+04
1.507146249999999964e+04
1.027279999999999927e+04
8.642671249999999418e+03
7.709233750000001237e+03
6.929278749999999491e+03
6.100795000000000073e+03
5.386726249999999709e+03
4.828940000000000509e+03
4.314357500000000073e+03
3.785724999999999909e+03
3.191564999999999600e+03
2.714579999999999927e+03
1.907632499999999936e+03
1.546747500000000173e+03
1.383437500000000000e+03
1.230733750000000100e+03
1.124717499999999973e+03
1.044575000000000045e+03
9.827426249999999754e+02
9.308543749999998909e+02
8.859771250000000009e+02
8.246858750000000100e+02
7.631923749999999700e+02
7.243178749999999582e+02
7.008997500000000400e+02
6.851813749999998890e+02
6.763532500000000027e+02
6.781564999999999372e+02
6.922923749999999927e+02
7.193667500000000246e+02
7.611825000000000045e+02
8.211082499999999982e+02
9.046756250000000819e+02
1.100344999999999800e+03
1.602321249999999964e+03
2.867074999999999818e+03
8.319906250000000000e+03
2.995226250000000073e+04
6.688546249999999418e+04
6.437558749999999418e+04
1.308392499999999927e+04
3.142525000000000091e+03
1.443705000000000155e+03
8.477142499999999927e+02
6.153528750000000400e+02
5.150475000000000136e+02
4.408812500000000227e+02
3.843892500000000041e+02
3.493863749999999868e+02
3.333412500000000023e+02
3.175807499999999663e+02
3.029256249999999682e+02
2.904452499999999873e+02
2.780772500000000491e+02
2.663578750000000355e+02
2.564099999999999682e+02
2.466351249999999879e+02
2.371366250000000093e+02
2.291156250000000227e+02
2.211835000000000093e+02
2.134833749999999952e+02
2.071814999999999714e+02
2.011518750000000182e+02
1.905426250000000152e+02
1.759759999999999707e+02
1.644285000000000139e+02
1.533606249999999989e+02
1.395857500000000186e+02
1.243085000000000093e+02
1.118251250000000141e+02
1.014231249999999989e+02
9.279152500000000714e+01
8.333237500000001319e+01
7.291285000000000593e+01
6.478442499999999882e+01
5.830139999999999390e+01
5.309582500000000493e+01
4.940477500000000077e+01
4.536988749999999726e+01
4.092312499999999886e+01
3.773948750000000274e+01
3.503681249999999636e+01
3.266656249999999773e+01
3.033311249999999859e+01
2.817289999999999850e+01
2.630067499999999825e+01
2.458810000000000073e+01
2.302207500000000095e+01
2.212449999999999761e+01
2.160208749999999966e+01
2.064918750000000003e+01
1.835953749999999829e+01
1.566560000000000130e+01
1.373071250000000099e+01
1.082357499999999995e+01
8.662723749999999612e+00
7.634287500000000115e+00
6.422087499999999949e+00
5.596892500000000048e+00
5.189802500000000762e+00
4.881388750000000165e+00
4.495341250000000066e+00
4.289369999999999905e+00
3.752042499999999947e+00
3.022193750000000456e+00
2.568021250000000144e+00
2.241613749999999960e+00
2.279354999999999798e+00
2.703073749999999720e+00
4.748291249999999408e+00
1.533542500000000075e+01
1.697553750000000036e+03
1.145966499999999968e+02
4.406376250000000105e+00
1.652041249999999906e+00
1.070727500000000054e+00
8.881788750000000343e-01
7.436914999999999498e-01
6.353394999999999460e-01
6.230577500000000768e-01
1.161149999999999904e+00
3.585824999999999818e+02
3.871680000000000454e+00
1.313947500000000046e+00
7.632652500000000062e-01
5.120839999999999836e-01
4.343888749999999521e-01
3.769062499999999982e-01
3.461723750000000321e-01
3.487486250000000343e-01
3.935828750000000542e-01
4.703522500000000273e-01
6.793764999999999388e-01
2.105241250000000175e+00
4.283728750000000218e+02
6.860537500000000399e+00
9.268269999999998454e-01
4.029492500000000366e-01
3.045207500000000067e-01
2.642937499999999940e-01
2.570053750000000359e-01
3.008580000000000143e-01
1.091247499999999917e+02
1.153145000000000087e+00
2.830938750000000503e-01
2.335458749999999861e-01
5.694858750000000214e+01
7.472561249999999688e+01
2.153942499999999816e-01
2.179968750000000344e-01
5.952082500000000209e+01
1.842004999999999892e+00
5.031958750000000435e+01
4.148672499999999985e+01
2.161123750000000143e+01
1.662377499999999897e-01
2.251271250000000279e+01
3.334346250000000111e+01
1.807533749999999984e+01
1.169056249999999991e-01
1.638303750000000036e+01
1.506131249999999788e+01
9.411149999999999238e+00
7.927701250000000144e+00
5.702423749999999458e+00
5.183876249999999963e+00
4.559348749999999839e+00
3.714801250000000277e+00
3.262956250000000225e+00
2.928844999999999921e+00
2.693061249999999962e+00
2.234167499999999862e+00
2.075924999999999798e+00
2.007760000000000211e+00
1.879328749999999992e+00
1.671811249999999971e+00
1.502955000000000041e+00
1.172279999999999989e+00
8.818409999999998750e-01
7.833365000000001022e-01
6.966629999999998102e-01
6.082830000000000181e-01
5.303677500000000267e-01
4.700772500000000020e-01
4.317161250000000061e-01
3.840253750000000021e-01
3.563151250000000658e-01
3.274618749999999578e-01
2.793166249999999851e-01
2.533987499999999504e-01
2.404744999999999799e-01
2.284237500000000087e-01
2.153780000000000139e-01
1.870255000000000112e-01
1.697767499999999763e-01
1.525071250000000211e-01
1.337916249999999974e-01
1.230075000000000196e-01
1.167481250000000081e-01
1.145688750000000145e-01
1.142812500000000009e-01
1.143795000000000089e-01
1.158780000000000088e-01
1.180821250000000100e-01
1.201225000000000070e-01
1.217387500000000067e-01
1.245541250000000155e-01
1.261813749999999845e-01
1.278139999999999832e-01
1.308428750000000251e-01
1.319977499999999970e-01
1.324690000000000034e-01
1.327923749999999903e-01
1.328010000000000024e-01
1.316471250000000037e-01
1.261771250000000011e-01
1.161491250000000058e-01
1.072791250000000030e-01
1.007012500000000060e-01
9.506391250000000015e-02
9.049897499999999539e-02
8.401580000000000159e-02
6.892051249999998908e-02
4.802286249999999923e-02
3.650071249999999740e-02
2.981467499999999882e-02
1.782962499999999825e-02
1.066416249999999934e-02
7.283058749999999845e-03
4.240247499999999677e-03
2.661104999999999981e-03
1.700047500000000057e-03
2.758337499999999982e-04
2.506533750000000064e-04
2.327730000000000023e-04
9.748849999999999335e-05
8.239124999999999487e-05
