9.805324999999999847e+00
1.419823750000000118e+01
1.171151250000000132e+01
1.104302500000000009e+01
1.070597500000000046e+01
1.045227500000000020e+01
1.021166250000000097e+01
1.002682500000000054e+01
9.898612500000000480e+00
9.792918749999998340e+00
9.695737499999999898e+00
9.602276249999999180e+00
9.537785000000001290e+00
9.453646250000000251e+00
9.423981250000000642e+00
9.413163749999998942e+00
9.404135000000000133e+00
9.398582499999999840e+00
9.394800000000000040e+00
9.392174999999998164e+00
9.390249999999999986e+00
9.388786250000000777e+00
9.387042499999999734e+00
9.385550000000000281e+00
9.385131250000002368e+00
9.387826249999999817e+00
9.392773749999999922e+00
9.398327499999998835e+00
9.404014999999999347e+00
9.409818750000001231e+00
9.415708750000000293e+00
9.423563750000001349e+00
9.486311249999999973e+00
9.995648750000000859e+00
1.278795000000000037e+01
2.227469999999999928e+01
5.146250000000000568e+01
2.152506249999999852e+02
1.000628624999999943e+03
2.487622499999999945e+03
2.626201250000000073e+03
6.491346249999999145e+02
2.037098750000000109e+02
1.135981249999999818e+02
7.788601250000000675e+01
6.264942500000000081e+01
5.563915000000000077e+01
5.022211249999999438e+01
4.591643750000000068e+01
4.319603750000000275e+01
4.190094999999999459e+01
4.062884999999999991e+01
3.942995000000000516e+01
3.838057500000000033e+01
3.734021250000000691e+01
3.634522499999999923e+01
3.547656250000000000e+01
3.462174999999999869e+01
3.378624999999999545e+01
3.306171249999999873e+01
3.234303750000000122e+01
3.164337499999999892e+01
3.105799999999999628e+01
3.049522499999999781e+01
2.950497500000000173e+01
2.814192500000000052e+01
2.704038750000000491e+01
2.598001250000000084e+01
2.462754999999999939e+01
2.309058749999999804e+01
2.179788750000000164e+01
2.069269999999999854e+01
1.975475000000000136e+01
1.869812500000000099e+01
1.751195000000000235e+01
1.656060000000000088e+01
1.578563749999999821e+01
1.515531249999999908e+01
1.470540000000000092e+01
1.423046250000000157e+01
1.371822500000000034e+01
1.334662499999999952e+01
1.302893749999999962e+01
1.274617499999999737e+01
1.246406250000000071e+01
1.219917499999999855e+01
1.196648749999999950e+01
1.175020000000000131e+01
1.155023749999999971e+01
1.143382499999999879e+01
1.136532499999999857e+01
1.124022500000000235e+01
1.092958750000000023e+01
1.056721250000000190e+01
1.031322500000000097e+01
9.903214999999997659e+00
9.567741250000000974e+00
9.388602500000001072e+00
9.150176250000001232e+00
8.968218750000001904e+00
8.868736249999999544e+00
8.784736250000001689e+00
8.677463750000001141e+00
8.611506249999999696e+00
8.423353749999998641e+00
8.087716249999999718e+00
7.734433749999999996e+00
7.194007500000001443e+00
6.598986249999999387e+00
5.921553749999999283e+00
4.354800000000000004e+00
1.542446250000000019e+00
3.094457500000000323e+02
4.715117500000000206e+01
1.433398749999999922e+01
1.129921249999999944e+01
1.028338749999999990e+01
9.839741250000001216e+00
9.393537500000002538e+00
8.865706250000000566e+00
8.124231249999999349e+00
6.591960000000001152e+00
9.945521250000000180e+01
1.556096250000000047e+01
1.229284999999999783e+01
1.103930000000000078e+01
1.024828749999999999e+01
9.878023750000000547e+00
9.492256250000000506e+00
9.093486250000001547e+00
8.575431249999999395e+00
8.153826249999999831e+00
7.745034999999999670e+00
7.098254999999999981e+00
5.130881250000000726e+00
1.418237500000000182e+02
1.912454999999999927e+01
1.214956250000000004e+01
1.052672500000000078e+01
9.941202499999999276e+00
9.464920000000001110e+00
8.939831249999999230e+00
8.387536250000000138e+00
4.766468749999999233e+01
1.313129999999999953e+01
1.019087499999999835e+01
8.825427499999999981e+00
2.668831249999999500e+01
4.655806250000000546e+01
9.970476249999999041e+00
8.786228750000001142e+00
3.596738750000000095e+01
8.949431249999999949e+00
3.649584999999999724e+01
2.782263749999999902e+01
2.645058750000000458e+01
1.041920000000000002e+01
2.287512499999999704e+01
3.605543749999999648e+01
2.266638749999999902e+01
1.010422499999999957e+01
2.227445000000000164e+01
2.309913750000000121e+01
2.514696250000000077e+01
2.413976250000000334e+01
2.208480000000000132e+01
2.153028750000000002e+01
2.076298750000000126e+01
1.963615000000000066e+01
1.886097499999999627e+01
1.827835000000000321e+01
1.786714999999999876e+01
1.704246249999999918e+01
1.666332500000000039e+01
1.644690000000000296e+01
1.603908750000000083e+01
1.538013750000000179e+01
1.484398750000000078e+01
1.372296249999999951e+01
1.217798750000000041e+01
1.117856250000000173e+01
1.050978749999999806e+01
1.045096249999999927e+01
1.039198749999999905e+01
1.032521250000000101e+01
1.022928749999999809e+01
1.012938749999999999e+01
1.008956249999999955e+01
1.004069999999999929e+01
9.937191249999999698e+00
9.859994999999999621e+00
9.815387499999999932e+00
9.765562499999999702e+00
9.686018750000000566e+00
9.320243749999999494e+00
8.861856250000000657e+00
8.216881250000000136e+00
7.560965000000000380e+00
7.246958749999999227e+00
6.957561249999999475e+00
6.759283750000000701e+00
6.678776249999999415e+00
6.580730000000000857e+00
6.462287499999998630e+00
6.300626250000000539e+00
6.154295000000000293e+00
6.055678750000000221e+00
5.866221249999998832e+00
5.720507500000000078e+00
5.573133750000000219e+00
5.311505000000000365e+00
5.126424999999999343e+00
5.038780000000000037e+00
4.978609999999998870e+00
4.909135000000000915e+00
4.737062500000000398e+00
4.504073749999999876e+00
4.280421249999999844e+00
4.116713749999999727e+00
4.012068750000000072e+00
3.922379999999999978e+00
3.849756249999999547e+00
3.755217500000000541e+00
3.566037500000000193e+00
3.401833750000000212e+00
3.416202499999999809e+00
3.505803750000000107e+00
3.809119999999999617e+00
4.049424999999999386e+00
4.016172499999999701e+00
3.647753750000000128e+00
3.104606249999999790e+00
2.694277500000000103e+00
6.428324999999999179e-01
6.481600000000000694e-01
6.594037500000000662e-01
3.476612499999999772e-01
3.619850000000000012e-01
