1.269536249999999927e+04
1.508564999999999964e+04
1.028450000000000000e+04
8.653713749999998981e+03
7.719937500000000909e+03
6.939732500000000073e+03
6.111006250000000364e+03
5.396752499999999600e+03
4.838840000000000146e+03
4.324148750000000291e+03
3.795421250000000327e+03
3.201166249999999764e+03
2.724118750000000091e+03
1.917085000000000036e+03
1.556172500000000127e+03
1.392852499999999964e+03
1.240137500000000045e+03
1.134116250000000036e+03
1.053968750000000000e+03
9.921348750000000791e+02
9.402446250000000418e+02
8.953658749999999600e+02
8.340729999999999791e+02
7.725779999999999745e+02
7.337029999999999745e+02
7.102876250000000482e+02
6.945741249999999809e+02
6.857515000000000782e+02
6.875605000000000473e+02
7.017022500000000491e+02
7.287826250000000528e+02
7.706062499999999318e+02
8.305946250000000646e+02
9.146712499999998727e+02
1.113133749999999964e+03
1.624597499999999854e+03
2.918536249999999654e+03
8.535157499999999345e+03
3.095288750000000073e+04
6.937308749999999418e+04
6.700181250000000000e+04
1.373305000000000109e+04
3.346233750000000327e+03
1.557303750000000036e+03
9.256002499999999600e+02
6.780022499999998900e+02
5.706866250000000491e+02
4.911031250000000341e+02
4.303056249999999636e+02
3.925827500000000327e+02
3.752421249999999873e+02
3.582096250000000737e+02
3.423557499999999436e+02
3.288259999999999650e+02
3.154173749999999927e+02
3.027031250000000000e+02
2.918863749999999868e+02
2.812567499999999541e+02
2.709230000000000018e+02
2.621775000000000091e+02
2.535262500000000045e+02
2.451267500000000155e+02
2.382395000000000209e+02
2.316471249999999884e+02
2.200477500000000077e+02
2.041176250000000323e+02
1.914690000000000225e+02
1.793408750000000111e+02
1.642132500000000164e+02
1.473988750000000039e+02
1.336231250000000159e+02
1.221156250000000085e+02
1.125463750000000118e+02
1.020305000000000035e+02
9.042481250000000159e+01
8.134501249999999573e+01
7.408701250000000016e+01
6.825113749999999868e+01
6.411016249999998706e+01
5.960035000000000593e+01
5.464133750000000589e+01
5.108612500000000978e+01
4.806575000000000131e+01
4.541276249999999948e+01
4.279718749999999261e+01
4.037205000000000155e+01
3.826716249999999775e+01
3.633830000000000382e+01
3.457231249999999534e+01
3.355832499999999641e+01
3.296742499999999865e+01
3.188937500000000469e+01
2.928913749999999538e+01
2.623279999999999745e+01
2.404397499999999610e+01
2.072678750000000036e+01
1.823044999999999760e+01
1.702286249999999868e+01
1.557226250000000078e+01
1.456510000000000105e+01
1.405853749999999991e+01
1.366613750000000138e+01
1.317278750000000009e+01
1.290087499999999920e+01
1.217539999999999978e+01
1.110989999999999966e+01
1.030243749999999991e+01
9.435621250000000515e+00
8.878341249999998297e+00
8.624627500000000779e+00
9.103087500000000887e+00
1.687786249999999910e+01
2.007001250000000027e+03
1.617481249999999875e+02
1.874034999999999940e+01
1.295127500000000254e+01
1.135409999999999897e+01
1.072791249999999863e+01
1.013722500000000082e+01
9.501042500000000501e+00
8.747291249999999962e+00
7.753110000000000390e+00
4.580376249999999914e+02
1.943265000000000242e+01
1.360681250000000020e+01
1.180258750000000134e+01
1.076037499999999802e+01
1.031240000000000023e+01
9.869162499999998062e+00
9.439656250000000526e+00
8.924183749999999193e+00
8.547408750000000666e+00
8.215388749999998907e+00
7.777631249999999774e+00
7.236128750000000664e+00
5.701967500000000655e+02
2.598510000000000275e+01
1.307636250000000011e+01
1.092968750000000000e+01
1.024571249999999978e+01
9.729213749999999550e+00
9.196838749999999507e+00
8.688391250000000454e+00
1.567895000000000039e+02
1.428445000000000142e+01
1.047396250000000073e+01
9.058975000000000222e+00
8.363688750000000027e+01
1.212837499999999835e+02
1.018586250000000071e+01
9.004224999999999923e+00
9.548815000000000452e+01
1.079146249999999974e+01
8.681541249999999366e+01
6.930936250000000598e+01
4.806184999999999974e+01
1.058542500000000075e+01
4.538785000000000025e+01
6.939889999999999759e+01
4.074172500000000241e+01
1.022114999999999974e+01
3.865748750000000200e+01
3.816044999999999732e+01
3.455819999999999936e+01
3.206882499999999681e+01
2.779054999999999609e+01
2.671818749999999909e+01
2.532771250000000407e+01
2.335877500000000140e+01
2.213452500000000001e+01
2.121993749999999679e+01
2.057447499999999962e+01
1.929420000000000357e+01
1.875939999999999941e+01
1.847675000000000267e+01
1.794413750000000007e+01
1.708357499999999973e+01
1.638332499999999925e+01
1.494247499999999995e+01
1.312856250000000102e+01
1.204892500000000055e+01
1.130601249999999958e+01
1.115925000000000189e+01
1.102232500000000215e+01
1.089527499999999982e+01
1.083169999999999789e+01
1.078598749999999917e+01
1.076206250000000075e+01
1.073786250000000031e+01
1.069958750000000158e+01
1.068103749999999863e+01
1.067232500000000073e+01
1.066502499999999998e+01
1.065954999999999941e+01
1.047672500000000007e+01
1.019296249999999837e+01
9.915732499999998950e+00
9.826481250000000500e+00
9.998158749999998207e+00
9.984255000000000990e+00
9.954389999999998295e+00
9.933976250000000618e+00
9.909559999999999036e+00
9.881447500000000161e+00
9.791064999999999685e+00
9.679700000000000415e+00
9.604890000000001038e+00
9.462882499999999197e+00
9.353768749999998633e+00
9.243393749999999187e+00
9.047056250000000688e+00
8.900061250000000257e+00
8.828235000000001165e+00
8.778928749999998615e+00
8.721627500000000310e+00
8.578375000000001194e+00
8.366477500000000234e+00
8.146391250000000639e+00
7.984670000000000378e+00
7.881988749999999655e+00
7.793984999999999275e+00
7.722723750000000109e+00
7.632061250000001351e+00
7.401510000000000034e+00
7.133336250000000156e+00
7.069375000000000853e+00
7.093712500000000531e+00
7.247966250000001054e+00
7.410088749999999891e+00
7.356582500000000024e+00
6.931654999999999234e+00
6.407266250000000163e+00
5.978272500000000100e+00
1.468108749999999851e+00
1.472966250000000032e+00
1.477252500000000079e+00
7.464162500000000033e-01
7.558175000000000310e-01
