2.769522500000000000e+05
3.729543750000000000e+05
2.912346250000000000e+05
2.679503750000000000e+05
2.560956250000000000e+05
2.472631250000000000e+05
2.392107500000000000e+05
2.335426250000000000e+05
2.302776250000000000e+05
2.284255000000000000e+05
2.280582500000000000e+05
2.310026250000000000e+05
2.374550000000000000e+05
2.769250000000000000e+05
3.204477500000000000e+05
3.624823750000000000e+05
4.225210000000000000e+05
4.801887500000000000e+05
5.265552500000000000e+05
5.506791250000000000e+05
5.470176250000000000e+05
5.171511250000000000e+05
4.257147500000000000e+05
2.901260000000000000e+05
1.921703750000000000e+05
1.308997500000000000e+05
9.311235000000000582e+04
6.890243750000000000e+04
5.280303750000000582e+04
4.165836249999999563e+04
3.362190000000000146e+04
2.769251250000000073e+04
2.319479999999999927e+04
1.969310000000000218e+04
1.588321250000000146e+04
1.224267499999999927e+04
9.697822500000000218e+03
7.855287500000000364e+03
6.786385000000000218e+03
6.205081250000000182e+03
5.477640000000001237e+03
4.707017499999999927e+03
4.063592499999999745e+03
3.543163749999999709e+03
3.120552499999999782e+03
2.851656250000000000e+03
2.684435000000000400e+03
2.543664999999999964e+03
2.406976250000000164e+03
2.315973750000000109e+03
2.270929999999999836e+03
2.226686250000000200e+03
2.181787499999999909e+03
2.136908749999999600e+03
2.092333749999999782e+03
2.049662499999999909e+03
2.012293750000000045e+03
1.975516250000000127e+03
1.938392499999999927e+03
1.901582499999999982e+03
1.864562500000000000e+03
1.828287500000000136e+03
1.796443749999999909e+03
1.765525000000000091e+03
1.711118750000000091e+03
1.635316250000000082e+03
1.568369999999999891e+03
1.502717499999999973e+03
1.413937500000000000e+03
1.307792500000000018e+03
1.214452500000000100e+03
1.133817499999999882e+03
1.056171249999999873e+03
9.636734999999998763e+02
8.590917499999999336e+02
7.714662500000000591e+02
6.977710000000000719e+02
6.367520000000000664e+02
5.928726249999998572e+02
5.459631249999999909e+02
4.949567499999999995e+02
4.577239999999999895e+02
4.257796249999999532e+02
3.973930000000000291e+02
3.691094999999999686e+02
3.427423749999999814e+02
3.197453749999999673e+02
2.986804999999999950e+02
2.793985000000000127e+02
2.683172500000000014e+02
2.618550000000000182e+02
2.500363749999999641e+02
2.207033750000000225e+02
1.887994999999999948e+02
1.677327500000000100e+02
1.357200000000000273e+02
1.113873749999999916e+02
9.961663750000001016e+01
8.534095000000000653e+01
7.557819999999999538e+01
7.077502499999999941e+01
6.689087499999999409e+01
6.247840000000000060e+01
6.001156250000000369e+01
5.350665000000000759e+01
4.439552499999999213e+01
3.793920000000000670e+01
3.205284999999999940e+01
2.832153750000000159e+01
2.620682499999999848e+01
2.380652500000000060e+01
2.221008750000000020e+01
2.095688750000000056e+01
1.963205000000000311e+01
1.827476249999999780e+01
1.676848749999999910e+01
1.572487499999999905e+01
1.509256249999999966e+01
1.435379999999999967e+01
1.341362500000000146e+01
1.230481249999999882e+01
1.117283749999999998e+01
1.028883749999999964e+01
9.728035000000000210e+00
9.497656249999998579e+00
9.264720000000000510e+00
9.038798749999999771e+00
8.895405000000000229e+00
8.719240000000000990e+00
8.529871249999999350e+00
8.290981249999999747e+00
8.130246250000000785e+00
8.012672499999998976e+00
7.888072499999999820e+00
7.697138749999999696e+00
7.516496250000000323e+00
7.364547500000000468e+00
7.206883749999999367e+00
7.059979999999999478e+00
6.963446249999999615e+00
6.861902500000000238e+00
6.752941249999999229e+00
6.649350000000000094e+00
6.420157500000000184e+00
6.198227499999999779e+00
6.051412499999999639e+00
5.908578749999999324e+00
5.767181250000000148e+00
5.618887499999999591e+00
5.495565000000000033e+00
5.410881250000000087e+00
5.289365000000000094e+00
5.103667500000000246e+00
4.948067499999999619e+00
4.843494999999999884e+00
4.774091249999999675e+00
4.734117499999999978e+00
4.484617499999999701e+00
1.501082500000000053e+01
3.211563750000000539e+01
3.166498750000000229e+01
3.084888750000000357e+01
2.894212500000000077e+01
2.726856250000000159e+01
2.410623749999999887e+01
2.044547500000000184e+01
1.950478750000000261e+01
1.828818750000000293e+01
1.657313750000000141e+01
1.553314999999999912e+01
1.475743750000000176e+01
1.421001250000000127e+01
1.310657499999999942e+01
1.257872500000000038e+01
1.226880000000000237e+01
1.168474999999999753e+01
1.103723749999999981e+01
1.065551249999999861e+01
9.868385000000001739e+00
8.881361250000001206e+00
8.384256249999999966e+00
7.945533750000000062e+00
7.530803750000000463e+00
6.976453750000000120e+00
6.627871250000000103e+00
6.355915000000000425e+00
6.135833750000000641e+00
6.059289999999999843e+00
6.004058750000000444e+00
5.888550000000000395e+00
5.818181250000000304e+00
5.788243750000000354e+00
5.754806249999999679e+00
5.701422499999999616e+00
5.636513749999999767e+00
5.598485000000000156e+00
5.584373750000000136e+00
5.615821249999999765e+00
5.676363750000000152e+00
5.730480000000000018e+00
5.771730000000000693e+00
5.788367499999999666e+00
5.808095000000000674e+00
5.830277499999999336e+00
5.873159999999999492e+00
5.914164999999999672e+00
5.939102500000000617e+00
5.986733749999999965e+00
6.022086250000000973e+00
6.054736249999999487e+00
6.107237500000000097e+00
6.141030000000000655e+00
6.155984999999999374e+00
6.166026250000001596e+00
6.175584999999999880e+00
6.192526250000000232e+00
6.205823750000000416e+00
6.192235000000000156e+00
6.125686250000000221e+00
6.068087499999999856e+00
6.005947500000000439e+00
5.956499999999999240e+00
5.866205000000000780e+00
5.524426250000000316e+00
4.854156249999999950e+00
4.285603749999999934e+00
3.887993749999999693e+00
3.039512499999999839e+00
2.417673750000000066e+00
2.212918750000000045e+00
2.300088749999999571e+00
2.676289999999999836e+00
3.110121250000000170e+00
8.541587500000000777e-01
8.640037499999999593e-01
8.708587500000000148e-01
4.336762499999999854e-01
4.269812499999999789e-01
