1.430511250000000000e+07
1.712950000000000000e+07
1.178693750000000000e+07
9.985438750000000000e+06
8.958725000000000000e+06
8.104772500000000000e+06
7.203252500000000000e+06
6.433083750000000000e+06
5.838772500000000000e+06
5.294175000000000000e+06
4.747213750000000000e+06
4.155565000000000000e+06
3.709605000000000000e+06
3.127321250000000000e+06
3.010645000000000000e+06
3.070788750000000000e+06
3.211577500000000000e+06
3.356042500000000000e+06
3.435418750000000000e+06
3.392600000000000000e+06
3.207226250000000000e+06
2.902576250000000000e+06
2.243242500000000000e+06
1.410621250000000000e+06
8.732500000000000000e+05
5.613905000000000000e+05
3.798920000000000000e+05
2.690320000000000000e+05
1.982931250000000000e+05
1.510858750000000000e+05
1.181250000000000000e+05
9.451527500000000873e+04
7.708422499999999127e+04
6.384913750000001164e+04
4.986462500000000000e+04
3.695111250000000291e+04
2.824128750000000218e+04
2.214071249999999782e+04
1.869632500000000073e+04
1.685904999999999927e+04
1.460084999999999854e+04
1.226277500000000146e+04
1.034713749999999891e+04
8.830537500000000364e+03
7.624996249999999236e+03
6.871453749999999673e+03
6.406246249999999236e+03
6.021066249999999854e+03
5.648301250000000437e+03
5.401359999999999673e+03
5.281031250000000000e+03
5.162838750000000800e+03
5.042899999999999636e+03
4.923003749999999854e+03
4.803928750000000036e+03
4.690459999999999127e+03
4.592471250000000509e+03
4.496100000000000364e+03
4.398809999999999491e+03
4.302352499999999964e+03
4.205348749999999200e+03
4.110469999999999345e+03
4.028291249999999764e+03
3.948717500000000200e+03
3.808702500000000327e+03
3.613977500000000418e+03
3.444157499999999800e+03
3.278047500000000127e+03
3.055668750000000273e+03
2.792409999999999854e+03
2.564025000000000091e+03
2.369793750000000273e+03
2.183346250000000055e+03
1.964398750000000064e+03
1.720326250000000073e+03
1.519590000000000146e+03
1.353475000000000136e+03
1.217755000000000109e+03
1.121589999999999918e+03
1.020266250000000014e+03
9.111224999999999454e+02
8.327037500000000136e+02
7.660014999999999645e+02
7.074501249999998436e+02
6.497603749999999536e+02
5.965789999999999509e+02
5.506786250000000109e+02
5.091340000000000146e+02
4.714200000000000159e+02
4.499642500000000496e+02
4.375443750000000023e+02
4.148416250000000218e+02
3.594251250000000368e+02
3.002401249999999777e+02
2.620618749999999864e+02
2.055631250000000136e+02
1.636688749999999857e+02
1.439275000000000091e+02
1.204933750000000003e+02
1.047736249999999956e+02
9.715975000000000250e+01
9.105878749999999400e+01
8.420148749999999893e+01
8.041578750000000753e+01
7.051222500000000082e+01
5.691863749999999555e+01
4.753881249999999881e+01
3.920872500000000116e+01
3.403440000000000509e+01
3.115558750000000288e+01
2.792859999999999943e+01
2.581380000000000052e+01
2.416803750000000051e+01
2.244501249999999715e+01
2.069702500000000001e+01
1.878321249999999765e+01
1.747054999999999936e+01
1.668428749999999994e+01
1.577151250000000182e+01
1.462042500000000089e+01
1.327967500000000101e+01
1.192960000000000065e+01
1.089078750000000184e+01
1.023905000000000065e+01
9.972902500000000003e+00
9.705420000000000158e+00
9.446613750000000920e+00
9.283153750000000315e+00
9.082545000000001423e+00
8.868012500000000742e+00
8.598229999999999151e+00
8.417436250000001507e+00
8.285811250000001849e+00
8.146741250000001600e+00
7.933631250000000357e+00
7.732812499999999645e+00
7.564831250000000118e+00
7.390656250000000149e+00
7.229289999999999772e+00
7.123452499999999965e+00
7.012199999999999989e+00
6.893388749999999732e+00
6.780584999999999418e+00
6.532323750000000651e+00
6.292993750000000830e+00
6.135618750000000787e+00
5.983092499999999703e+00
5.832476249999999141e+00
5.675211250000000263e+00
5.544942500000000329e+00
5.455664999999999765e+00
5.328114999999999490e+00
5.133942499999999853e+00
4.972028749999999775e+00
4.863646249999999505e+00
4.791895000000000238e+00
4.750646250000000848e+00
4.494543750000000948e+00
1.588527500000000003e+01
3.435208749999999611e+01
3.384157499999999885e+01
3.291705000000000325e+01
3.075693749999999937e+01
2.886149999999999949e+01
2.535733749999999986e+01
2.133705000000000496e+01
2.031537500000000307e+01
1.900577500000000342e+01
1.716792500000000032e+01
1.606541250000000076e+01
1.524367500000000142e+01
1.466376250000000070e+01
1.349548749999999941e+01
1.293913749999999929e+01
1.261347499999999933e+01
1.199982499999999952e+01
1.132007500000000100e+01
1.091970000000000240e+01
1.009413750000000043e+01
9.058717500000000200e+00
8.536989999999999412e+00
8.076581249999998491e+00
7.641576249999999959e+00
7.060416249999999394e+00
6.695998750000000221e+00
6.412636249999999372e+00
6.183760000000000367e+00
6.104232499999999284e+00
6.047143750000000040e+00
5.927753749999999933e+00
5.855091250000000080e+00
5.824228749999999621e+00
5.789757500000000334e+00
5.734727499999999978e+00
5.666188749999999885e+00
5.625682499999999919e+00
5.609157500000000240e+00
5.638051250000000181e+00
5.724632499999999347e+00
5.841253749999999911e+00
5.916638749999999725e+00
5.946958749999999405e+00
5.982882499999999659e+00
6.023194999999999411e+00
6.084287500000000293e+00
6.142558750000000956e+00
6.179801250000000579e+00
6.250890000000000057e+00
6.303604999999999237e+00
6.352721250000000097e+00
6.432886249999999251e+00
6.487737499999998825e+00
6.512987500000000374e+00
6.529928749999999837e+00
6.547452500000000342e+00
6.583820000000001116e+00
6.626274999999999693e+00
6.656227499999999964e+00
6.665766249999999005e+00
6.663273750000000106e+00
6.651342500000000157e+00
6.642014999999999780e+00
6.625613750000000302e+00
6.513872500000000620e+00
6.187256249999999014e+00
5.846019999999999328e+00
5.610402500000000181e+00
4.981228749999999650e+00
4.384936249999999980e+00
4.110876250000000454e+00
4.102490000000000414e+00
4.425168750000000095e+00
4.716392499999999544e+00
1.234376249999999953e+00
1.244462500000000027e+00
1.260557499999999997e+00
6.361400000000000388e-01
6.277325000000000266e-01
