1.402815000000000000e+07
1.675651250000000000e+07
1.149571250000000000e+07
9.717482500000000000e+06
8.702628750000000000e+06
7.857510000000000000e+06
6.964043750000000000e+06
6.199541250000000000e+06
5.608493750000000000e+06
5.065750000000000000e+06
4.519155000000000000e+06
3.924561250000000000e+06
3.472150000000000000e+06
2.850393750000000000e+06
2.690196250000000000e+06
2.708307500000000000e+06
2.789057500000000000e+06
2.875853750000000000e+06
2.908865000000000000e+06
2.841921250000000000e+06
2.660207500000000000e+06
2.385427500000000000e+06
1.817527500000000000e+06
1.120491250000000000e+06
6.810796250000000000e+05
4.304907500000000000e+05
2.867798750000000000e+05
2.001296250000000000e+05
1.454902500000000000e+05
1.094278750000000000e+05
8.450302499999999418e+04
6.682274999999998545e+04
5.388942500000000291e+04
4.415603750000000582e+04
3.398140000000000146e+04
2.470842499999999927e+04
1.854346250000000146e+04
1.428539999999999964e+04
1.190993750000000182e+04
1.065396249999999964e+04
9.123210000000000946e+03
7.555752499999998690e+03
6.283534999999999854e+03
5.287372499999999491e+03
4.504443750000000364e+03
4.019800000000000637e+03
3.721811250000000200e+03
3.477399999999999636e+03
3.241322500000000218e+03
3.085387499999999818e+03
3.010102499999999964e+03
2.936151249999999891e+03
2.861111250000000382e+03
2.786096249999999600e+03
2.711595000000000255e+03
2.640800000000000182e+03
2.580178750000000036e+03
2.520582499999999982e+03
2.460420000000000073e+03
2.400772500000000036e+03
2.340784999999999854e+03
2.282178750000000036e+03
2.231849999999999909e+03
2.183192500000000109e+03
2.097585000000000036e+03
1.978658750000000055e+03
1.875790000000000191e+03
1.775328750000000127e+03
1.641731249999999818e+03
1.484620000000000118e+03
1.349571249999999964e+03
1.235974999999999909e+03
1.127174999999999955e+03
1.000724749999999972e+03
8.612352500000000646e+02
7.481251250000000255e+02
6.557031250000000000e+02
5.810019999999999527e+02
5.287168749999999591e+02
4.743018749999999955e+02
4.161657500000000596e+02
3.749798749999999927e+02
3.402217500000000427e+02
3.100571249999999850e+02
2.806508749999999850e+02
2.538366250000000264e+02
2.309333749999999839e+02
2.104532500000000255e+02
1.920211250000000121e+02
1.816472499999999854e+02
1.756889999999999930e+02
1.648051249999999754e+02
1.387220000000000084e+02
1.114408750000000055e+02
9.432918750000001751e+01
6.984322500000000389e+01
5.228150000000000119e+01
4.431087499999999579e+01
3.515228749999999991e+01
2.919535000000000480e+01
2.638473750000000351e+01
2.416791249999999991e+01
2.172310000000000230e+01
2.040421249999999986e+01
1.700557500000000033e+01
1.252309999999999945e+01
9.599617500000000803e+00
7.155855000000000743e+00
5.712838749999999521e+00
4.948763749999999462e+00
4.122090000000000032e+00
3.603718750000000082e+00
3.211122500000000102e+00
2.812972499999999432e+00
2.422257499999999730e+00
2.014727500000000227e+00
1.745676250000000040e+00
1.591728750000000137e+00
1.417692500000000022e+00
1.206792500000000157e+00
9.749010000000000176e-01
7.567866249999999351e-01
6.019558749999999181e-01
5.110213749999999999e-01
4.752457500000000223e-01
4.406978749999999057e-01
4.078106249999999822e-01
3.877500000000000391e-01
3.633040000000000158e-01
3.381401250000000691e-01
3.072506249999999994e-01
2.871885000000000132e-01
2.731386250000000238e-01
2.586676250000000121e-01
2.364920000000000078e-01
2.163167500000000021e-01
2.002831250000000063e-01
1.837761250000000124e-01
1.693063750000000089e-01
1.600068749999999929e-01
1.502981249999999769e-01
1.404490000000000183e-01
1.312373750000000172e-01
1.121658750000000121e-01
9.476667500000000854e-02
8.420553750000001059e-02
7.451341249999998695e-02
6.529411250000000111e-02
5.632332499999999353e-02
4.937777499999999875e-02
4.478413750000000138e-02
3.874913750000000268e-02
3.027757499999999755e-02
2.395893749999999933e-02
2.015070000000000056e-02
1.780371249999999905e-02
1.653022499999999909e-02
9.927451249999998464e-03
8.744573749999999812e-01
2.236450000000000049e+00
2.176581249999999912e+00
2.068160000000000220e+00
1.814833750000000023e+00
1.592921249999999844e+00
1.251116249999999930e+00
8.915856250000000482e-01
8.105942499999999606e-01
7.175757499999999567e-01
5.947833750000000030e-01
5.322752499999999776e-01
4.862290000000000223e-01
4.537335000000000673e-01
3.889042500000000624e-01
3.604086250000000380e-01
3.446917500000000190e-01
3.150772500000000309e-01
2.828096250000000089e-01
2.641884999999999928e-01
2.257629999999999915e-01
1.773562500000000208e-01
1.527323749999999758e-01
1.310463749999999927e-01
1.107697500000000002e-01
8.396373749999999636e-02
6.812691249999999754e-02
5.672281250000000413e-02
4.792630000000000501e-02
4.494177500000000325e-02
4.308449999999999780e-02
3.920629999999999948e-02
3.690821250000000248e-02
3.598411249999999839e-02
3.495191250000000138e-02
3.330408750000000279e-02
2.967907500000000268e-02
2.719740000000000005e-02
2.478399999999999700e-02
2.222918750000000068e-02
2.047147500000000286e-02
1.950822500000000057e-02
1.902562499999999740e-02
1.883658749999999812e-02
1.861413749999999909e-02
1.836917500000000147e-02
1.811291249999999811e-02
1.720373750000000340e-02
1.646307500000000063e-02
1.513672499999999844e-02
1.421769999999999978e-02
1.360488749999999927e-02
1.305496250000000129e-02
1.279788750000000058e-02
1.270472500000000005e-02
1.264265000000000007e-02
1.259671250000000096e-02
1.256473749999999917e-02
1.264418749999999918e-02
1.252504999999999938e-02
1.157569999999999953e-02
1.111967499999999900e-02
1.089617500000000100e-02
1.071947499999999914e-02
1.039846250000000041e-02
9.427338749999999989e-03
7.848682499999998924e-03
6.494829999999999180e-03
5.596348749999999726e-03
3.315467500000000064e-03
1.479978749999999888e-03
8.330137499999998914e-04
6.780287500000000463e-04
9.799848749999999064e-04
1.008756250000000061e-03
2.482811249999999784e-04
2.502668750000000466e-04
2.556999999999999811e-04
1.372025000000000132e-04
1.473024999999999877e-04
