4.957725000000000364e+03
5.896340000000000146e+03
4.021663750000000164e+03
3.383637500000000273e+03
3.017630000000000109e+03
2.711206250000000182e+03
2.384862499999999727e+03
2.102682500000000346e+03
1.881372500000000173e+03
1.676268750000000182e+03
1.464411249999999882e+03
1.224016249999999900e+03
1.028741249999999809e+03
6.885011250000000018e+02
5.308148749999999154e+02
4.564780000000000086e+02
3.846432499999999663e+02
3.338227499999999850e+02
2.941187500000000341e+02
2.627557500000000346e+02
2.369337500000000034e+02
2.153903749999999775e+02
1.855020000000000095e+02
1.531114999999999782e+02
1.289600000000000080e+02
1.103365000000000009e+02
9.562832500000000380e+01
8.385055000000001257e+01
7.406873750000001166e+01
6.591579999999999018e+01
5.905128749999999371e+01
5.320991250000000150e+01
4.820718749999999631e+01
4.386791250000000275e+01
3.852056250000000404e+01
3.269047499999999928e+01
2.818012500000000031e+01
2.440592499999999632e+01
2.202356250000000060e+01
2.064282500000000198e+01
1.884226250000000036e+01
1.677426249999999897e+01
1.500878749999999862e+01
1.352002499999999863e+01
1.227463750000000076e+01
1.149827500000000136e+01
1.100686250000000044e+01
1.052003749999999904e+01
1.003300000000000125e+01
9.718327500000000896e+00
9.577196250000001854e+00
9.438568750000001728e+00
9.297896249999999085e+00
9.157273749999999879e+00
9.017612500000000253e+00
8.877116250000000264e+00
8.736576250000000599e+00
8.597351250000000888e+00
8.456797500000000412e+00
8.317451249999999519e+00
8.177310000000000301e+00
8.041805000000000092e+00
7.934291250000000240e+00
7.832131249999999767e+00
7.652379999999999960e+00
7.397033749999999408e+00
7.141428749999999326e+00
6.884958750000000904e+00
6.565857499999999902e+00
6.188470000000000582e+00
5.819591250000000215e+00
5.518597500000000267e+00
5.232654999999999390e+00
4.900082499999999897e+00
4.535321249999999971e+00
4.250342500000000356e+00
4.041459999999999830e+00
3.901509999999999589e+00
3.838623750000000001e+00
3.856655000000000388e+00
3.975098749999999903e+00
4.277843749999999723e+00
4.833006250000000392e+00
5.876463750000000097e+00
8.381327499999999375e+00
1.610867500000000163e+01
7.381987500000001035e+01
5.151751249999999800e+02
3.482240000000000464e+02
6.613716249999998809e+01
3.057189999999999941e+01
1.335731250000000259e+01
4.479307499999999997e+00
2.046453749999999960e+00
1.477682500000000010e+00
1.011037500000000033e+00
7.689483750000000173e-01
6.801995000000000680e-01
5.848400000000000265e-01
5.254233749999999148e-01
4.973366250000000321e-01
4.776934999999999931e-01
4.584132499999999943e-01
4.492636249999999998e-01
4.431312499999999766e-01
5.773095000000000310e-01
4.423753750000000196e+01
1.996373750000000058e+01
3.949707499999999816e-01
3.427920000000000411e-01
3.453973750000000065e-01
3.903484999999999872e-01
4.706261250000000063e-01
6.688513750000001368e-01
1.309310000000000196e+00
1.380993749999999807e+02
8.850663749999999936e+02
8.483572500000001071e+00
1.438860000000000028e+00
4.928850000000000176e-01
2.092061249999999650e-01
1.070503749999999893e-01
7.048312500000000758e-02
5.578406250000000205e-02
5.126855000000000301e-02
4.723890000000000033e-02
4.358929999999999749e-02
4.161201250000000351e-02
3.925227499999999620e-02
3.710460000000000147e-02
3.466503750000000245e-02
3.323813750000000067e-02
3.230668750000000033e-02
3.141218750000000087e-02
3.039102500000000207e-02
2.970706250000000256e-02
2.943577499999999736e-02
2.967589999999999811e-02
3.029272499999999951e-02
3.121958749999999977e-02
3.237783750000000627e-02
3.500776250000000450e-02
3.911381249999999754e-02
1.551528750000000234e-01
4.727518750000000125e+01
1.487420000000000131e-01
1.148782500000000012e-01
2.537390000000000256e+01
1.665242499999999848e-01
2.939370000000000038e-01
1.821942499999999798e+00
7.009890000000000043e+01
8.446114999999998485e-02
1.546671249999999886e-01
5.468387500000000045e+01
1.233669999999999902e+02
3.033862499999999685e+01
2.275873749999999873e+01
4.732978750000000190e+01
1.124637500000000045e+01
1.660296249999999674e+01
1.612432499999999891e+01
1.500603749999999970e+01
1.401510000000000034e+01
1.046490000000000009e+01
6.764549999999998953e+00
6.200391250000000021e+00
5.387547500000000156e+00
4.335725000000000051e+00
3.589783749999999607e+00
3.210627500000000190e+00
3.305364999999999664e+00
3.443135000000000279e+00
3.310073749999999926e+00
3.154723750000000049e+00
2.938199999999999701e+00
2.662326250000000449e+00
2.492713750000000061e+00
2.232706250000000114e+00
1.837813750000000024e+00
1.598077500000000040e+00
1.336230000000000029e+00
1.156747500000000262e+00
9.748032500000000100e-01
9.012897499999998896e-01
8.224292500000001116e-01
7.397247499999999309e-01
7.101963749999999909e-01
6.876314999999999511e-01
6.406540000000000568e-01
6.144792500000000324e-01
6.053788749999999830e-01
5.952147500000001257e-01
5.789878749999999297e-01
5.313676249999998991e-01
4.801188749999999450e-01
4.366284999999999750e-01
3.876149999999999873e-01
3.496816249999999959e-01
3.173165000000000013e-01
2.972578750000000047e-01
2.933192500000000313e-01
2.885222499999999801e-01
2.827275000000000205e-01
2.693151249999999886e-01
2.540507499999999919e-01
2.437598750000000147e-01
2.271662500000000140e-01
2.165843749999999956e-01
2.083150000000000279e-01
1.990243749999999756e-01
1.966431249999999742e-01
1.955488750000000109e-01
1.947977499999999917e-01
1.939307499999999851e-01
1.917771250000000205e-01
1.845572500000000060e-01
1.680252500000000149e-01
1.556968750000000123e-01
1.482668749999999924e-01
1.418991249999999871e-01
1.367426250000000065e-01
1.294662500000000049e-01
1.103520000000000056e-01
8.370586249999999173e-02
6.889232500000000425e-02
5.640333749999999063e-02
3.246049999999999630e-02
2.210470000000000143e-02
2.018852499999999883e-02
1.953362499999999891e-02
1.869105000000000072e-02
1.568535000000000068e-02
3.041674999999999761e-03
2.851425000000000314e-03
2.561825000000000213e-03
1.250000000000000026e-03
1.250000000000000026e-03
