2.231242499999999751e+01
3.206563749999999402e+01
2.630687499999999801e+01
2.474436249999999760e+01
2.395246250000000288e+01
2.335353749999999806e+01
2.278153750000000244e+01
2.233766249999999687e+01
2.202491249999999923e+01
2.176093750000000071e+01
2.150953749999999687e+01
2.124714999999999776e+01
2.104061250000000172e+01
2.062437500000000057e+01
2.036384999999999934e+01
2.018769999999999953e+01
1.997141249999999957e+01
1.977476250000000135e+01
1.958867499999999851e+01
1.941422499999999829e+01
1.924816249999999940e+01
1.909029999999999916e+01
1.883276249999999763e+01
1.849612499999999926e+01
1.819200000000000017e+01
1.791517500000000496e+01
1.766258750000000077e+01
1.743144999999999811e+01
1.721787499999999937e+01
1.702016250000000142e+01
1.683676249999999897e+01
1.666641249999999985e+01
1.650776249999999834e+01
1.635887499999999761e+01
1.615731249999999974e+01
1.591066249999999904e+01
1.569286250000000038e+01
1.549228750000000154e+01
1.535321249999999971e+01
1.526728750000000012e+01
1.514671249999999958e+01
1.499734999999999907e+01
1.485811249999999895e+01
1.472992500000000149e+01
1.461222499999999691e+01
1.453086250000000135e+01
1.447782499999999928e+01
1.442532500000000084e+01
1.437276250000000033e+01
1.433731249999999946e+01
1.431903750000000031e+01
1.430108750000000128e+01
1.428288749999999929e+01
1.426469999999999949e+01
1.424662500000000165e+01
1.422842500000000321e+01
1.421023749999999986e+01
1.419223749999999917e+01
1.417400000000000126e+01
1.415598750000000194e+01
1.413785000000000025e+01
1.411997499999999839e+01
1.410376250000000020e+01
1.408793750000000067e+01
1.406003750000000174e+01
1.402041249999999728e+01
1.398077499999999951e+01
1.394098750000000031e+01
1.388561249999999880e+01
1.381547500000000106e+01
1.374554999999999971e+01
1.367986250000000048e+01
1.361555000000000248e+01
1.353068749999999909e+01
1.342480000000000118e+01
1.332277500000000181e+01
1.322442500000000187e+01
1.313254999999999839e+01
1.305642500000000084e+01
1.295891250000000205e+01
1.283961249999999943e+01
1.272674999999999912e+01
1.260748749999999951e+01
1.246249999999999858e+01
1.224527499999999947e+01
1.186616249999999972e+01
1.104536250000000130e+01
1.212470000000000070e+01
1.590106250000000010e+01
1.484818749999999987e+01
1.425196250000000120e+01
1.370501249999999693e+01
1.312002500000000005e+01
1.277626249999999963e+01
1.260641249999999935e+01
1.236341249999999903e+01
1.216915000000000013e+01
1.206446249999999942e+01
1.191877500000000012e+01
1.180370000000000097e+01
1.173863749999999939e+01
1.168212499999999920e+01
1.161058749999999939e+01
1.156456249999999919e+01
1.142766250000000028e+01
1.113351250000000192e+01
1.049859999999999971e+01
1.196705000000000219e+01
1.107249999999999979e+01
1.088236249999999927e+01
1.064187499999999886e+01
1.042991250000000036e+01
1.020902500000000046e+01
9.852246250000000316e+00
9.154596249999999102e+00
1.552437499999999915e+01
1.074218749999999858e+02
1.721163749999999837e+01
1.348496249999999996e+01
1.230947500000000083e+01
1.167401249999999990e+01
1.127618750000000070e+01
1.103605000000000125e+01
1.089650000000000141e+01
1.084178750000000058e+01
1.078492499999999943e+01
1.072927499999999945e+01
1.069326249999999945e+01
1.064877499999999877e+01
1.059913750000000121e+01
1.053452500000000036e+01
1.048911249999999917e+01
1.045309999999999917e+01
1.041321250000000020e+01
1.035285000000000011e+01
1.029044999999999810e+01
1.023099999999999810e+01
1.016656249999999950e+01
1.009614999999999974e+01
1.004519999999999946e+01
9.989712499999999551e+00
9.915672500000001222e+00
9.835195000000000576e+00
9.432828749999998763e+00
1.188031249999999872e+01
9.813942499999999569e+00
9.188117500000000604e+00
1.101438749999999978e+01
9.209204999999998975e+00
7.781979999999999897e+00
4.750246250000000892e+00
5.067640000000000100e+01
9.995889999999999276e+00
8.067551250000001062e+00
1.953471250000000126e+01
1.134761249999999961e+02
4.020331249999999557e+01
3.705012500000000131e+01
7.382913750000000164e+01
3.709203750000000355e+01
4.453392500000000354e+01
4.397436249999999802e+01
4.266697500000000076e+01
4.150846250000000026e+01
3.734222499999999201e+01
3.261266250000000610e+01
3.168788750000000221e+01
3.024041250000000147e+01
2.819708750000000208e+01
2.654141249999999985e+01
2.550898750000000348e+01
2.497092500000000115e+01
2.383987499999999926e+01
2.312486250000000254e+01
2.264222500000000338e+01
2.191260000000000119e+01
2.091907499999999942e+01
2.025652499999999989e+01
1.916007499999999908e+01
1.762516250000000184e+01
1.674462499999999920e+01
1.642126250000000098e+01
1.587947499999999934e+01
1.534345000000000070e+01
1.479274999999999984e+01
1.400216250000000073e+01
1.317854999999999954e+01
1.285009999999999941e+01
1.244716249999999924e+01
1.161533749999999721e+01
1.122583750000000080e+01
1.115761250000000260e+01
1.108145000000000024e+01
1.095978750000000090e+01
1.060171249999999965e+01
1.013626250000000084e+01
9.649506249999999952e+00
8.724211249999999751e+00
7.645429999999999282e+00
6.977540000000001186e+00
6.592781249999999815e+00
6.431206249999999791e+00
6.246087499999999793e+00
6.058353750000000204e+00
5.759307500000000246e+00
5.426157500000000411e+00
5.227982499999999533e+00
4.853898749999999929e+00
4.601172499999999665e+00
4.392323750000000082e+00
4.069334999999999702e+00
3.946295000000000108e+00
3.917213749999999717e+00
3.897247499999999754e+00
3.874194999999999833e+00
3.816953750000000145e+00
3.704576250000000126e+00
3.547328750000000142e+00
3.426646249999999672e+00
3.332670000000000243e+00
3.252123749999999980e+00
3.186902499999999527e+00
3.184297500000000447e+00
3.335266249999999655e+00
3.775216249999999718e+00
4.164828749999999857e+00
4.445075000000000109e+00
4.827912500000000939e+00
4.741133750000000369e+00
4.557051249999999776e+00
4.032289999999999708e+00
3.418117500000000142e+00
3.149805000000000188e+00
8.114649999999999919e-01
8.166587499999999888e-01
8.245637500000000397e-01
4.211262499999999798e-01
4.281912500000000232e-01
