5.130300000000000182e+03
6.107114999999999782e+03
4.169863750000000437e+03
3.510936250000000200e+03
3.133042500000000018e+03
2.816735000000000582e+03
2.479928750000000036e+03
2.188751249999999800e+03
1.960423749999999927e+03
1.748833750000000009e+03
1.530308750000000146e+03
1.282365000000000009e+03
1.080963749999999891e+03
7.299983749999998963e+02
5.672731249999999363e+02
4.905081250000000068e+02
4.162803749999999923e+02
3.637233750000000327e+02
3.226302500000000464e+02
2.901429999999999723e+02
2.633722500000000082e+02
2.410184999999999889e+02
2.099672499999999786e+02
1.762586249999999950e+02
1.510713750000000175e+02
1.316067499999999768e+02
1.162001249999999999e+02
1.038345000000000056e+02
9.354248749999999291e+01
8.494472499999999116e+01
7.768873750000000200e+01
7.149993750000000148e+01
6.618683749999999577e+01
6.156711249999999325e+01
5.585600000000000875e+01
4.960237499999999500e+01
4.473736249999999615e+01
4.064803750000000093e+01
3.805426250000000010e+01
3.654571250000000049e+01
3.456987500000000324e+01
3.228968749999999943e+01
3.033133749999999651e+01
2.866914999999999836e+01
2.726821250000000063e+01
2.638685000000000258e+01
2.582747499999999974e+01
2.527328749999999857e+01
2.471894999999999953e+01
2.435923750000000254e+01
2.419553750000000036e+01
2.403474999999999895e+01
2.387160000000000082e+01
2.370848750000000038e+01
2.354649999999999821e+01
2.338354999999999961e+01
2.322052499999999853e+01
2.305905000000000271e+01
2.289602499999999452e+01
2.273441250000000124e+01
2.257187500000000568e+01
2.241436249999999575e+01
2.228737500000000082e+01
2.216627499999999884e+01
2.195315000000000083e+01
2.165042499999999848e+01
2.134738749999999641e+01
2.104333750000000336e+01
2.065917500000000118e+01
2.020016249999999758e+01
1.975017499999999870e+01
1.937433749999999932e+01
1.901542500000000047e+01
1.858791250000000161e+01
1.810630000000000095e+01
1.771073750000000047e+01
1.739737500000000026e+01
1.716153750000000144e+01
1.702090000000000103e+01
1.694248749999999859e+01
1.694602500000000234e+01
1.714630000000000010e+01
1.760076249999999831e+01
1.853387499999999832e+01
2.090421249999999986e+01
2.850702500000000228e+01
8.729681250000000148e+01
5.442557499999999209e+02
3.755869999999999891e+02
8.316470000000001050e+01
4.583293749999999989e+01
2.750502499999999984e+01
1.775021250000000350e+01
1.489401250000000054e+01
1.413702499999999951e+01
1.341271249999999782e+01
1.296914999999999907e+01
1.277337499999999970e+01
1.253031249999999908e+01
1.235501250000000084e+01
1.226179999999999914e+01
1.218590000000000018e+01
1.209601250000000050e+01
1.204175000000000040e+01
1.190448750000000011e+01
1.178384999999999927e+01
6.458202499999998736e+01
3.634951249999999590e+01
1.150849999999999795e+01
1.125225000000000009e+01
1.100843749999999766e+01
1.084130000000000038e+01
1.070313750000000219e+01
1.055242499999999950e+01
1.052233749999999901e+01
1.595720000000000027e+02
1.030600750000000062e+03
2.606200000000000117e+01
1.498716250000000016e+01
1.282492499999999858e+01
1.189353750000000076e+01
1.138917499999999805e+01
1.111091250000000130e+01
1.095605000000000118e+01
1.089663750000000064e+01
1.083559999999999945e+01
1.077616250000000164e+01
1.073813750000000056e+01
1.069118749999999807e+01
1.063936250000000072e+01
1.057223749999999995e+01
1.052536250000000173e+01
1.048846250000000069e+01
1.044763750000000080e+01
1.038627500000000126e+01
1.032319999999999993e+01
1.026358749999999986e+01
1.019952499999999951e+01
1.012988750000000060e+01
1.008000000000000007e+01
1.002587500000000098e+01
9.954795000000000726e+00
9.878890000000000171e+00
9.602824999999999278e+00
6.316546250000000384e+01
9.979340000000000543e+00
9.323486250000000197e+00
4.202311249999999632e+01
9.404519999999999769e+00
8.115182499999999521e+00
6.805262499999999548e+00
1.296920000000000073e+02
1.009299999999999997e+01
8.251248750000000243e+00
8.510897500000000093e+01
2.452861249999999984e+02
7.445926249999999413e+01
6.544622499999999832e+01
1.520311250000000314e+02
5.198832500000000323e+01
6.470491250000000605e+01
6.364191249999999656e+01
6.115823749999999848e+01
5.895737499999999898e+01
5.104788749999999453e+01
4.219958749999999981e+01
4.056011250000000246e+01
3.808504999999999541e+01
3.471522500000000377e+01
3.212281250000000199e+01
3.060311250000000172e+01
3.011107499999999959e+01
2.901699999999999946e+01
2.811143750000000097e+01
2.743673749999999956e+01
2.644089999999999918e+01
2.511001250000000340e+01
2.424156250000000057e+01
2.283607500000000101e+01
2.085401250000000317e+01
1.971458750000000038e+01
1.844839999999999947e+01
1.757008749999999964e+01
1.702771249999999981e+01
1.640097499999999897e+01
1.549675000000000047e+01
1.457288750000000022e+01
1.421984999999999921e+01
1.380350000000000144e+01
1.293377499999999891e+01
1.255656249999999829e+01
1.252715000000000067e+01
1.248866250000000022e+01
1.241582499999999811e+01
1.214222499999999982e+01
1.176069999999999993e+01
1.137653749999999953e+01
1.058383750000000134e+01
9.598506249999998019e+00
8.993835000000000690e+00
8.666439999999999699e+00
8.560602499999999893e+00
8.439383749999999296e+00
8.316572499999999479e+00
8.095526249999998925e+00
7.828063750000000098e+00
7.674593750000000547e+00
7.384705000000000297e+00
7.178138750000000456e+00
7.017887499999999612e+00
6.791611249999999878e+00
6.713168750000000351e+00
6.693482500000000890e+00
6.680207499999999854e+00
6.664967500000000378e+00
6.648900000000000254e+00
6.635536250000000358e+00
6.562780000000000058e+00
6.539363749999999698e+00
6.581696249999999360e+00
6.617973749999999100e+00
6.647347500000000409e+00
6.733163750000000114e+00
7.035352499999999232e+00
7.434635000000000105e+00
7.558958750000000393e+00
7.687923749999999501e+00
7.729086249999999936e+00
7.243730000000001112e+00
7.022862500000001340e+00
6.776825000000000543e+00
6.794972500000000082e+00
6.920933750000000551e+00
1.762204999999999799e+00
1.769157499999999938e+00
1.779694999999999805e+00
9.025512500000000271e-01
9.127775000000000194e-01
