7.857000000000000455e+02
9.355566250000000537e+02
6.391020000000000891e+02
5.383730000000000473e+02
4.806570000000000960e+02
4.323934999999999604e+02
3.810708750000000009e+02
3.367782500000000141e+02
3.021256249999999568e+02
2.701028750000000400e+02
2.371448749999999848e+02
1.999843750000000284e+02
1.700369999999999777e+02
1.189247500000000031e+02
9.579466250000000116e+01
8.516530000000001621e+01
7.508228749999999252e+01
6.795538750000000050e+01
6.246431249999999835e+01
5.815725000000000477e+01
5.463134999999999764e+01
5.172928749999999809e+01
4.757601250000000448e+01
4.299547499999999900e+01
3.954161249999999939e+01
3.684036249999999768e+01
3.457500000000000284e+01
3.269287500000000080e+01
3.109412500000000534e+01
2.973943749999999753e+01
2.851298750000000481e+01
2.743921250000000356e+01
2.646923750000000197e+01
2.559159999999999968e+01
2.448084999999999667e+01
2.317527499999999918e+01
2.206099999999999994e+01
2.110462500000000219e+01
2.038247500000000301e+01
1.996981249999999974e+01
1.944667499999999905e+01
1.875058749999999819e+01
1.812672500000000042e+01
1.758766250000000042e+01
1.714348749999999910e+01
1.951747499999999746e+01
4.015067499999999967e+01
1.272175000000000011e+02
3.273923750000000155e+02
8.772631249999999454e+02
8.765285000000000082e+02
8.758067499999999654e+02
8.750744999999999436e+02
8.743423750000000609e+02
8.736152500000000600e+02
8.728838749999998754e+02
8.721522500000000946e+02
8.714275000000000091e+02
8.706958750000000009e+02
8.699702499999999645e+02
8.692407499999999345e+02
8.685113750000001573e+02
8.677798749999999472e+02
8.670521250000000464e+02
8.657712500000000091e+02
8.639521249999999100e+02
8.621308750000000600e+02
8.603032500000000482e+02
8.575638750000000528e+02
8.539513749999999845e+02
8.503123750000000882e+02
8.466336249999999382e+02
8.429876249999999800e+02
8.379298750000000382e+02
8.313654999999998836e+02
8.247497499999999491e+02
8.181883749999999509e+02
8.119793749999998909e+02
8.068114999999999100e+02
8.003636249999999563e+02
7.926936249999999973e+02
7.860583749999999554e+02
7.798864999999999554e+02
7.736166249999998854e+02
7.666631249999999227e+02
7.593358749999999873e+02
7.522576249999999618e+02
7.448790000000000191e+02
7.375461250000000746e+02
7.328402499999999691e+02
7.298904999999999745e+02
7.244594999999999345e+02
7.083087500000000318e+02
6.869528749999999491e+02
6.688368749999999636e+02
6.318632499999999936e+02
5.949137500000000500e+02
5.712312500000000455e+02
5.346931250000000091e+02
5.036772500000000150e+02
4.854873749999999859e+02
4.691597500000000309e+02
4.481363749999999868e+02
4.345159999999999627e+02
3.949055000000000746e+02
3.238729999999999905e+02
2.548563749999999857e+02
2.125733749999999986e+02
2.013384999999999820e+02
1.935353749999999877e+02
1.851282500000000084e+02
1.787756249999999909e+02
1.732117499999999950e+02
1.678234999999999957e+02
1.623338749999999777e+02
1.549636249999999791e+02
1.490731250000000045e+02
1.448564999999999827e+02
1.402041249999999764e+02
1.348838749999999891e+02
1.272240000000000038e+02
1.189490000000000123e+02
1.122208750000000066e+02
1.070537500000000080e+02
1.046945000000000050e+02
1.024619999999999891e+02
1.005787499999999994e+02
9.928041250000001128e+01
9.765223750000001246e+01
9.571598749999999711e+01
9.310911249999999484e+01
9.120967500000000427e+01
8.966891249999999047e+01
8.812668750000001694e+01
8.622907500000000880e+01
8.429181249999999181e+01
8.245978750000000446e+01
8.052252500000000168e+01
7.846075000000000443e+01
7.704673750000000609e+01
7.558551250000000721e+01
7.422261250000001098e+01
7.297497500000000059e+01
6.980049999999999955e+01
6.633357499999999618e+01
6.375387500000000074e+01
6.157345000000000113e+01
5.938937500000000114e+01
5.675892500000000496e+01
5.424971250000000111e+01
5.259551249999999811e+01
5.045592500000000769e+01
4.663098750000000337e+01
4.369044999999999845e+01
4.234274999999999523e+01
4.132926249999999868e+01
4.068431250000000432e+01
3.500539999999999452e+01
2.822096249999999884e+01
2.645996250000000671e+01
2.562251250000000269e+01
2.449472499999999897e+01
2.185963750000000161e+01
1.954449999999999932e+01
1.523228750000000176e+01
1.102046250000000072e+01
1.016564999999999941e+01
8.801532499999998649e+00
7.120943750000000350e+00
5.981868749999999402e+00
5.171059999999999768e+00
4.847229999999999706e+00
4.185533750000000275e+00
3.835545000000000204e+00
3.616491250000000157e+00
3.203738750000000302e+00
2.733746249999999822e+00
2.447801249999999484e+00
2.028808750000000050e+00
1.525191249999999998e+00
1.288826250000000062e+00
1.099124999999999908e+00
9.022356249999999855e-01
6.950175000000000658e-01
5.198841249999999192e-01
4.361131249999999904e-01
3.800971250000000357e-01
3.623758749999999584e-01
3.466560000000000197e-01
3.229252500000000525e-01
3.114694999999999547e-01
3.053065000000000362e-01
2.912393750000000225e-01
2.614953749999999744e-01
2.194446250000000043e-01
2.001080000000000081e-01
1.820453749999999815e-01
1.691412499999999930e-01
1.582371250000000062e-01
1.448049999999999893e-01
1.358473750000000202e-01
1.324194999999999955e-01
1.285016250000000082e-01
1.242232500000000073e-01
1.185218749999999988e-01
1.135709999999999914e-01
1.105648750000000069e-01
1.052937500000000054e-01
1.014011249999999947e-01
9.771917500000001922e-02
9.172817499999999513e-02
8.756514999999999438e-02
8.560598749999999424e-02
8.426104999999999012e-02
8.281027500000000263e-02
7.952988749999999329e-02
7.475679999999999825e-02
7.020302500000000223e-02
6.696250000000000813e-02
6.439285000000000148e-02
6.217682499999999113e-02
6.050403750000000330e-02
5.781152499999999556e-02
5.005746250000000369e-02
3.591877500000000001e-02
2.526768750000000022e-02
1.951957500000000081e-02
8.637030000000000401e-03
2.667301249999999829e-03
1.229901250000000126e-03
7.263076250000000339e-04
9.467828749999999353e-04
9.738268749999998749e-04
2.468971249999999795e-04
2.502971250000000079e-04
2.577262499999999823e-04
1.403099999999999898e-04
1.520574999999999921e-04
