8.556249999999998579e+00
1.165236249999999885e+01
9.173653749999999718e+00
8.464518749999999869e+00
8.098042500000000032e+00
7.818032500000000162e+00
7.549506249999999419e+00
7.341773749999999765e+00
7.197181250000000752e+00
7.077808749999999982e+00
6.967990000000000350e+00
6.862330000000000041e+00
6.789373750000000207e+00
6.693912499999999710e+00
6.660033750000000197e+00
6.647503749999999378e+00
6.636893750000000480e+00
6.630209999999999937e+00
6.625523750000000156e+00
6.622126250000000880e+00
6.619515000000000704e+00
6.617500000000000604e+00
6.614811249999999809e+00
6.612097499999999073e+00
6.610228750000000986e+00
6.608878750000000579e+00
6.607818750000001629e+00
6.606989999999997920e+00
6.606319999999998416e+00
6.605783750000000509e+00
6.605311250000001522e+00
6.604919999999999902e+00
6.604579999999999451e+00
6.604280000000001039e+00
6.603920000000000456e+00
6.603509999999999991e+00
6.603180000000000938e+00
6.602919999999999234e+00
6.602718749999999304e+00
6.602608749999999027e+00
6.602471249999998903e+00
6.602299999999999613e+00
6.602532499999999693e+00
6.603188749999999274e+00
6.611297500000000049e+00
6.849630000000000329e+00
8.667298750000000496e+00
1.627707499999999641e+01
3.376035000000000252e+01
8.162165000000000248e+01
8.162726250000001471e+01
8.163276249999999834e+01
8.163833749999999156e+01
8.164392500000001007e+01
8.164948750000000643e+01
8.165506250000001387e+01
8.166062500000001023e+01
8.166617499999999552e+01
8.167176249999999982e+01
8.167728750000000559e+01
8.168286249999999882e+01
8.168841249999999832e+01
8.169400000000001683e+01
8.169953750000001946e+01
8.170932499999999266e+01
8.172318749999999454e+01
8.173707500000000437e+01
8.175101250000000164e+01
8.177192499999998176e+01
8.179943749999998204e+01
8.182722499999998433e+01
8.185528750000000286e+01
8.188308749999998781e+01
8.192167500000000757e+01
8.197175000000000011e+01
8.202219999999999800e+01
8.207226250000000789e+01
8.211961250000001655e+01
8.215902499999999975e+01
8.220821250000000191e+01
8.226671249999999702e+01
8.231731250000001410e+01
8.236438750000000653e+01
8.241225000000000023e+01
8.246524999999999750e+01
8.252115000000000578e+01
8.257513749999999675e+01
8.263141250000001037e+01
8.268736250000000609e+01
8.272326250000000414e+01
8.274575000000000102e+01
8.278717499999999063e+01
8.291038749999998458e+01
8.307325000000001580e+01
8.321143750000001660e+01
8.349348750000000052e+01
8.377530000000000143e+01
8.395591250000001082e+01
8.423463749999999095e+01
8.447122500000000400e+01
8.460996250000000884e+01
8.473448750000000018e+01
8.489486250000000211e+01
8.499873750000000427e+01
8.530088750000000175e+01
8.584267499999998563e+01
8.636910000000000309e+01
8.578362500000000068e+01
8.465982499999999789e+01
8.387086249999998699e+01
8.294687500000000568e+01
8.222787499999999739e+01
8.159756250000000932e+01
8.093541249999999820e+01
8.022216249999999604e+01
7.926463749999999209e+01
7.849931250000000205e+01
7.795148749999998472e+01
7.731413750000000107e+01
7.651391250000000355e+01
7.536177499999999441e+01
7.404820000000000846e+01
7.289598750000000393e+01
7.201106250000000841e+01
7.160705000000000098e+01
7.120279999999999632e+01
7.083811249999999404e+01
7.058582499999999982e+01
7.026942500000001246e+01
6.989318749999999625e+01
6.938661249999998404e+01
6.901751249999999516e+01
6.871809999999999263e+01
6.840756249999999739e+01
6.799586250000000121e+01
6.757281249999999773e+01
6.717269999999999186e+01
6.674961250000001201e+01
6.629932500000001028e+01
6.599051250000000834e+01
6.566816250000000821e+01
6.534178750000000946e+01
6.503564999999998975e+01
6.425668749999999818e+01
6.340596250000000822e+01
6.276333749999999867e+01
6.217513750000000528e+01
6.157136249999999933e+01
6.084418749999999676e+01
6.015048750000000410e+01
5.967918750000001182e+01
5.901391250000000355e+01
5.782467500000000626e+01
5.674642499999999501e+01
5.602403749999999150e+01
5.548079999999999501e+01
5.513509999999999422e+01
5.209112499999999812e+01
4.845458750000000236e+01
4.748284999999999911e+01
4.693087499999999324e+01
4.608702500000000413e+01
4.411538749999999709e+01
4.237948750000000331e+01
3.844098749999999853e+01
3.401679999999999637e+01
3.295345000000000368e+01
3.116469999999999985e+01
2.873412499999999881e+01
2.682476249999999851e+01
2.543973749999999612e+01
2.479103750000000161e+01
2.344519999999999627e+01
2.265831250000000097e+01
2.213840000000000074e+01
2.115873750000000086e+01
1.994293749999999932e+01
1.913349999999999795e+01
1.780216250000000144e+01
1.595943749999999994e+01
1.493040000000000056e+01
1.396896249999999995e+01
1.283341249999999789e+01
1.142177500000000201e+01
1.007661249999999953e+01
9.117047499999999971e+00
8.390411249999999654e+00
8.141218750000000171e+00
7.885057500000000275e+00
7.455217499999999831e+00
7.213702500000001017e+00
7.092475000000000307e+00
6.965732500000000549e+00
6.772187500000000249e+00
6.463928749999999113e+00
6.153675000000000672e+00
5.853765000000000107e+00
5.518649999999999167e+00
5.261384999999999756e+00
5.109611250000000382e+00
5.047925000000000217e+00
5.023307500000000481e+00
4.994647500000000129e+00
4.962444999999999773e+00
4.935060000000000002e+00
4.919636249999999933e+00
4.909909999999999108e+00
4.892022500000000385e+00
4.878519999999999968e+00
4.867643749999999159e+00
4.854280000000000150e+00
4.845773750000000213e+00
4.841916249999999700e+00
4.839268750000000452e+00
4.836317499999999825e+00
4.829308750000000039e+00
4.816966250000000116e+00
4.803253750000000544e+00
4.793025000000000979e+00
4.781677500000000691e+00
4.770017499999999799e+00
4.760938750000000219e+00
4.745792500000000302e+00
4.682258749999999914e+00
4.493997499999999867e+00
4.286596250000000552e+00
4.131874999999999964e+00
3.654475000000000140e+00
3.139521249999999597e+00
2.816607499999999931e+00
2.534706249999999716e+00
2.537547500000000067e+00
2.809181249999999519e+00
7.923837499999999423e-01
8.106349999999999945e-01
8.368349999999999955e-01
4.443725000000000036e-01
4.622025000000000161e-01
