7.942562500000000227e+02
9.472087499999998954e+02
6.482754999999999654e+02
5.468376250000000027e+02
4.887551250000000209e+02
4.402115000000000009e+02
3.886203749999999673e+02
3.441202499999999986e+02
3.093227499999999850e+02
2.771807499999999891e+02
2.441128750000000025e+02
2.068466249999999889e+02
1.768266249999999786e+02
1.256187499999999915e+02
1.024546249999999930e+02
9.181282500000000368e+01
8.171918750000000387e+01
7.458559999999999945e+01
6.908981249999999363e+01
6.477937500000000171e+01
6.125086250000000376e+01
5.834678749999999781e+01
5.419081249999999272e+01
4.960756250000000023e+01
4.615185000000000315e+01
4.344926250000000323e+01
4.118280000000000030e+01
3.929987500000000011e+01
3.770046250000000043e+01
3.634521250000000236e+01
3.511829999999999785e+01
3.404413750000000505e+01
3.307382499999999936e+01
3.219588749999999777e+01
3.108477500000000049e+01
2.977879999999999683e+01
2.866418750000000060e+01
2.770757499999999851e+01
2.698520000000000607e+01
2.657241250000000221e+01
2.604913749999999695e+01
2.535288749999999425e+01
2.472923749999999998e+01
2.419084999999999752e+01
2.375478749999999906e+01
2.636708750000000023e+01
4.881799999999999784e+01
1.434947500000000105e+02
3.611528749999999945e+02
9.588849999999999909e+02
9.581557499999998981e+02
9.574396250000000919e+02
9.567128750000000537e+02
9.559862499999999272e+02
9.552647500000000491e+02
9.545388750000000755e+02
9.538131249999999000e+02
9.530934999999999491e+02
9.523673750000001519e+02
9.516474999999999227e+02
9.509236249999999018e+02
9.501996249999999691e+02
9.494738749999999072e+02
9.487516249999999900e+02
9.474807499999999436e+02
9.456751249999999800e+02
9.438680000000000518e+02
9.420543749999999363e+02
9.393357499999999618e+02
9.357510000000000900e+02
9.321396250000000236e+02
9.284887499999999818e+02
9.248707500000000437e+02
9.198517500000000382e+02
9.133372500000000400e+02
9.067719999999999345e+02
9.002606249999998909e+02
8.940989999999999327e+02
8.889707499999999527e+02
8.825717499999999518e+02
8.749602500000000873e+02
8.683756249999999000e+02
8.622507500000000391e+02
8.560289999999999964e+02
8.491282499999998663e+02
8.418571249999999964e+02
8.348324999999999818e+02
8.275105000000000928e+02
8.202334999999999354e+02
8.155633749999999509e+02
8.126364999999999554e+02
8.072468750000000455e+02
7.912193750000000136e+02
7.700263750000001437e+02
7.520483749999999645e+02
7.153566250000000082e+02
6.786891249999999900e+02
6.551873750000000882e+02
6.189278749999998581e+02
5.881485000000000127e+02
5.700972500000000309e+02
5.538942499999999427e+02
5.330312500000000000e+02
5.195147500000000491e+02
4.802062500000000682e+02
4.097156249999999886e+02
3.412252500000000168e+02
2.983569999999999709e+02
2.859982499999999845e+02
2.774062500000000568e+02
2.680753750000000082e+02
2.610032500000000368e+02
2.548093750000000171e+02
2.487592500000000086e+02
2.425560000000000116e+02
2.342281249999999773e+02
2.275722500000000537e+02
2.228078749999999957e+02
2.175181249999999977e+02
2.113979999999999961e+02
2.025856249999999932e+02
1.929969999999999573e+02
1.851167500000000246e+02
1.790646250000000066e+02
1.763013749999999789e+02
1.736648749999999950e+02
1.714169999999999732e+02
1.698662500000000080e+02
1.679216250000000059e+02
1.656091250000000059e+02
1.624957499999999868e+02
1.602272499999999980e+02
1.583870000000000005e+02
1.565342499999999859e+02
1.542248749999999973e+02
1.518646249999999895e+02
1.496324999999999932e+02
1.472719999999999914e+02
1.447601249999999879e+02
1.430372500000000002e+02
1.412536249999999995e+02
1.395643750000000125e+02
1.380107499999999732e+02
1.340571250000000134e+02
1.297396250000000180e+02
1.265171249999999930e+02
1.237483749999999816e+02
1.209608750000000015e+02
1.176031250000000057e+02
1.144002499999999998e+02
1.122746250000000146e+02
1.094697500000000048e+02
1.044556250000000119e+02
1.004368749999999864e+02
9.836678750000000093e+01
9.681006249999998658e+01
9.581941249999999854e+01
8.709652499999999975e+01
7.667553749999999013e+01
7.394281250000000227e+01
7.255338749999999948e+01
7.058176249999999641e+01
6.597502500000000225e+01
6.192398750000000263e+01
5.367326249999999987e+01
4.503725000000000023e+01
4.311909999999999599e+01
3.996625000000000227e+01
3.585502499999999770e+01
3.280661249999999995e+01
3.061081249999999798e+01
2.963826249999999973e+01
2.763072500000000531e+01
2.649387499999999918e+01
2.575488749999999882e+01
2.436247499999999633e+01
2.267666250000000261e+01
2.158128749999999840e+01
1.983096249999999827e+01
1.748461250000000078e+01
1.621922500000000156e+01
1.506808750000000074e+01
1.373564999999999969e+01
1.220783750000000190e+01
1.139995000000000047e+01
1.043669999999999831e+01
9.677876250000000624e+00
9.603556250000000460e+00
9.341154999999998765e+00
8.905153750000000201e+00
8.663837499999999636e+00
8.541407500000000041e+00
8.393039999999999168e+00
8.184129999999999683e+00
7.865452499999999958e+00
7.526161249999999470e+00
7.208967499999999973e+00
6.861778750000000038e+00
6.646542500000000686e+00
6.583281249999998863e+00
6.573635000000001227e+00
6.570197499999999913e+00
6.566393749999999585e+00
6.562459999999999738e+00
6.580961249999999652e+00
6.610401250000000672e+00
6.629172499999999246e+00
6.664178749999999596e+00
6.690768750000000153e+00
6.720136249999999478e+00
6.777716250000000109e+00
6.821082500000000159e+00
6.842313750000000638e+00
6.856889999999999930e+00
6.872578749999998848e+00
6.907877500000000559e+00
6.953281250000000746e+00
6.993388749999999376e+00
7.023541250000000957e+00
7.037478750000000005e+00
7.043760000000000687e+00
7.048741249999999958e+00
7.057217499999999255e+00
7.040136249999998874e+00
6.890472499999999556e+00
6.689574999999999605e+00
6.540530000000001287e+00
6.040409999999999613e+00
5.460588749999999436e+00
5.069649999999999324e+00
4.684643750000000217e+00
4.635915000000000674e+00
4.852316250000000331e+00
1.250663749999999963e+00
1.252896250000000045e+00
1.266856250000000017e+00
6.546925000000000106e-01
6.746299999999999519e-01
