6.447874999999999801e+00
9.325472500000000053e+00
7.685816250000000238e+00
7.244548749999999870e+00
7.021958749999999583e+00
6.854368749999999899e+00
6.695391250000000127e+00
6.573222500000000856e+00
6.488470000000000404e+00
6.418556249999999075e+00
6.354221249999999266e+00
6.292225000000000179e+00
6.249289999999999345e+00
6.192337499999999828e+00
6.171498749999999589e+00
6.163317499999999782e+00
6.155961249999999829e+00
6.150911250000000052e+00
6.147014999999999674e+00
6.143876249999999928e+00
6.141194999999999737e+00
6.138857499999999412e+00
6.135254999999999903e+00
6.130752500000000715e+00
6.126741249999999361e+00
6.123008750000000333e+00
6.119437500000000085e+00
6.115986249999999735e+00
6.112623750000000022e+00
6.109298749999999778e+00
6.106011249999999890e+00
6.102761250000000359e+00
6.099532499999999580e+00
6.096302499999999291e+00
6.091561249999999816e+00
6.085123750000001053e+00
6.078677499999999512e+00
6.072168749999999449e+00
6.067252499999999493e+00
6.064001249999999565e+00
6.059084999999999610e+00
6.052547500000000191e+00
6.045879999999999477e+00
6.039173749999999785e+00
6.032458749999999981e+00
6.027288750000000306e+00
6.023836249999999559e+00
6.020411249999999548e+00
6.016987499999999933e+00
6.014558749999999954e+00
6.013122499999999704e+00
6.011712499999999793e+00
6.010284999999998767e+00
6.008855000000000501e+00
6.007437500000000874e+00
6.006010000000000737e+00
6.004581249999999315e+00
6.003166250000000481e+00
6.001738750000000344e+00
6.000323750000000622e+00
5.998897499999999994e+00
5.997473749999999271e+00
5.996047499999999530e+00
5.994626249999999601e+00
5.992127500000000495e+00
5.988577499999999887e+00
5.985021249999999959e+00
5.981456249999999031e+00
5.975913750000000135e+00
5.968474999999999753e+00
5.960984999999999978e+00
5.953412500000000662e+00
5.945907500000000567e+00
5.935106250000000472e+00
5.920799999999998953e+00
5.906360000000001165e+00
5.891414999999999402e+00
5.877007500000000384e+00
5.865017500000000439e+00
5.849182500000000395e+00
5.829831249999999798e+00
5.813091249999999377e+00
5.797517499999999657e+00
5.780617499999999964e+00
5.761034999999999684e+00
5.740400000000000169e+00
5.720416250000000424e+00
5.697812499999999503e+00
5.674448750000000707e+00
5.659457500000000252e+00
5.650059999999999860e+00
5.632649999999999935e+00
5.574522499999999603e+00
5.491184999999999761e+00
5.411861249999999401e+00
5.210037500000000321e+00
4.954625000000000057e+00
4.725706249999999997e+00
4.198602499999999793e+00
3.475043750000000209e+00
2.742578749999999843e+00
1.668630000000000058e+00
1.607021250000000290e-01
2.619917500000000032e+01
7.339350000000000307e+01
8.686348749999998731e+00
7.372451249999999234e+00
6.724967499999999987e+00
6.383273750000000746e+00
6.194390000000000285e+00
5.963288749999999361e+00
5.785954999999999515e+00
5.631647499999999695e+00
5.437867499999999410e+00
5.199720000000000120e+00
4.842786249999999626e+00
4.514891249999999800e+00
4.236425000000000551e+00
3.817002500000000076e+00
2.986463749999999528e+00
1.009158125000000128e+00
4.227842499999999859e+02
2.427430000000000021e+01
1.063276249999999834e+01
8.774592499999998907e+00
6.787628750000000544e+00
4.125110000000000277e+00
2.802433750000000057e+00
4.130890000000000555e+02
2.361151250000000346e+01
1.307032500000000041e+01
1.135841250000000002e+01
1.052077499999999866e+01
9.881632500000000263e+00
9.167873750000000044e+00
8.627681250000000190e+00
8.212295000000001011e+00
7.843872499999999803e+00
7.493447499999999373e+00
7.270158750000001113e+00
7.034695000000000142e+00
6.759376249999998976e+00
6.490512500000000351e+00
5.761821250000000560e+00
4.855128750000000437e+00
3.910905000000000076e+00
2.521935000000000038e+00
5.239063750000000352e-01
2.972311250000000200e+02
7.021251249999999118e+02
2.142868750000000233e+01
1.149972500000000153e+01
4.813671249999999304e+02
4.996032500000000454e+01
1.842581249999999926e+01
1.544430000000000014e+01
1.442481249999999982e+01
1.150448749999999798e+01
1.271358749999999915e+01
9.882503749999999698e+00
9.573758750000001427e+00
1.204483749999999986e+01
2.520247499999999974e+01
9.550199999999998468e+00
2.461359999999999815e+01
1.991637500000000216e+01
7.662905000000000300e+00
2.718158749999999912e+01
2.115764999999999674e+01
2.090176250000000024e+01
4.872177499999999384e+01
1.183639999999999759e+01
2.136567499999999953e+01
2.704051249999999840e+01
2.335586250000000064e+01
1.921955000000000169e+01
1.863286250000000166e+01
1.815543749999999790e+01
1.718653750000000002e+01
1.607823750000000018e+01
1.554082500000000167e+01
1.504667499999999869e+01
1.455276249999999827e+01
1.393143750000000125e+01
1.368003749999999918e+01
1.341341249999999974e+01
1.313017499999999771e+01
1.300876249999999956e+01
1.285983749999999937e+01
1.254968749999999922e+01
1.237516250000000184e+01
1.231292499999999990e+01
1.224333750000000087e+01
1.213235000000000063e+01
1.180678750000000221e+01
1.147873750000000115e+01
1.112713749999999990e+01
1.037448749999999897e+01
9.517803750000000562e+00
8.734441250000001489e+00
8.288188749999999771e+00
8.111596249999999841e+00
7.903803749999999795e+00
7.675169999999999604e+00
7.327023749999999502e+00
6.971631250000000612e+00
6.719467500000000371e+00
6.257672500000000859e+00
5.932952499999998963e+00
5.626723750000000024e+00
5.054234999999999367e+00
4.584466250000000187e+00
4.430112499999999898e+00
4.364523750000000035e+00
4.288786250000000244e+00
4.100832500000000103e+00
3.793288750000000320e+00
3.209032500000000176e+00
2.969082500000000291e+00
3.083401249999999649e+00
3.181370000000000253e+00
3.260702499999999837e+00
3.399338750000000076e+00
3.564571250000000191e+00
3.791378750000000242e+00
4.083294999999999675e+00
4.326102500000000184e+00
4.715952499999999326e+00
4.680883749999999566e+00
4.556122499999999853e+00
4.277084999999999582e+00
3.659347499999999975e+00
3.235545000000000115e+00
7.792187500000000711e-01
7.728012499999999951e-01
7.630349999999999078e-01
4.043362500000000082e-01
4.254100000000000104e-01
