1.912768750000000040e+01
2.277686250000000001e+01
1.556023749999999950e+01
1.310832500000000067e+01
1.170346250000000055e+01
1.052871249999999925e+01
9.279607500000000897e+00
8.201661250000000791e+00
7.358388749999999590e+00
6.579183750000000330e+00
5.777283749999999607e+00
4.873373750000000726e+00
4.145297499999999857e+00
2.903544999999999821e+00
2.342341250000000041e+00
2.084781249999999808e+00
1.840966249999999915e+00
1.668886249999999905e+00
1.536448749999999919e+00
1.432743749999999983e+00
1.348063750000000116e+00
1.278540000000000010e+00
1.179157500000000081e+00
1.069948750000000004e+00
9.879782499999999468e-01
9.242548750000000313e-01
8.710346250000000623e-01
8.275678749999999528e-01
7.911317500000000225e-01
7.587600000000001010e-01
7.303541250000000762e-01
7.057835000000000081e-01
6.837312500000001236e-01
6.638948749999999954e-01
6.390182500000000099e-01
6.101333749999999778e-01
5.858348749999999772e-01
5.653381250000000247e-01
5.498604999999999743e-01
5.411737500000000090e-01
5.304407500000000164e-01
5.161596250000000108e-01
5.035475000000000367e-01
4.928716249999999799e-01
4.825261249999999724e-01
4.760786249999999775e-01
4.720078749999999657e-01
4.679749999999999743e-01
4.639404999999999779e-01
4.613666249999999747e-01
4.602636249999999540e-01
4.591803749999999740e-01
4.580809999999999604e-01
4.569824999999999582e-01
4.558907500000000113e-01
4.547928749999999853e-01
4.536945000000000561e-01
4.526066249999999846e-01
4.515083750000000173e-01
4.504192500000000488e-01
4.493242499999999806e-01
4.482293750000000410e-01
4.471318750000000120e-01
4.460388749999999458e-01
4.441165000000000251e-01
4.413854999999999307e-01
4.386515000000000275e-01
4.359086249999999940e-01
4.329346249999999618e-01
4.297683750000000358e-01
4.265787500000000065e-01
4.233543750000000605e-01
4.201584999999999903e-01
4.170726250000000856e-01
4.140671249999999803e-01
4.110918750000000510e-01
4.095888749999999634e-01
4.087917499999999538e-01
4.081281250000000638e-01
4.087547499999999445e-01
4.103611250000000488e-01
4.117509999999999781e-01
4.130483750000000231e-01
4.157549999999999857e-01
4.198437499999999600e-01
4.241518750000000115e-01
4.283693749999999412e-01
4.347361250000000288e-01
4.420613749999999786e-01
4.467622499999999719e-01
4.497086250000000285e-01
4.552456249999999871e-01
4.784481250000000019e-01
5.161235000000000683e-01
5.575731250000000028e-01
6.905667499999998959e-01
8.967377500000000001e-01
1.133533750000000007e+00
1.866777499999999979e+00
3.257851250000000309e+00
5.282798750000000432e+00
9.703063749999998322e+00
3.738901249999999976e+01
5.596192499999999654e+02
8.285511249999999563e+02
2.261041249999999891e+00
7.495365000000000499e-01
3.929342500000000404e-01
2.875093750000000115e-01
2.579646250000000030e-01
2.369636250000000111e-01
2.330357499999999860e-01
2.346332500000000154e-01
2.435457499999999775e-01
2.617793749999999808e-01
3.029262500000000080e-01
3.521622500000000100e-01
4.044121250000000112e-01
4.974609999999999310e-01
7.462141250000000614e-01
2.025767500000000165e+00
6.974756250000000364e+02
9.129081249999998704e+00
1.478456249999999805e+00
1.280810000000000004e+00
1.702142500000000114e+00
3.486931250000000482e+00
2.089942500000000081e+01
1.029034000000000106e+03
9.798598750000001800e+00
1.244181250000000016e+00
6.623514999999999819e-01
4.558137500000000175e-01
3.365140000000000353e-01
2.339644999999999919e-01
1.785156250000000111e-01
1.466202500000000075e-01
1.266800000000000148e-01
1.134267500000000206e-01
1.079618749999999988e-01
1.030398749999999891e-01
1.002834999999999976e-01
1.001566249999999991e-01
1.102920000000000011e-01
1.360308749999999955e-01
1.834284999999999943e-01
2.876457500000000334e-01
6.946646250000000355e-01
8.999531249999999716e+01
1.748933749999999918e+02
1.037530000000000063e+00
4.423338750000000430e-01
8.478468749999998977e+01
2.950457500000000177e+00
1.889151250000000171e-01
8.760997500000000660e-02
6.254711250000000167e-02
9.005452499999999638e-01
1.169387625000000064e+01
9.309736249999998881e-03
7.583750000000000213e-03
5.114200000000000301e+00
6.348044999999999938e+00
8.300262500000000696e-03
3.936486250000000187e+00
2.231983749999999933e+00
3.542673749999999955e-02
2.642306249999999856e+00
1.776693750000000183e+00
1.224272500000000097e+00
1.292756250000000273e+00
2.308945000000000303e-01
7.164742499999999792e-01
1.008413500000000074e+00
1.126732499999999915e+00
1.098138750000000163e+00
1.024106249999999996e+00
9.638691250000002153e-01
8.415930000000000355e-01
7.005482499999999835e-01
6.260551250000000456e-01
5.591812500000000741e-01
5.000947500000000323e-01
4.214171249999999480e-01
3.741079999999999961e-01
3.195436250000000533e-01
2.535301249999999951e-01
2.259862499999999996e-01
2.025321250000000073e-01
1.652368750000000053e-01
1.479993749999999886e-01
1.415018749999999992e-01
1.362451249999999947e-01
1.298813749999999934e-01
1.112848750000000053e-01
9.394947500000000451e-02
8.536412499999999903e-02
7.821131250000000479e-02
7.459183750000000779e-02
7.523048749999999840e-02
7.615753749999998323e-02
7.657039999999999680e-02
7.707317499999999377e-02
7.768057500000000171e-02
7.909315000000000095e-02
8.070277500000000437e-02
8.178756249999999395e-02
8.396966249999998633e-02
8.567936250000000864e-02
8.740858749999999566e-02
9.172447499999999976e-02
9.618903750000000474e-02
9.845086249999998596e-02
1.000035875000000185e-01
1.017965000000000120e-01
1.061518749999999928e-01
1.032575000000000159e-01
8.372478750000000858e-02
7.211439999999999517e-02
6.513783750000000372e-02
5.915869999999999462e-02
5.431711250000000046e-02
4.585636249999999747e-02
3.297596249999999729e-02
1.813269999999999813e-02
1.283356249999999948e-02
1.051217500000000034e-02
7.208588749999999754e-03
5.731036249999999117e-03
5.308234999999999690e-03
5.544203749999999757e-03
6.916267499999999985e-03
8.408102500000000368e-03
2.348331250000000245e-03
2.401602499999999814e-03
2.482690000000000070e-03
1.455137499999999964e-03
1.636300000000000037e-03
