2.625933750000000089e+01
3.291656249999999773e+01
2.380232499999999973e+01
2.082144999999999868e+01
1.914377500000000154e+01
1.775944999999999752e+01
1.630672500000000014e+01
1.506807499999999855e+01
1.410988749999999925e+01
1.323291249999999941e+01
1.233802500000000002e+01
1.133980000000000032e+01
1.054275000000000162e+01
9.199652500000000899e+00
8.597541250000000801e+00
8.322589999999999932e+00
8.062697500000000517e+00
7.879409999999999137e+00
7.738337500000000979e+00
7.627787500000000165e+00
7.537391249999999765e+00
7.463043749999999754e+00
7.356499999999999595e+00
7.238877500000000076e+00
7.149957499999999300e+00
7.080218749999999339e+00
7.021519999999999762e+00
6.973041250000000524e+00
6.931936250000000577e+00
6.895077499999999304e+00
6.862361250000001078e+00
6.833658749999999671e+00
6.807583750000000933e+00
6.783803750000000576e+00
6.753293750000000095e+00
6.716925000000000701e+00
6.685304999999999609e+00
6.657560000000000144e+00
6.636606250000000706e+00
6.624352500000000532e+00
6.608316249999999670e+00
6.586980000000000501e+00
6.567239999999999966e+00
6.549466250000000045e+00
6.532028749999999384e+00
6.520178750000000356e+00
6.512503749999999592e+00
6.504901249999999635e+00
6.497295000000000265e+00
6.492193750000000207e+00
6.489618749999999991e+00
6.487085000000000434e+00
6.484517499999999934e+00
6.481948750000000814e+00
6.479397500000000143e+00
6.476831250000000928e+00
6.474262500000000031e+00
6.471719999999999473e+00
6.469153750000000258e+00
6.466608750000000683e+00
6.464048749999999899e+00
6.461489999999999512e+00
6.458923750000000297e+00
6.456368749999999324e+00
6.451876249999999757e+00
6.445493749999999800e+00
6.439101250000000221e+00
6.432690000000000019e+00
6.424063749999999295e+00
6.413340000000000707e+00
6.402537499999999326e+00
6.391618750000000126e+00
6.380794999999999106e+00
6.366789999999999949e+00
6.349357499999999987e+00
6.331820000000000448e+00
6.315310000000000201e+00
6.300060000000000215e+00
6.287369999999999237e+00
6.272171249999999532e+00
6.254465000000000607e+00
6.239151249999999926e+00
6.224899999999999878e+00
6.210793750000000557e+00
6.195428750000000484e+00
6.179236250000000652e+00
6.163601249999999254e+00
6.147569999999999979e+00
6.131773749999999801e+00
6.121634999999999494e+00
6.115278749999999874e+00
6.103589999999999627e+00
6.069436250000000754e+00
6.025032500000000013e+00
5.988556250000000247e+00
5.924242500000000078e+00
5.882026250000000012e+00
5.897998750000000179e+00
6.129260000000000375e+00
6.844496249999999726e+00
8.206477500000000092e+00
1.170453749999999893e+01
3.883310000000000173e+01
6.050326249999999391e+02
9.303922500000001037e+02
1.102444999999999986e+01
8.147003749999999656e+00
7.130449999999999733e+00
6.679486250000000069e+00
6.459851249999999823e+00
6.206723750000000095e+00
6.025018750000000090e+00
5.872055000000000469e+00
5.687018750000000011e+00
5.467045000000000599e+00
5.151378749999999229e+00
4.872951249999999845e+00
4.647010000000000751e+00
4.321107500000000101e+00
3.740457500000000213e+00
3.047103750000000222e+00
1.122012499999999818e+03
3.344328749999999673e+01
1.214647499999999880e+01
1.010548749999999885e+01
8.590038750000001500e+00
7.864900000000000446e+00
2.534311250000000015e+01
1.523883749999999964e+03
3.417688749999999942e+01
1.440469999999999828e+01
1.206631249999999866e+01
1.100673750000000162e+01
1.023976249999999943e+01
9.416432499999999095e+00
8.817254999999999399e+00
8.368100000000000094e+00
7.978708750000000016e+00
7.614477500000000454e+00
7.385588750000000147e+00
7.145127499999999188e+00
6.867187499999998224e+00
6.598528749999999832e+00
5.881782499999999914e+00
5.004347500000000615e+00
4.113487499999999741e+00
2.841723749999999882e+00
1.301840000000000108e+00
3.986430000000000291e+02
8.992091249999999718e+02
2.258771250000000208e+01
1.197806250000000006e+01
5.676910000000000309e+02
5.296681249999999608e+01
1.861976250000000022e+01
1.553468749999999865e+01
1.448950000000000138e+01
1.243360000000000021e+01
2.477633750000000390e+01
9.892166250000000716e+00
9.581632499999999553e+00
1.732040000000000290e+01
3.175077500000000441e+01
9.558778749999998325e+00
2.867426250000000110e+01
2.221875000000000000e+01
7.699449999999999683e+00
2.990723750000000081e+01
2.299033750000000254e+01
2.216467499999999902e+01
5.005527500000000174e+01
1.207457499999999939e+01
2.210476249999999965e+01
2.808072500000000105e+01
2.450502500000000339e+01
2.033265000000000100e+01
1.967316250000000366e+01
1.913654999999999973e+01
1.804820000000000135e+01
1.680847500000000139e+01
1.620955000000000013e+01
1.565756249999999916e+01
1.510388750000000258e+01
1.439721249999999841e+01
1.408732499999999987e+01
1.376723749999999846e+01
1.348115000000000130e+01
1.340276250000000147e+01
1.331693750000000165e+01
1.312812499999999893e+01
1.303606249999999989e+01
1.301963749999999820e+01
1.299755000000000038e+01
1.296351250000000022e+01
1.282731249999999967e+01
1.269074999999999953e+01
1.250596249999999898e+01
1.196381249999999952e+01
1.118827500000000086e+01
1.045176250000000095e+01
1.003797499999999943e+01
9.879607500000000542e+00
9.696120000000000516e+00
9.503306250000001398e+00
9.195553749999998416e+00
8.894584999999999297e+00
8.726656249999999559e+00
8.431226249999998146e+00
8.229478750000000176e+00
8.041478750000001341e+00
7.772097500000000991e+00
7.617638750000000236e+00
7.583512500000000323e+00
7.581388749999999455e+00
7.578933750000000025e+00
7.571561249999998466e+00
7.421576249999999320e+00
6.900308749999999769e+00
6.640792499999999876e+00
6.737980000000000302e+00
6.821270000000001055e+00
6.888713749999999081e+00
7.006572500000000758e+00
7.133496249999999428e+00
7.240797500000000220e+00
7.345628749999999485e+00
7.443250000000000810e+00
7.503657499999999203e+00
7.273203749999999523e+00
7.079585000000000683e+00
6.946641250000000767e+00
6.856984999999999886e+00
6.662501250000000930e+00
1.648647500000000043e+00
1.644975000000000076e+00
1.639385000000000092e+00
8.432049999999999823e-01
8.644825000000000426e-01
