9.999999999999999395e-12 1.000000000000000036e-10 5.499999999999999748e-11
1.000000000000000036e-10 5.000000000000000311e-10 2.999999999999999980e-10
5.000000000000000311e-10 7.499999999999999950e-10 6.250000000000000131e-10
7.499999999999999950e-10 1.000000000000000062e-09 8.749999999999999769e-10
1.000000000000000062e-09 1.199999999999999992e-09 1.099999999999999924e-09
1.199999999999999992e-09 1.499999999999999990e-09 1.350000000000000094e-09
1.499999999999999990e-09 2.000000000000000125e-09 1.749999999999999954e-09
2.000000000000000125e-09 2.500000000000000052e-09 2.249999999999999882e-09
2.500000000000000052e-09 2.999999999999999980e-09 2.749999999999999809e-09
2.999999999999999980e-09 4.000000000000000249e-09 3.499999999999999908e-09
4.000000000000000249e-09 5.000000000000000105e-09 4.499999999999999763e-09
5.000000000000000105e-09 7.499999999999999330e-09 6.249999999999999717e-09
7.499999999999999330e-09 1.000000000000000021e-08 8.750000000000000597e-09
1.000000000000000021e-08 2.530000000000000156e-08 1.764999999999999923e-08
2.530000000000000156e-08 2.999999999999999732e-08 2.764999999999999944e-08
2.999999999999999732e-08 4.000000000000000084e-08 3.500000000000000239e-08
4.000000000000000084e-08 4.999999999999999774e-08 4.499999999999999929e-08
4.999999999999999774e-08 5.999999999999999464e-08 5.500000000000000281e-08
5.999999999999999464e-08 7.000000000000000477e-08 6.499999999999999971e-08
7.000000000000000477e-08 8.000000000000000167e-08 7.499999999999999661e-08
8.000000000000000167e-08 8.999999999999999857e-08 8.499999999999999351e-08
8.999999999999999857e-08 9.999999999999999547e-08 9.500000000000000364e-08
9.999999999999999547e-08 1.249999999999999943e-07 1.124999999999999949e-07
1.249999999999999943e-07 1.499999999999999932e-07 1.375000000000000070e-07
1.499999999999999932e-07 1.749999999999999921e-07 1.625000000000000059e-07
1.749999999999999921e-07 1.999999999999999909e-07 1.875000000000000048e-07
1.999999999999999909e-07 2.249999999999999898e-07 2.125000000000000036e-07
2.249999999999999898e-07 2.499999999999999887e-07 2.375000000000000025e-07
2.499999999999999887e-07 2.750000000000000140e-07 2.624999999999999749e-07
2.750000000000000140e-07 2.999999999999999864e-07 2.875000000000000002e-07
2.999999999999999864e-07 3.250000000000000118e-07 3.125000000000000256e-07
3.250000000000000118e-07 3.499999999999999842e-07 3.374999999999999980e-07
3.499999999999999842e-07 3.750000000000000095e-07 3.625000000000000233e-07
3.750000000000000095e-07 3.999999999999999819e-07 3.874999999999999957e-07
3.999999999999999819e-07 4.499999999999999796e-07 4.250000000000000072e-07
4.499999999999999796e-07 4.999999999999999774e-07 4.750000000000000050e-07
4.999999999999999774e-07 5.500000000000000281e-07 5.249999999999999498e-07
5.500000000000000281e-07 5.999999999999999728e-07 5.750000000000000004e-07
5.999999999999999728e-07 6.250000000000000511e-07 6.124999999999999590e-07
6.250000000000000511e-07 6.500000000000000235e-07 6.375000000000000373e-07
6.500000000000000235e-07 6.999999999999999683e-07 6.749999999999999959e-07
6.999999999999999683e-07 7.500000000000000190e-07 7.250000000000000466e-07
7.500000000000000190e-07 7.999999999999999638e-07 7.749999999999999914e-07
7.999999999999999638e-07 8.500000000000000145e-07 8.250000000000000421e-07
8.500000000000000145e-07 8.999999999999999593e-07 8.749999999999999869e-07
8.999999999999999593e-07 9.250000000000000376e-07 9.125000000000000514e-07
9.250000000000000376e-07 9.500000000000000100e-07 9.375000000000000238e-07
9.500000000000000100e-07 9.749999999999999823e-07 9.625000000000001020e-07
9.749999999999999823e-07 9.999999999999999547e-07 9.875000000000000744e-07
9.999999999999999547e-07 1.010000000000000071e-06 1.004999999999999907e-06
1.010000000000000071e-06 1.019999999999999975e-06 1.015000000000000023e-06
1.019999999999999975e-06 1.030000000000000091e-06 1.024999999999999927e-06
1.030000000000000091e-06 1.039999999999999995e-06 1.035000000000000043e-06
1.039999999999999995e-06 1.049999999999999900e-06 1.044999999999999947e-06
1.049999999999999900e-06 1.060000000000000016e-06 1.055000000000000063e-06
1.060000000000000016e-06 1.069999999999999920e-06 1.064999999999999968e-06
1.069999999999999920e-06 1.080000000000000036e-06 1.075000000000000084e-06
1.080000000000000036e-06 1.089999999999999940e-06 1.084999999999999988e-06
1.089999999999999940e-06 1.100000000000000056e-06 1.095000000000000104e-06
1.100000000000000056e-06 1.109999999999999960e-06 1.105000000000000008e-06
1.109999999999999960e-06 1.120000000000000076e-06 1.114999999999999912e-06
1.120000000000000076e-06 1.129999999999999981e-06 1.125000000000000029e-06
1.129999999999999981e-06 1.140000000000000097e-06 1.134999999999999933e-06
1.140000000000000097e-06 1.150000000000000001e-06 1.145000000000000049e-06
1.150000000000000001e-06 1.174999999999999973e-06 1.162500000000000093e-06
1.174999999999999973e-06 1.199999999999999946e-06 1.187500000000000065e-06
1.199999999999999946e-06 1.224999999999999918e-06 1.212500000000000038e-06
1.224999999999999918e-06 1.250000000000000102e-06 1.237500000000000010e-06
1.250000000000000102e-06 1.300000000000000047e-06 1.275000000000000075e-06
1.300000000000000047e-06 1.349999999999999992e-06 1.325000000000000019e-06
1.349999999999999992e-06 1.399999999999999937e-06 1.374999999999999964e-06
1.399999999999999937e-06 1.450000000000000093e-06 1.424999999999999909e-06
1.450000000000000093e-06 1.500000000000000038e-06 1.475000000000000066e-06
1.500000000000000038e-06 1.590000000000000023e-06 1.545000000000000031e-06
1.590000000000000023e-06 1.680000000000000009e-06 1.635000000000000016e-06
1.680000000000000009e-06 1.769999999999999994e-06 1.725000000000000001e-06
1.769999999999999994e-06 1.859999999999999979e-06 1.814999999999999987e-06
1.859999999999999979e-06 1.940000000000000060e-06 1.900000000000000020e-06
1.940000000000000060e-06 1.999999999999999909e-06 1.970000000000000197e-06
1.999999999999999909e-06 2.120000000000000031e-06 2.060000000000000182e-06
2.120000000000000031e-06 2.210000000000000016e-06 2.165000000000000024e-06
2.210000000000000016e-06 2.300000000000000002e-06 2.255000000000000009e-06
2.300000000000000002e-06 2.380000000000000083e-06 2.340000000000000042e-06
2.380000000000000083e-06 2.470000000000000068e-06 2.425000000000000076e-06
2.470000000000000068e-06 2.569999999999999958e-06 2.520000000000000013e-06
2.569999999999999958e-06 2.669999999999999847e-06 2.619999999999999903e-06
2.669999999999999847e-06 2.770000000000000161e-06 2.719999999999999792e-06
2.770000000000000161e-06 2.870000000000000050e-06 2.820000000000000105e-06
2.870000000000000050e-06 2.969999999999999940e-06 2.919999999999999995e-06
2.969999999999999940e-06 3.000000000000000076e-06 2.984999999999999796e-06
3.000000000000000076e-06 3.050000000000000021e-06 3.024999999999999837e-06
3.050000000000000021e-06 3.149999999999999910e-06 3.099999999999999966e-06
3.149999999999999910e-06 3.499999999999999947e-06 3.324999999999999929e-06
3.499999999999999947e-06 3.729999999999999863e-06 3.615000000000000117e-06
3.729999999999999863e-06 3.999999999999999819e-06 3.865000000000000264e-06
3.999999999999999819e-06 4.750000000000000262e-06 4.374999999999999617e-06
4.750000000000000262e-06 5.000000000000000409e-06 4.874999999999999912e-06
5.000000000000000409e-06 5.399999999999999967e-06 5.200000000000000188e-06
5.399999999999999967e-06 6.000000000000000152e-06 5.699999999999999636e-06
6.000000000000000152e-06 6.250000000000000300e-06 6.124999999999999802e-06
6.250000000000000300e-06 6.499999999999999600e-06 6.374999999999999950e-06
6.499999999999999600e-06 6.749999999999999747e-06 6.625000000000000097e-06
6.749999999999999747e-06 6.999999999999999895e-06 6.875000000000000245e-06
6.999999999999999895e-06 7.150000000000000153e-06 7.075000000000000024e-06
7.150000000000000153e-06 8.100000000000000375e-06 7.624999999999999840e-06
8.100000000000000375e-06 9.099999999999999271e-06 8.600000000000000670e-06
9.099999999999999271e-06 1.000000000000000082e-05 9.550000000000000044e-06
1.000000000000000082e-05 1.150000000000000001e-05 1.075000000000000041e-05
1.150000000000000001e-05 1.189999999999999957e-05 1.169999999999999979e-05
1.189999999999999957e-05 1.290000000000000016e-05 1.239999999999999986e-05
1.290000000000000016e-05 1.375000000000000049e-05 1.332500000000000032e-05
1.375000000000000049e-05 1.439999999999999935e-05 1.407499999999999992e-05
1.439999999999999935e-05 1.509999999999999942e-05 1.474999999999999939e-05
1.509999999999999942e-05 1.599999999999999928e-05 1.554999999999999850e-05
1.599999999999999928e-05 1.699999999999999987e-05 1.650000000000000127e-05
1.699999999999999987e-05 1.849999999999999906e-05 1.775000000000000116e-05
1.849999999999999906e-05 1.900000000000000105e-05 1.874999999999999836e-05
1.900000000000000105e-05 2.000000000000000164e-05 1.949999999999999965e-05
2.000000000000000164e-05 2.099999999999999884e-05 2.050000000000000024e-05
2.099999999999999884e-05 2.250000000000000142e-05 2.175000000000000013e-05
2.250000000000000142e-05 2.500000000000000120e-05 2.375000000000000131e-05
2.500000000000000120e-05 2.750000000000000098e-05 2.625000000000000109e-05
2.750000000000000098e-05 3.000000000000000076e-05 2.875000000000000087e-05
3.000000000000000076e-05 3.125000000000000065e-05 3.062499999999999901e-05
3.125000000000000065e-05 3.174999999999999925e-05 3.149999999999999995e-05
3.174999999999999925e-05 3.325000000000000183e-05 3.249999999999999715e-05
3.325000000000000183e-05 3.375000000000000043e-05 3.350000000000000113e-05
3.375000000000000043e-05 3.460000000000000076e-05 3.417499999999999721e-05
3.460000000000000076e-05 3.550000000000000231e-05 3.504999999999999815e-05
3.550000000000000231e-05 3.699999999999999811e-05 3.625000000000000021e-05
3.699999999999999811e-05 3.800000000000000209e-05 3.749999999999999671e-05
3.800000000000000209e-05 3.910000000000000172e-05 3.855000000000000191e-05
3.910000000000000172e-05 3.960000000000000033e-05 3.935000000000000103e-05
3.960000000000000033e-05 4.100000000000000047e-05 4.029999999999999701e-05
4.100000000000000047e-05 4.240000000000000062e-05 4.169999999999999716e-05
4.240000000000000062e-05 4.399999999999999886e-05 4.319999999999999974e-05
4.399999999999999886e-05 4.520000000000000092e-05 4.459999999999999989e-05
4.520000000000000092e-05 4.699999999999999724e-05 4.610000000000000247e-05
4.699999999999999724e-05 4.830000000000000173e-05 4.764999999999999948e-05
4.830000000000000173e-05 4.920000000000000328e-05 4.874999999999999912e-05
4.920000000000000328e-05 5.059999999999999665e-05 4.989999999999999997e-05
5.059999999999999665e-05 5.199999999999999680e-05 5.130000000000000011e-05
5.199999999999999680e-05 5.339999999999999695e-05 5.270000000000000026e-05
5.339999999999999695e-05 5.899999999999999754e-05 5.619999999999999725e-05
5.899999999999999754e-05 6.099999999999999872e-05 6.000000000000000152e-05
6.099999999999999872e-05 6.499999999999999431e-05 6.299999999999999990e-05
6.499999999999999431e-05 6.750000000000000086e-05 6.624999999999999758e-05
6.750000000000000086e-05 7.200000000000000182e-05 6.975000000000000134e-05
7.200000000000000182e-05 7.600000000000000418e-05 7.399999999999999623e-05
7.600000000000000418e-05 8.000000000000000654e-05 7.799999999999999859e-05
8.000000000000000654e-05 8.200000000000000095e-05 8.100000000000000375e-05
8.200000000000000095e-05 9.000000000000000567e-05 8.600000000000000331e-05
9.000000000000000567e-05 1.000000000000000048e-04 9.500000000000000523e-05
1.000000000000000048e-04 1.079999999999999960e-04 1.039999999999999936e-04
1.079999999999999960e-04 1.150000000000000035e-04 1.114999999999999997e-04
1.150000000000000035e-04 1.190000000000000058e-04 1.169999999999999979e-04
1.190000000000000058e-04 1.219999999999999974e-04 1.205000000000000016e-04
1.219999999999999974e-04 1.859999999999999945e-04 1.540000000000000028e-04
1.859999999999999945e-04 1.924999999999999899e-04 1.892499999999999922e-04
1.924999999999999899e-04 2.075000000000000022e-04 2.000000000000000096e-04
2.075000000000000022e-04 2.100000000000000087e-04 2.087500000000000054e-04
2.100000000000000087e-04 2.400000000000000061e-04 2.249999999999999938e-04
2.400000000000000061e-04 2.849999999999999886e-04 2.624999999999999838e-04
2.849999999999999886e-04 3.049999999999999868e-04 2.950000000000000148e-04
3.049999999999999868e-04 5.500000000000000331e-04 4.274999999999999829e-04
5.500000000000000331e-04 6.700000000000000226e-04 6.099999999999999737e-04
6.700000000000000226e-04 6.830000000000000134e-04 6.765000000000000180e-04
6.830000000000000134e-04 9.499999999999999981e-04 8.164999999999999515e-04
9.499999999999999981e-04 1.149999999999999981e-03 1.049999999999999935e-03
1.149999999999999981e-03 1.500000000000000031e-03 1.325000000000000006e-03
1.500000000000000031e-03 1.549999999999999946e-03 1.525000000000000097e-03
1.549999999999999946e-03 1.799999999999999951e-03 1.675000000000000057e-03
1.799999999999999951e-03 2.200000000000000133e-03 2.000000000000000042e-03
2.200000000000000133e-03 2.289999999999999935e-03 2.245000000000000034e-03
2.289999999999999935e-03 2.579999999999999828e-03 2.435000000000000098e-03
2.579999999999999828e-03 3.000000000000000062e-03 2.789999999999999945e-03
3.000000000000000062e-03 3.739999999999999835e-03 3.370000000000000166e-03
3.739999999999999835e-03 3.899999999999999821e-03 3.820000000000000045e-03
3.899999999999999821e-03 6.000000000000000125e-03 4.950000000000000407e-03
6.000000000000000125e-03 8.030000000000000679e-03 7.015000000000000402e-03
8.030000000000000679e-03 9.499999999999999764e-03 8.765000000000000221e-03
9.499999999999999764e-03 1.299999999999999940e-02 1.124999999999999958e-02
1.299999999999999940e-02 1.700000000000000122e-02 1.499999999999999944e-02
1.700000000000000122e-02 2.500000000000000139e-02 2.100000000000000130e-02
2.500000000000000139e-02 2.999999999999999889e-02 2.750000000000000014e-02
2.999999999999999889e-02 4.499999999999999833e-02 3.749999999999999861e-02
4.499999999999999833e-02 5.000000000000000278e-02 4.750000000000000056e-02
5.000000000000000278e-02 5.199999999999999761e-02 5.099999999999999672e-02
5.199999999999999761e-02 5.999999999999999778e-02 5.600000000000000117e-02
5.999999999999999778e-02 7.299999999999999545e-02 6.650000000000000355e-02
7.299999999999999545e-02 7.499999999999999722e-02 7.399999999999999634e-02
7.499999999999999722e-02 8.200000000000000344e-02 7.850000000000000033e-02
8.200000000000000344e-02 8.500000000000000611e-02 8.350000000000000477e-02
8.500000000000000611e-02 1.000000000000000056e-01 9.249999999999999889e-02
1.000000000000000056e-01 1.282999999999999974e-01 1.141500000000000015e-01
1.282999999999999974e-01 1.499999999999999944e-01 1.391499999999999959e-01
1.499999999999999944e-01 2.000000000000000111e-01 1.749999999999999889e-01
2.000000000000000111e-01 2.700000000000000178e-01 2.349999999999999867e-01
2.700000000000000178e-01 3.300000000000000155e-01 2.999999999999999889e-01
3.300000000000000155e-01 4.000000000000000222e-01 3.649999999999999911e-01
4.000000000000000222e-01 4.199999999999999845e-01 4.099999999999999756e-01
4.199999999999999845e-01 4.400000000000000022e-01 4.299999999999999933e-01
4.400000000000000022e-01 4.699999999999999734e-01 4.550000000000000155e-01
4.699999999999999734e-01 4.995200000000000196e-01 4.847600000000000242e-01
4.995200000000000196e-01 5.500000000000000444e-01 5.247600000000000042e-01
5.500000000000000444e-01 5.729999999999999538e-01 5.614999999999999991e-01
5.729999999999999538e-01 5.999999999999999778e-01 5.865000000000000213e-01
5.999999999999999778e-01 6.700000000000000400e-01 6.350000000000000089e-01
6.700000000000000400e-01 6.790000000000000480e-01 6.744999999999999885e-01
6.790000000000000480e-01 7.500000000000000000e-01 7.145000000000000240e-01
7.500000000000000000e-01 8.199999999999999512e-01 7.850000000000000311e-01
8.199999999999999512e-01 8.610999999999999766e-01 8.405500000000000194e-01
8.610999999999999766e-01 8.750000000000000000e-01 8.680499999999999883e-01
8.750000000000000000e-01 9.000000000000000222e-01 8.874999999999999556e-01
9.000000000000000222e-01 9.200000000000000400e-01 9.100000000000000311e-01
9.200000000000000400e-01 1.010000000000000009e+00 9.649999999999999689e-01
1.010000000000000009e+00 1.100000000000000089e+00 1.054999999999999938e+00
1.100000000000000089e+00 1.199999999999999956e+00 1.149999999999999911e+00
1.199999999999999956e+00 1.250000000000000000e+00 1.225000000000000089e+00
1.250000000000000000e+00 1.316999999999999948e+00 1.283500000000000085e+00
1.316999999999999948e+00 1.356000000000000094e+00 1.336500000000000021e+00
1.356000000000000094e+00 1.399999999999999911e+00 1.377999999999999892e+00
1.399999999999999911e+00 1.500000000000000000e+00 1.449999999999999956e+00
1.500000000000000000e+00 1.850000000000000089e+00 1.675000000000000044e+00
1.850000000000000089e+00 2.354000000000000092e+00 2.101999999999999869e+00
2.354000000000000092e+00 2.479000000000000092e+00 2.416500000000000092e+00
2.479000000000000092e+00 3.000000000000000000e+00 2.739500000000000046e+00
3.000000000000000000e+00 4.304000000000000270e+00 3.652000000000000135e+00
4.304000000000000270e+00 4.799999999999999822e+00 4.551999999999999602e+00
4.799999999999999822e+00 6.434000000000000163e+00 5.616999999999999993e+00
6.434000000000000163e+00 8.187300000000000466e+00 7.310649999999999871e+00
8.187300000000000466e+00 1.000000000000000000e+01 9.093650000000000233e+00
1.000000000000000000e+01 1.283999999999999986e+01 1.141999999999999993e+01
1.283999999999999986e+01 1.383999999999999986e+01 1.333999999999999986e+01
1.383999999999999986e+01 1.455000000000000071e+01 1.419500000000000028e+01
1.455000000000000071e+01 1.568299999999999983e+01 1.511650000000000027e+01
1.568299999999999983e+01 1.733299999999999841e+01 1.650799999999999912e+01
1.733299999999999841e+01 2.000000000000000000e+01 1.866649999999999920e+01
