1.003317499999999995e+01
1.291366249999999916e+01
9.644578749999999090e+00
8.638207500000000039e+00
8.096142500000000908e+00
7.667421250000000299e+00
7.240557499999999536e+00
6.897523749999998621e+00
6.649243750000000119e+00
6.436590000000000700e+00
6.233584999999999710e+00
6.027218749999999403e+00
5.876157499999999700e+00
5.654738749999999037e+00
5.566207499999999975e+00
5.529331250000000253e+00
5.495922500000000710e+00
5.473327499999999901e+00
5.456497500000001111e+00
5.443639999999999368e+00
5.433317499999999356e+00
5.424981249999999200e+00
5.413294999999999746e+00
5.400705000000000311e+00
5.391416249999999799e+00
5.384271250000000286e+00
5.378362499999999713e+00
5.373512500000000358e+00
5.369421249999999368e+00
5.365975000000000605e+00
5.362872499999999931e+00
5.360174999999999912e+00
5.357744999999999536e+00
5.355554999999999843e+00
5.352784999999999904e+00
5.349535000000000373e+00
5.346766249999999943e+00
5.344388750000000243e+00
5.342592500000000300e+00
5.341563749999999722e+00
5.340253749999999577e+00
5.338508749999999914e+00
5.336928750000000221e+00
5.335539999999999949e+00
5.334181250000001207e+00
5.333288749999999467e+00
5.332718750000000618e+00
5.332152500000000295e+00
5.331583750000000066e+00
5.331209999999999560e+00
5.331029999999999269e+00
5.330857500000000471e+00
5.330678750000000576e+00
5.330499999999999794e+00
5.330321250000000788e+00
5.330140000000000100e+00
5.329963750000000111e+00
5.329788749999999631e+00
5.329609999999999737e+00
5.329430000000001222e+00
5.329253750000000345e+00
5.329076249999999959e+00
5.328899999999999970e+00
5.328719999999999679e+00
5.328407499999999963e+00
5.327964999999999840e+00
5.327519999999999811e+00
5.327074999999999783e+00
5.326508750000000347e+00
5.325831250000000239e+00
5.325145000000000017e+00
5.324452500000000477e+00
5.323766249999999367e+00
5.322925000000000573e+00
5.321913750000000221e+00
5.320896249999999661e+00
5.319993750000000077e+00
5.319185000000000052e+00
5.318511250000000246e+00
5.317787499999999667e+00
5.317000000000000171e+00
5.316317500000000251e+00
5.315681250000000801e+00
5.315036250000000351e+00
5.314322500000001170e+00
5.313568749999999952e+00
5.312842499999999468e+00
5.312197499999999906e+00
5.311613750000000245e+00
5.311237499999999834e+00
5.311003750000000245e+00
5.310569999999999347e+00
5.309283749999999635e+00
5.307682500000000303e+00
5.306462499999999416e+00
5.304057500000000758e+00
5.301814999999999500e+00
5.300485000000000113e+00
5.298519999999999008e+00
5.296850000000000058e+00
5.295917499999999833e+00
5.295118750000000318e+00
5.294092499999999646e+00
5.293421249999999745e+00
5.291527500000000828e+00
5.288267500000000787e+00
5.285219999999999807e+00
5.281537499999998886e+00
5.278601250000000356e+00
5.276511250000000430e+00
5.273811250000000506e+00
5.271646249999998979e+00
5.269743749999999949e+00
5.267484999999998863e+00
5.264868749999999764e+00
5.261382499999999851e+00
5.258645000000000458e+00
5.256691249999999371e+00
5.254195000000000171e+00
5.250608750000000491e+00
5.245463749999999870e+00
5.239018749999999613e+00
5.232687499999999936e+00
5.227889999999999482e+00
5.225698750000000281e+00
5.223232499999999945e+00
5.220717500000000122e+00
5.218969999999999665e+00
5.216786250000000180e+00
5.214240000000000208e+00
5.210816250000000593e+00
5.208325000000000315e+00
5.206302499999999611e+00
5.204023750000000170e+00
5.200535000000000352e+00
5.196937499999999766e+00
5.193566250000000828e+00
5.189998749999999106e+00
5.186201249999998986e+00
5.183597500000000302e+00
5.180813749999999551e+00
5.177478750000000574e+00
5.174209999999999532e+00
5.165897499999999809e+00
5.156830000000000247e+00
5.149732500000000712e+00
5.142000000000001236e+00
5.133701249999999661e+00
5.123724999999999419e+00
5.114242499999999580e+00
5.107328749999998863e+00
5.096231249999999768e+00
6.514923749999999458e+00
5.056443749999999682e+00
5.031338749999999749e+00
5.015966249999999960e+00
5.006166249999999707e+00
4.909293749999999790e+00
4.773113750000000266e+00
4.722743750000000240e+00
4.678287499999999710e+00
4.581937500000000441e+00
4.253987499999999145e+00
3.747536250000000013e+00
4.020005000000001161e+01
5.890730000000000466e+00
5.743091249999999981e+00
5.712561250000000257e+00
7.859504999999999519e+00
7.199626249999999672e+00
5.280151250000000296e+00
8.903841249999999263e+00
1.120266249999999886e+01
5.426668750000000152e+00
8.243666250000000417e+00
6.356875000000000497e+00
1.097666249999999977e+01
5.223481249999999854e+00
9.952207500000000095e+00
9.420505000000000351e+00
6.796408750000000332e+00
8.262313749999998791e+00
9.429613749999997907e+00
1.022221249999999948e+01
8.846600000000000463e+00
8.045547499999999630e+00
8.179446249999999807e+00
8.229681250000000503e+00
8.280406250000000412e+00
8.387857500000000854e+00
8.467996249999998781e+00
8.509459999999998914e+00
8.505748750000000413e+00
8.449077500000001351e+00
8.403106250000000443e+00
8.432503749999998632e+00
8.462061249999999646e+00
8.487420000000000186e+00
8.473103749999999934e+00
8.410421250000000626e+00
8.341366250000000093e+00
8.301070000000001059e+00
8.248247499999999732e+00
8.172922499999998536e+00
8.062698750000000913e+00
7.960458750000000805e+00
7.893096249999999259e+00
7.761043749999999797e+00
7.660212499999999203e+00
7.561214999999999797e+00
7.390781250000000746e+00
7.261301249999999818e+00
7.197920000000000762e+00
7.155094999999999317e+00
7.106961250000000341e+00
6.991667500000000146e+00
6.815924999999999123e+00
6.634317500000000756e+00
6.494120000000000559e+00
6.387032499999999224e+00
6.297618749999999821e+00
6.226302500000000961e+00
6.105597500000000011e+00
5.770733749999999773e+00
5.231541249999999366e+00
4.881971249999999429e+00
4.646718749999999787e+00
4.212908750000000424e+00
4.021997500000000336e+00
4.081450000000000244e+00
4.272820000000000285e+00
4.412793749999999626e+00
4.405760000000000787e+00
1.062458750000000007e+00
1.050233749999999855e+00
1.030453749999999946e+00
4.922787499999999872e-01
4.743062499999999848e-01
