8.469262500000001026e+00
1.105149999999999899e+01
8.372482499999998495e+00
7.566605000000000913e+00
7.139422499999999339e+00
6.806771249999999718e+00
6.482060000000000599e+00
6.227193750000000527e+00
6.047886250000000352e+00
5.898972499999999286e+00
5.761567500000000841e+00
5.629170000000000229e+00
5.537725000000000009e+00
5.418047500000000127e+00
5.375557500000000211e+00
5.359836249999999858e+00
5.346511249999999826e+00
5.338106250000000941e+00
5.332205000000000084e+00
5.327916249999999465e+00
5.324617500000000447e+00
5.322067499999999285e+00
5.318649999999999878e+00
5.315178749999999397e+00
5.312768750000000040e+00
5.311008749999999168e+00
5.309612500000000068e+00
5.308508749999999665e+00
5.307602500000000667e+00
5.306860000000000355e+00
5.306199999999999584e+00
5.305645000000000167e+00
5.305150000000000254e+00
5.304706250000000622e+00
5.304149999999999920e+00
5.303508750000000660e+00
5.302959999999999674e+00
5.302489999999999704e+00
5.302134999999999820e+00
5.301929999999999588e+00
5.301659999999999151e+00
5.301307500000000061e+00
5.300981249999999534e+00
5.300690000000000346e+00
5.300399999999999778e+00
5.300200000000000244e+00
5.300074999999999648e+00
5.299949999999999939e+00
5.299820000000000420e+00
5.299739999999999895e+00
5.299689999999999124e+00
5.299649999999999750e+00
5.299610000000000376e+00
5.299559999999999604e+00
5.299520000000000231e+00
5.299473749999999761e+00
5.299430000000000085e+00
5.299389999999999823e+00
5.299339999999999939e+00
5.299299999999999677e+00
5.299260000000000304e+00
5.299210000000001308e+00
5.299170000000000158e+00
5.299129999999999008e+00
5.299050000000000260e+00
5.298940000000000872e+00
5.298831250000000104e+00
5.298722500000000224e+00
5.298571249999999289e+00
5.298386250000000963e+00
5.298196250000000163e+00
5.298003750000000345e+00
5.297812500000000036e+00
5.297566250000000032e+00
5.297253749999999428e+00
5.296936249999999013e+00
5.296636249999999713e+00
5.296357500000000051e+00
5.296123750000000463e+00
5.295847500000000707e+00
5.295524999999999594e+00
5.295250000000000234e+00
5.294988749999999911e+00
5.294727500000000475e+00
5.294436249999999511e+00
5.294127500000000097e+00
5.293832500000000607e+00
5.293533749999999927e+00
5.293243749999999359e+00
5.293059999999999654e+00
5.292941250000000153e+00
5.292727499999999807e+00
5.292089999999999961e+00
5.291254999999999598e+00
5.290561250000000548e+00
5.289148749999999843e+00
5.287754999999999761e+00
5.286872499999999420e+00
5.285518749999999599e+00
5.284370000000000012e+00
5.283698749999999222e+00
5.283103749999999543e+00
5.282333750000000272e+00
5.281841250000000265e+00
5.280396249999999903e+00
5.277827499999999894e+00
5.275348750000000031e+00
5.272249999999999659e+00
5.269736250000000233e+00
5.267938749999999892e+00
5.265557500000000779e+00
5.263633749999999445e+00
5.261945000000000761e+00
5.259903750000000322e+00
5.257523749999999829e+00
5.254336250000000597e+00
5.251805000000000057e+00
5.249997500000000095e+00
5.247671249999999787e+00
5.244299999999999962e+00
5.239454999999999529e+00
5.233330000000000481e+00
5.227267499999999956e+00
5.222640000000000171e+00
5.220528750000000606e+00
5.218147500000000605e+00
5.215727499999999850e+00
5.214041250000000183e+00
5.211935000000000429e+00
5.209453749999999772e+00
5.206116250000000001e+00
5.203687500000000021e+00
5.201715000000000089e+00
5.199494999999999756e+00
5.196094999999999686e+00
5.192576250000000115e+00
5.189266250000000191e+00
5.185762500000000053e+00
5.182037500000000740e+00
5.179477499999999957e+00
5.176745000000000374e+00
5.173451250000001167e+00
5.170226249999999801e+00
5.162011250000000828e+00
5.153037499999999937e+00
5.145988749999999889e+00
5.138304999999999900e+00
5.130026250000000232e+00
5.120008749999999331e+00
5.110406249999999595e+00
5.103349999999999831e+00
5.091301249999999889e+00
5.072642499999999721e+00
5.046341250000000223e+00
5.027113749999998937e+00
5.012296249999999453e+00
5.002636250000000118e+00
4.905750000000000277e+00
4.768937499999999829e+00
4.718197499999999600e+00
4.673381249999999376e+00
4.576111250000000297e+00
4.243863750000000046e+00
3.727611249999999821e+00
3.661110000000000042e+01
5.889085000000000569e+00
5.742234999999999978e+00
5.600344999999999906e+00
6.353577500000000100e+00
6.281127500000000197e+00
5.279289999999999594e+00
7.736382500000000384e+00
1.086699375000000067e+01
5.425987500000000630e+00
7.689352500000000035e+00
5.966207500000000330e+00
1.038254000000000055e+01
5.223201249999999796e+00
9.771593750000000966e+00
9.163857500000000655e+00
6.674483750000000271e+00
8.105881249999999483e+00
9.313857499999999234e+00
1.012809999999999988e+01
8.748562500000000242e+00
7.960798750000000368e+00
8.110084999999999766e+00
8.165405000000001579e+00
8.218756250000000207e+00
8.331768750000000168e+00
8.416055000000000064e+00
8.459847499999998632e+00
8.457995000000002150e+00
8.403556249999999395e+00
8.363907499999999828e+00
8.397910000000001318e+00
8.429453750000000412e+00
8.455994999999999706e+00
8.442147500000000804e+00
8.379777500000001211e+00
8.310638749999998964e+00
8.270184999999999675e+00
8.217137500000001538e+00
8.141431250000000119e+00
8.027145000000000863e+00
7.811156249999999801e+00
7.602629999999999555e+00
7.283177500000000748e+00
7.083920000000000883e+00
6.887253749999999286e+00
6.545514999999999084e+00
6.332367500000000149e+00
6.238916249999999941e+00
6.178785000000000416e+00
6.112979999999999414e+00
5.964126249999999629e+00
5.746219999999999217e+00
5.457482500000000236e+00
5.238026249999999884e+00
5.087021249999999384e+00
4.967850000000000321e+00
4.876052500000000123e+00
4.723858749999999773e+00
4.240472500000000089e+00
3.531056250000000230e+00
2.985776249999999798e+00
2.640082500000000110e+00
2.244106250000000191e+00
2.127241249999999972e+00
2.215248750000000211e+00
2.445840000000000014e+00
2.612567499999999932e+00
2.533072499999999838e+00
5.967999999999999972e-01
5.853824999999999168e-01
5.670562500000000394e-01
2.616850000000000009e-01
2.434749999999999970e-01
