1.563897499999999940e+00
1.862176249999999866e+00
1.272098749999999834e+00
1.071598750000000155e+00
9.567184999999999162e-01
8.606513749999998852e-01
7.584960000000000591e-01
6.703332499999999916e-01
6.013585000000000180e-01
5.376202500000000217e-01
4.720201250000000126e-01
3.980495000000000005e-01
3.384340000000000126e-01
2.366917500000000063e-01
1.906477500000000047e-01
1.694953749999999759e-01
1.494138750000000015e-01
1.352223750000000058e-01
1.242953750000000135e-01
1.157231249999999961e-01
1.086990000000000040e-01
1.029150000000000065e-01
9.464577500000000143e-02
8.552590000000000192e-02
7.864764999999999950e-02
7.326233749999999656e-02
6.875097499999999195e-02
6.500235000000000041e-02
6.181674999999999670e-02
5.911468750000000577e-02
5.666953749999999873e-02
5.452948750000000122e-02
5.259657499999999958e-02
5.084771250000000992e-02
4.863374999999999643e-02
4.602969999999999978e-02
4.380690000000000278e-02
4.189913750000000270e-02
4.045853750000000248e-02
3.963517500000000165e-02
3.859108750000000282e-02
3.720188750000000266e-02
3.594684999999999547e-02
3.485102500000000075e-02
3.378277500000000100e-02
3.308780000000000054e-02
3.264327499999999938e-02
3.220285000000000508e-02
3.176229999999999332e-02
3.147388749999999874e-02
3.133858750000000082e-02
3.120571250000000324e-02
3.107085000000000055e-02
3.093606250000000349e-02
3.080217500000000108e-02
3.066751250000000067e-02
3.053278749999999847e-02
3.039933750000000170e-02
3.026458750000000225e-02
3.013100000000000153e-02
2.999667500000000042e-02
2.986236249999999967e-02
2.972771249999999962e-02
2.959366250000000642e-02
2.935783749999999748e-02
2.902283750000000245e-02
2.868750000000000466e-02
2.835100000000000120e-02
2.793437499999999740e-02
2.744327499999999614e-02
2.694856249999999856e-02
2.644843749999999799e-02
2.595276250000000048e-02
2.536026250000000121e-02
2.466186249999999941e-02
2.396140000000000075e-02
2.335851249999999768e-02
2.282768750000000249e-02
2.238587500000000299e-02
2.194023750000000106e-02
2.147272499999999806e-02
2.106826249999999706e-02
2.069203749999999967e-02
2.030988749999999843e-02
1.988602499999999815e-02
1.943938749999999868e-02
1.901072500000000262e-02
1.866358749999999858e-02
1.836907499999999860e-02
1.818006250000000004e-02
1.806159999999999710e-02
1.784346249999999717e-02
1.719475000000000170e-02
1.642911249999999893e-02
1.590297499999999975e-02
1.490773749999999877e-02
1.405996250000000197e-02
1.361212499999999923e-02
1.300039999999999876e-02
1.248113750000000126e-02
1.221638750000000016e-02
1.201428749999999823e-02
1.175411250000000032e-02
1.158553749999999966e-02
1.113158749999999982e-02
1.043956250000000092e-02
9.871287499999999160e-03
9.289838749999999520e-03
8.867147499999998572e-03
8.573273750000000651e-03
8.254081249999999786e-03
8.012144999999998296e-03
7.800091249999999317e-03
7.580032500000000173e-03
7.344853750000000618e-03
7.045420000000000155e-03
6.838703750000000268e-03
6.693714999999999388e-03
6.523870000000000190e-03
6.308224999999999770e-03
6.008322500000000572e-03
5.688526250000000041e-03
5.421232500000000391e-03
5.248863749999999918e-03
5.170168749999999765e-03
5.081433750000000256e-03
4.991168750000000293e-03
4.928362500000000104e-03
4.853667500000000481e-03
4.787118750000000401e-03
4.700551249999999730e-03
4.637476250000000487e-03
4.586313749999999453e-03
4.528733750000000537e-03
4.440498749999999793e-03
4.361374999999999801e-03
4.299888749999999579e-03
4.234932500000000016e-03
4.165801250000000094e-03
4.118388750000000209e-03
4.069627499999999877e-03
4.026008750000000663e-03
3.986614999999999777e-03
3.886403750000000552e-03
3.791972500000000395e-03
3.745529999999999953e-03
3.694936250000000096e-03
3.674860000000000279e-03
3.714595000000000223e-03
3.832968750000000004e-03
3.978611249999999822e-03
4.933594999999999821e-03
1.442285000000000039e+00
1.010138374999999811e-02
4.226032499999999963e-03
3.668418750000000152e-03
3.531416249999999764e-03
3.546208749999999951e-03
4.175075000000000314e-03
4.546800000000000147e-03
4.905433750000000315e-03
5.826452499999999930e-03
1.012358750000000134e-02
1.992624999999999952e-02
3.588943749999999433e+00
1.641856250000000000e-03
8.554480000000000807e-04
1.122144625000000007e-01
1.505926250000000133e+00
9.184988750000000479e-01
8.645653749999998843e-04
1.167456250000000084e+00
3.356628749999999717e-01
6.783453750000000308e-04
5.543122500000000619e-01
3.906662500000000482e-01
5.941177500000000000e-01
2.808737500000000448e-04
1.806123749999999917e-01
2.566468750000000520e-01
1.219258750000000030e-01
1.564333749999999856e-01
1.157568749999999813e-01
9.410467499999999874e-02
9.803998750000000872e-02
8.474657499999999066e-02
6.936333749999999687e-02
6.427705000000000224e-02
6.165138750000000167e-02
5.608978750000000180e-02
5.194177500000000253e-02
4.961588750000000408e-02
4.775268750000000867e-02
4.552327500000000193e-02
3.920131250000000178e-02
3.459229999999999944e-02
3.260498750000000168e-02
3.142530000000000323e-02
3.095513750000000036e-02
3.064233750000000533e-02
3.072581250000000139e-02
3.088359999999999717e-02
3.111053750000000034e-02
3.149176249999999233e-02
3.084627499999999939e-02
2.691685000000000258e-02
2.029658750000000109e-02
1.566648749999999951e-02
1.505818750000000039e-02
1.467803750000000115e-02
1.426326250000000025e-02
1.449461249999999847e-02
1.469453750000000031e-02
1.485134999999999927e-02
1.504300000000000082e-02
1.554478750000000062e-02
1.572775000000000215e-02
1.366208750000000131e-02
1.143273750000000158e-02
1.100909999999999909e-02
1.093748749999999895e-02
1.101342499999999856e-02
1.113818750000000052e-02
1.062318749999999895e-02
1.079803749999999965e-02
1.047638749999999994e-02
9.486314999999998637e-03
6.314188750000000565e-03
3.188553750000000259e-03
1.640833750000000001e-03
5.519903749999999438e-04
4.925268749999999396e-04
7.820717499999999987e-04
2.750774999999999900e-04
2.863275000000000195e-04
3.000162499999999856e-04
1.594800000000000113e-04
1.626312499999999991e-04
