1.564015000000000100e+03
1.862231250000000045e+03
1.272054999999999836e+03
1.071514999999999873e+03
9.566008749999999736e+02
8.605035000000000309e+02
7.583093750000000455e+02
6.701063749999999573e+02
6.010936250000000882e+02
5.373124999999998863e+02
4.716573750000000018e+02
3.976037499999999341e+02
3.378985000000000127e+02
2.358942500000000280e+02
1.896651249999999891e+02
1.683898750000000177e+02
1.481557500000000118e+02
1.338311249999999859e+02
1.227861249999999984e+02
1.141050000000000040e+02
1.069756250000000222e+02
1.010939999999999941e+02
9.266958750000000578e+01
8.334927500000000578e+01
7.628986249999999814e+01
7.073737500000000011e+01
6.607285000000000252e+01
6.218210000000000548e+01
5.886243749999999864e+01
5.603418750000000159e+01
5.346878750000000480e+01
5.121613749999999499e+01
4.917591249999999548e+01
4.732430000000000092e+01
4.496838749999999862e+01
4.218401250000000147e+01
3.979553750000000178e+01
3.773392499999999927e+01
3.617714999999999748e+01
3.528307500000000374e+01
3.414172500000000809e+01
3.262308749999999691e+01
3.124547499999999900e+01
3.003599999999999781e+01
2.885598750000000123e+01
2.808412500000000023e+01
2.758957499999999996e+01
2.709965000000000046e+01
2.660953750000000184e+01
2.628803750000000150e+01
2.613623750000000001e+01
2.598714999999999975e+01
2.583583750000000379e+01
2.568458750000000279e+01
2.553437500000000071e+01
2.538325000000000031e+01
2.523211250000000305e+01
2.508236249999999856e+01
2.493118749999999650e+01
2.478130000000000166e+01
2.463057500000000033e+01
2.447988750000000380e+01
2.432879999999999754e+01
2.417838749999999948e+01
2.391378749999999798e+01
2.353788750000000007e+01
2.316161249999999683e+01
2.278407500000000141e+01
2.231428749999999894e+01
2.175865000000000293e+01
2.119893749999999955e+01
2.063312500000000327e+01
2.007233750000000327e+01
1.940024999999999977e+01
1.860652500000000131e+01
1.781044999999999945e+01
1.712518749999999912e+01
1.652170000000000272e+01
1.601941250000000139e+01
1.547899999999999920e+01
1.488728749999999756e+01
1.437538749999999865e+01
1.389942500000000258e+01
1.347685000000000066e+01
1.305584999999999951e+01
1.261221250000000005e+01
1.218524999999999991e+01
1.179698750000000018e+01
1.143988750000000110e+01
1.121069999999999922e+01
1.106704999999999828e+01
1.080454999999999899e+01
1.014312499999999950e+01
9.367507500000000320e+00
8.809195000000000775e+00
7.765371249999999392e+00
6.900960000000000427e+00
6.438079999999999359e+00
5.825903750000000159e+00
5.378433750000001012e+00
5.154354999999999798e+00
4.981992499999999602e+00
4.760062500000000085e+00
4.616274999999999906e+00
4.241143749999999990e+00
3.712823749999999645e+00
3.321478750000000257e+00
2.956483749999999855e+00
2.738732500000000236e+00
2.622353749999999817e+00
2.514280000000000292e+00
2.459830000000000183e+00
2.438001250000000120e+00
2.449371250000000000e+00
2.508176249999999996e+00
2.699195000000000455e+00
2.937097500000000139e+00
3.208418750000000319e+00
3.715788749999999752e+00
4.966418750000000770e+00
9.991267499999999302e+00
1.119897499999999866e+02
1.282786249999999882e+03
2.348252499999999898e+01
1.224846250000000047e+01
7.542077500000000434e+00
4.877011250000000686e+00
3.856815000000000104e+00
2.973920000000000119e+00
2.270143749999999905e+00
1.657952500000000162e+00
1.362911250000000019e+00
1.180142500000000094e+00
1.021143750000000017e+00
8.336783749999999715e-01
6.890126249999999342e-01
5.847471250000000342e-01
5.009210000000000607e-01
4.302599999999999758e-01
3.905046250000000496e-01
3.548868749999999350e-01
3.180800000000000294e-01
2.877327499999999816e-01
2.309698750000000189e-01
1.834888749999999957e-01
1.575247499999999912e-01
1.347182500000000116e-01
1.160451249999999851e-01
9.839842499999999770e-02
8.586656249999999324e-02
7.751957500000000723e-02
6.714557499999999901e-02
5.332403749999999748e-02
4.379275000000000528e-02
3.852428750000000401e-02
3.555300000000000127e-02
3.405523750000000183e-02
3.492408749999999923e-02
6.609637499999999888e-02
1.201575000000000143e-01
2.200336249999999827e-01
3.220636249999999734e+01
1.788987500000000175e+00
5.710262500000000685e+00
4.637666250000000545e+00
3.478273750000000053e+00
3.223155000000000214e+00
2.794802500000000300e+00
2.315516249999999943e+00
2.002291249999999856e+00
1.784183749999999735e+00
1.723443750000000163e+00
1.590179999999999705e+00
1.485915000000000097e+00
1.408306250000000093e+00
1.262073749999999883e+00
1.123093750000000002e+00
1.057677499999999826e+00
9.235476249999998721e-01
7.588264999999999594e-01
6.665668750000000031e-01
5.715774999999999606e-01
4.666454999999999909e-01
3.737176249999999977e-01
2.932502500000000456e-01
2.350305000000000033e-01
1.925243749999999698e-01
1.795910000000000006e-01
1.676078749999999618e-01
1.465704999999999925e-01
1.343399999999999872e-01
1.283513749999999898e-01
1.228084999999999871e-01
1.151215000000000155e-01
1.005534999999999901e-01
9.030204999999999482e-02
7.603704999999999492e-02
6.466892500000000210e-02
5.941312500000000413e-02
5.456924999999999970e-02
5.174865000000000020e-02
5.138614999999999849e-02
5.094468750000000212e-02
5.041136250000000096e-02
4.968345000000000400e-02
4.902233749999999890e-02
4.853156250000000005e-02
4.764942500000000219e-02
4.696070000000000105e-02
4.638793750000000382e-02
4.560042499999999999e-02
4.492058749999999767e-02
4.459682500000000660e-02
4.437462500000000087e-02
4.411800000000000443e-02
4.348086250000000180e-02
4.129601249999999973e-02
3.573396250000000773e-02
3.049355000000000121e-02
2.836220000000000407e-02
2.753822499999999951e-02
2.711739999999999984e-02
2.638201250000000303e-02
2.396717500000000028e-02
1.949953750000000402e-02
1.676520000000000093e-02
1.464293749999999970e-02
9.411297500000000496e-03
4.846838749999999620e-03
2.730560000000000365e-03
1.045653749999999943e-03
5.674428750000000063e-04
5.477902500000000159e-04
2.071716249999999953e-04
2.204335000000000029e-04
2.338915000000000221e-04
1.291437500000000051e-04
1.347350000000000034e-04
