1.587515000000000100e+03
1.892466250000000173e+03
1.294644999999999982e+03
1.091761250000000018e+03
9.755957500000000664e+02
8.785144999999999982e+02
7.753513749999999618e+02
6.863816250000000991e+02
6.168253750000000082e+02
5.525906250000000455e+02
4.865153750000000628e+02
4.120547500000000127e+02
3.520671249999999191e+02
2.496856249999999875e+02
2.033157500000000084e+02
1.819841250000000059e+02
1.616978750000000105e+02
1.473361250000000098e+02
1.362617499999999779e+02
1.275561250000000086e+02
1.204054999999999893e+02
1.145048749999999984e+02
1.060504999999999853e+02
9.669153749999999548e+01
8.959703749999999900e+01
8.401162499999999511e+01
7.931547500000000639e+01
7.539405000000000712e+01
7.204455000000000098e+01
6.918711249999999779e+01
6.659287500000000648e+01
6.431191250000000537e+01
6.224381249999999710e+01
6.036446249999999480e+01
5.796845000000000425e+01
5.513038750000000476e+01
5.268934999999999036e+01
5.057567499999999683e+01
4.897962499999999153e+01
4.806016250000000412e+01
4.688146249999999782e+01
4.531314999999999316e+01
4.388608749999999503e+01
4.262812499999999716e+01
4.139985000000000070e+01
4.059222500000000622e+01
4.007397500000000434e+01
3.956056249999999608e+01
3.904694999999999538e+01
3.870916250000000502e+01
3.854829999999999046e+01
3.839027500000000259e+01
3.822993749999999835e+01
3.806965000000000998e+01
3.791046249999999418e+01
3.775032500000000368e+01
3.759012500000000045e+01
3.743142499999999728e+01
3.727122500000000116e+01
3.711236249999999615e+01
3.695262500000000472e+01
3.679292500000000388e+01
3.663281250000000000e+01
3.647344999999999970e+01
3.619301250000000181e+01
3.579465000000000430e+01
3.539591250000000144e+01
3.499578749999999872e+01
3.449336250000000348e+01
3.389551249999999527e+01
3.329323750000000359e+01
3.268437499999999574e+01
3.208097500000000224e+01
3.135162499999999852e+01
3.048496249999999819e+01
2.961550000000000438e+01
2.885986249999999487e+01
2.819087499999999835e+01
2.763406249999999886e+01
2.702827500000000072e+01
2.636034999999999684e+01
2.578253749999999656e+01
2.524526249999999905e+01
2.476285000000000025e+01
2.427737499999999571e+01
2.376582500000000309e+01
2.327332499999999982e+01
2.281962500000000205e+01
2.239892500000000197e+01
2.212893750000000281e+01
2.195973750000000280e+01
2.165026249999999663e+01
2.085663750000000149e+01
1.991349999999999909e+01
1.922074999999999889e+01
1.791173750000000098e+01
1.679943749999999980e+01
1.618801249999999925e+01
1.535923749999999899e+01
1.473777499999999918e+01
1.441760000000000019e+01
1.416351249999999951e+01
1.383636249999999990e+01
1.362438750000000098e+01
1.305869999999999997e+01
1.221471249999999920e+01
1.154000000000000092e+01
1.084219999999999828e+01
1.036742499999999900e+01
1.007292499999999968e+01
9.731192500000000578e+00
9.488388750000000371e+00
9.301066249999999869e+00
9.107373749999998935e+00
8.919588750000000843e+00
8.757228749999999451e+00
8.693350000000000577e+00
8.725427500000000336e+00
8.890853749999998001e+00
9.556249999999998579e+00
1.349577500000000008e+01
1.275823750000000132e+02
1.616092499999999973e+03
4.770503749999998888e+01
3.074802500000000549e+01
2.310275000000000034e+01
1.853572499999999934e+01
1.666818749999999838e+01
1.497806250000000006e+01
1.355652499999999883e+01
1.223595000000000077e+01
1.155340000000000167e+01
1.110938750000000041e+01
1.070341249999999889e+01
1.019922500000000021e+01
9.784328750000000241e+00
9.466091249999999846e+00
9.192717499999998765e+00
8.948380000000000223e+00
8.803536250000000507e+00
8.667402499999999677e+00
8.520572500000000105e+00
8.393446250000000219e+00
8.133717500000001266e+00
7.898188750000000979e+00
7.753373749999999731e+00
7.616723750000000237e+00
7.493721249999999223e+00
7.366830000000000211e+00
7.265950000000000131e+00
7.196103749999998911e+00
7.097375000000000433e+00
6.946922500000001222e+00
6.819217499999998822e+00
6.730246250000000430e+00
6.668945000000000789e+00
6.631933749999999961e+00
6.317014999999999603e+00
5.838029999999999831e+00
5.562512500000000415e+00
5.253986249999999636e+00
8.967985000000000184e+01
1.211962500000000098e+01
2.047466249999999732e+01
1.855902499999999833e+01
1.639569999999999794e+01
1.588165000000000049e+01
1.500331250000000161e+01
1.395095000000000063e+01
1.319611249999999991e+01
1.266426249999999953e+01
1.249230000000000196e+01
1.211497499999999938e+01
1.181975000000000087e+01
1.160002500000000047e+01
1.118598750000000130e+01
1.076991250000000022e+01
1.055523750000000049e+01
1.011374999999999957e+01
9.561423749999999444e+00
9.245101250000001158e+00
8.981072499999999792e+00
8.709951250000001366e+00
8.486148749999999907e+00
8.305410000000000181e+00
8.201775000000001370e+00
8.135547499999999488e+00
8.117592500000000655e+00
8.103213750000000104e+00
8.081834999999999880e+00
8.072303749999999667e+00
8.066468750000000298e+00
8.061387500000000372e+00
8.055025000000000546e+00
8.029935000000001821e+00
7.995371250000000707e+00
7.946059999999999235e+00
7.806009999999999671e+00
7.601993750000000993e+00
7.413967499999999156e+00
7.284217499999999568e+00
7.230083750000000364e+00
7.164151249999999749e+00
7.084510000000000751e+00
6.975805000000000256e+00
6.877190000000000580e+00
6.799405000000000143e+00
6.627356250000000060e+00
6.492472499999999869e+00
6.354366249999999994e+00
6.104371249999999804e+00
5.912245000000000417e+00
5.820397500000001223e+00
5.757349999999999746e+00
5.684546249999999468e+00
5.503773749999999687e+00
5.232526249999999379e+00
4.978127500000000261e+00
4.800689999999999458e+00
4.679889999999999439e+00
4.598151250000000800e+00
4.538082499999999797e+00
4.433111249999999615e+00
4.216203750000000028e+00
4.040387500000000465e+00
3.959397500000000125e+00
3.909652499999999975e+00
3.878589999999999982e+00
3.946299999999999919e+00
4.094345000000000567e+00
4.371452500000000185e+00
4.420736250000000034e+00
4.213738750000000088e+00
9.601124999999999243e-01
9.385875000000000190e-01
9.070949999999999847e-01
4.230562500000000226e-01
4.045624999999999916e-01
