2.349969999999999715e+01
3.023567500000000052e+01
2.258952499999999830e+01
2.024851250000000036e+01
1.899508750000000035e+01
1.801097500000000196e+01
1.704201249999999845e+01
1.627526250000000019e+01
1.573187499999999872e+01
1.527813749999999970e+01
1.485781249999999964e+01
1.445097500000000146e+01
1.416852499999999893e+01
1.379108749999999972e+01
1.365083750000000151e+01
1.359426249999999925e+01
1.354204999999999970e+01
1.350505000000000067e+01
1.347562500000000085e+01
1.345126250000000034e+01
1.342986250000000048e+01
1.341082499999999911e+01
1.338075000000000081e+01
1.334221250000000047e+01
1.330721249999999856e+01
1.327425000000000033e+01
1.324261249999999812e+01
1.321196250000000028e+01
1.318212500000000098e+01
1.315292499999999976e+01
1.312408749999999991e+01
1.309580000000000055e+01
1.306786250000000038e+01
1.304016249999999744e+01
1.300004999999999811e+01
1.294637499999999974e+01
1.289381249999999923e+01
1.284173749999999714e+01
1.280247500000000116e+01
1.277708750000000038e+01
1.273973750000000038e+01
1.269002499999999856e+01
1.264058750000000053e+01
1.259210000000000029e+01
1.254386249999999947e+01
1.250810000000000066e+01
1.248441249999999947e+01
1.246091250000000272e+01
1.243742500000000106e+01
1.242112499999999820e+01
1.241205000000000069e+01
1.240313749999999970e+01
1.239408749999999770e+01
1.238506250000000009e+01
1.237608749999999880e+01
1.236705000000000076e+01
1.235801250000000095e+01
1.234905000000000186e+01
1.234002500000000069e+01
1.233107500000000201e+01
1.232205000000000084e+01
1.231306249999999913e+01
1.230403750000000151e+01
1.229503749999999940e+01
1.227922499999999850e+01
1.225676249999999889e+01
1.223428749999999887e+01
1.221171249999999908e+01
1.217907500000000098e+01
1.213682500000000175e+01
1.209427499999999966e+01
1.205126250000000176e+01
1.200862500000000210e+01
1.195137499999999875e+01
1.187845000000000084e+01
1.180503749999999918e+01
1.173467500000000108e+01
1.166916250000000055e+01
1.161464999999999748e+01
1.154926250000000110e+01
1.147307499999999969e+01
1.140714999999999968e+01
1.134583749999999824e+01
1.128598750000000095e+01
1.122153750000000016e+01
1.115361249999999771e+01
1.108807499999999990e+01
1.102263750000000009e+01
1.095903749999999910e+01
1.091823750000000182e+01
1.089267500000000055e+01
1.084570000000000078e+01
1.071352500000000063e+01
1.054598749999999896e+01
1.041155000000000186e+01
1.014633749999999957e+01
9.898478750000000659e+00
9.749940000000002271e+00
9.533319999999999794e+00
9.359347499999998377e+00
9.263243749999999110e+00
9.181519999999999015e+00
9.076296249999998622e+00
9.008121250000000302e+00
8.817570000000001684e+00
8.501861250000001036e+00
8.218532500000000240e+00
7.885713750000000744e+00
7.628686250000000335e+00
7.450581250000000821e+00
7.216907499999999587e+00
7.028560000000000585e+00
6.863061249999999447e+00
6.658002500000000268e+00
6.411412499999999071e+00
6.058033750000000772e+00
5.756252499999999550e+00
5.517009999999999970e+00
5.175063750000000518e+00
4.589834999999999887e+00
3.504508749999999395e+00
1.559266249999999943e+01
3.333031250000000227e+02
2.422251250000000056e+01
1.849956249999999969e+01
1.556067499999999981e+01
1.365871250000000003e+01
1.281138750000000037e+01
1.200415000000000099e+01
1.128640000000000043e+01
1.057799999999999940e+01
1.019047499999999928e+01
9.929253750000000878e+00
9.682270000000000820e+00
9.365563749999999743e+00
9.095314999999999372e+00
8.881345000000001377e+00
8.691794999999999050e+00
8.518117500000000675e+00
8.413029999999999120e+00
8.312516249999999829e+00
8.202489999999999171e+00
8.105713749999999607e+00
7.902746249999999861e+00
7.714698749999999272e+00
7.595848750000000038e+00
7.482006250000000414e+00
7.377673750000001363e+00
7.268430000000000391e+00
7.180082500000001033e+00
7.118583750000000876e+00
7.030228749999999138e+00
6.893597499999999378e+00
6.775425000000000253e+00
6.691722500000000906e+00
6.633388749999999057e+00
6.597879999999999967e+00
6.282087500000000269e+00
5.771933749999999641e+00
5.442355000000000054e+00
5.033949999999999925e+00
5.747348749999999740e+01
1.033062500000000128e+01
1.476440000000000019e+01
1.392137500000000294e+01
1.291741249999999752e+01
1.265850000000000009e+01
1.220853750000000026e+01
1.163546250000000093e+01
1.119385000000000119e+01
1.088008750000000013e+01
1.076884999999999870e+01
1.052481249999999946e+01
1.033385000000000176e+01
1.019172499999999992e+01
9.923921249999999361e+00
9.646807500000001312e+00
9.497557499999999209e+00
9.190193750000000605e+00
8.802597500000000963e+00
8.578535000000000466e+00
8.359383749999999225e+00
8.142632500000001272e+00
7.980693750000000364e+00
7.848096249999999330e+00
7.755362500000000381e+00
7.685813750000000333e+00
7.663748749999998999e+00
7.641812500000001229e+00
7.600528749999999611e+00
7.573847500000000288e+00
7.559687499999999005e+00
7.545087500000000169e+00
7.523014999999999119e+00
7.466479999999999784e+00
7.407460000000000377e+00
7.324131249999998872e+00
7.158456250000000409e+00
6.944643749999999116e+00
6.747587499999999849e+00
6.614811249999999809e+00
6.564410000000000522e+00
6.503028749999998581e+00
6.428881250000000769e+00
6.327676250000000557e+00
6.235815000000000552e+00
6.161216250000000727e+00
5.994453749999999914e+00
5.863713750000000502e+00
5.728863749999999477e+00
5.482604999999999507e+00
5.282598750000000010e+00
5.181213750000000395e+00
5.111616249999999972e+00
5.031253749999999414e+00
4.831711249999999680e+00
4.513026250000000239e+00
4.156649999999999956e+00
3.869442499999999452e+00
3.675898749999999993e+00
3.549714999999999954e+00
3.458275000000000432e+00
3.298483749999999937e+00
2.915308749999999893e+00
2.454439999999999955e+00
2.212547499999999889e+00
2.100134999999999863e+00
2.094529999999999781e+00
2.299738749999999943e+00
2.506349999999999412e+00
2.757279999999999731e+00
2.773354999999999571e+00
2.532122500000000276e+00
5.308975000000000222e-01
5.110075000000000589e-01
4.790737499999999649e-01
2.083625000000000060e-01
1.891325000000000089e-01
