8.653087499999999821e+00
1.251466250000000002e+01
1.031124999999999936e+01
9.715663750000000931e+00
9.413686250000001365e+00
9.184782500000000738e+00
8.965132500000001059e+00
8.793472500000000025e+00
8.671131249999998403e+00
8.564949999999999619e+00
8.461443749999999042e+00
8.346614999999999895e+00
8.248132500000000533e+00
8.002687499999998622e+00
7.819127499999999564e+00
7.676261249999999592e+00
7.483908749999999444e+00
7.290453750000000177e+00
7.090832500000001204e+00
6.888307500000000694e+00
6.683961249999999410e+00
6.485318750000000243e+00
6.229195000000000704e+00
6.787324999999999164e+00
1.516162499999999902e+01
4.778133749999999935e+01
5.503433749999999947e+01
3.359659999999999513e+01
2.302203750000000326e+01
1.860709999999999908e+01
1.630763750000000201e+01
1.491041249999999962e+01
1.396545000000000059e+01
1.327807499999999941e+01
1.255607499999999987e+01
1.185563750000000205e+01
1.135187499999999972e+01
1.094668750000000124e+01
1.068389999999999773e+01
1.052611249999999998e+01
1.030503749999999918e+01
1.002743750000000134e+01
9.752331250000001006e+00
9.476787500000000364e+00
9.190812499999999829e+00
8.960196249999999196e+00
8.802336249999999751e+00
8.633506249999999937e+00
8.451392499999998975e+00
8.316488750000001318e+00
8.233537499999998843e+00
8.151991250000001799e+00
8.063863749999999442e+00
7.972350000000000492e+00
7.881107499999999710e+00
7.781532499999999963e+00
7.678784999999999528e+00
7.575857499999999689e+00
7.460557499999999287e+00
7.343257499999999993e+00
7.223366249999999766e+00
7.092298749999999430e+00
6.952211250000000398e+00
6.804715000000000735e+00
6.516716249999999988e+00
6.044414999999999871e+00
5.480968749999999723e+00
4.867438749999999814e+00
5.661213749999999933e+00
1.590945000000000142e+01
2.029517499999999686e+01
1.291473749999999932e+01
1.001292499999999919e+01
5.268503750000000707e+01
1.091186250000000086e+02
3.210492500000000149e+01
1.979798749999999785e+01
1.639078750000000184e+01
1.458914999999999829e+01
1.282176249999999840e+01
1.739937499999999915e+01
1.677632499999999993e+01
1.483344999999999914e+01
1.400356250000000102e+01
1.343033750000000026e+01
1.297292500000000182e+01
1.258722500000000011e+01
1.217042500000000160e+01
1.159785000000000110e+01
1.102364999999999995e+01
1.084507499999999958e+01
1.363466250000000102e+01
1.358388750000000122e+01
1.220925000000000260e+01
1.183013749999999753e+01
1.112381249999999788e+01
9.989618749999999991e+00
1.354504999999999981e+01
1.113467499999999966e+01
1.004018750000000004e+01
1.220106249999999903e+01
1.088177499999999931e+01
9.688245000000000218e+00
1.162157499999999999e+01
2.027726250000000263e+01
1.669111249999999913e+01
1.193052499999999938e+01
1.092121249999999932e+01
1.563523749999999701e+01
1.146627499999999955e+01
9.848943750000000108e+00
1.056447499999999984e+01
2.507972499999999627e+01
2.551098750000000237e+01
1.345216250000000002e+01
1.182911249999999903e+01
9.531467499999999760e+00
7.948777499999999918e+01
3.470553750000000548e+01
1.503418749999999804e+01
1.483961249999999943e+01
1.316547500000000070e+01
1.111087500000000006e+01
1.848096249999999685e+01
1.293346249999999920e+01
1.159220000000000006e+01
1.068374999999999986e+01
9.919122500000000286e+00
8.119101249999999936e+00
4.236105000000000587e+01
7.039813750000000425e+01
1.464685000000000059e+01
1.147870000000000168e+01
3.998982499999999618e+01
1.720499999999999829e+01
1.466379999999999839e+01
2.746624999999999872e+01
3.597206250000000693e+01
2.267989999999999995e+01
1.509571250000000120e+01
1.374661249999999946e+01
1.669641249999999744e+01
1.666764999999999830e+01
2.084852499999999864e+01
1.685535000000000139e+01
1.826261249999999947e+01
1.822421250000000015e+01
1.818297499999999900e+01
1.813329999999999842e+01
1.808588750000000189e+01
1.805315000000000225e+01
1.800471250000000012e+01
1.791816250000000110e+01
1.783778750000000102e+01
1.778172500000000156e+01
1.773952500000000043e+01
1.771268750000000125e+01
1.749247499999999889e+01
1.726525000000000176e+01
1.720582500000000081e+01
1.716532500000000283e+01
1.709710000000000107e+01
1.693773749999999723e+01
1.679716249999999889e+01
1.643228750000000105e+01
1.598130000000000095e+01
1.586005000000000109e+01
1.564846250000000083e+01
1.534037500000000165e+01
1.507359999999999900e+01
1.487753749999999897e+01
1.477581249999999891e+01
1.456261249999999841e+01
1.442996250000000202e+01
1.433966249999999931e+01
1.416956249999999784e+01
1.394800000000000040e+01
1.379382500000000000e+01
1.352796249999999922e+01
1.315127499999999827e+01
1.292314999999999969e+01
1.271497499999999903e+01
1.247801250000000017e+01
1.226390000000000136e+01
1.211716249999999917e+01
1.202192500000000130e+01
1.192750000000000199e+01
1.187338749999999976e+01
1.182367499999999971e+01
1.171846250000000111e+01
1.163997499999999974e+01
1.159459999999999980e+01
1.153743749999999935e+01
1.139542500000000125e+01
1.106479999999999997e+01
1.073616249999999894e+01
1.028322499999999984e+01
9.607156249999999176e+00
8.892682499999999379e+00
8.300862499999999145e+00
7.886903750000000102e+00
7.698484999999999800e+00
7.455643749999999237e+00
7.166067500000000479e+00
6.806237499999999940e+00
6.506246250000000231e+00
6.322906250000000838e+00
5.988238749999999833e+00
5.751529999999998921e+00
5.538656250000000725e+00
5.189955000000000318e+00
4.946059999999999235e+00
4.830847499999999961e+00
4.751753749999999776e+00
4.667984999999999829e+00
4.483856249999999655e+00
4.228686249999999980e+00
4.008893750000000367e+00
3.869641249999999921e+00
3.782824999999999882e+00
3.722967499999999763e+00
3.681176250000000039e+00
3.627818749999999870e+00
3.584548749999999728e+00
3.755974999999999842e+00
4.010097500000000537e+00
4.232266250000000340e+00
4.731402499999999733e+00
4.987368749999999906e+00
4.827328750000000390e+00
4.215641250000000007e+00
3.402559999999999807e+00
2.893400000000000194e+00
6.888775000000000315e-01
6.897899999999999032e-01
6.911787499999999529e-01
3.604350000000000054e-01
3.679899999999999838e-01
