2.654438749999999914e+01
3.164707500000000095e+01
2.165513749999999860e+01
1.826648750000000021e+01
1.632754999999999868e+01
1.470842499999999831e+01
1.298996249999999897e+01
1.151182500000000175e+01
1.036087500000000006e+01
9.294487499999998903e+00
8.207531249999998835e+00
6.996375000000000455e+00
6.037686249999999255e+00
4.511928750000000043e+00
3.915087500000000276e+00
3.727068750000000374e+00
3.639475000000000016e+00
3.692452500000000359e+00
3.861183749999999915e+00
4.147886249999999997e+00
4.568536250000000187e+00
5.160958749999999817e+00
6.954942499999999583e+00
1.293902499999999911e+01
3.407521249999999924e+01
7.544616250000001401e+01
5.553408749999999827e+01
1.853871249999999904e+01
7.038524999999999920e+00
3.545855000000000423e+00
2.114935000000000009e+00
1.403088749999999774e+00
9.991295000000000037e-01
7.493542499999999995e-01
5.325469999999999926e-01
3.655112500000000653e-01
2.761256250000000412e-01
2.220352499999999896e-01
1.956101249999999958e-01
1.832336249999999833e-01
1.703466250000000293e-01
1.609118749999999820e-01
1.570178749999999734e-01
1.588396249999999843e-01
1.665051250000000038e-01
1.766705000000000081e-01
1.846061250000000098e-01
1.955064999999999997e-01
2.095627499999999643e-01
2.211286249999999953e-01
2.291110000000000091e-01
2.369693750000000099e-01
2.463559999999999917e-01
2.566351250000000195e-01
2.669488750000000299e-01
2.795886250000000350e-01
2.931482500000000546e-01
3.069622499999999921e-01
3.247238749999999952e-01
3.433356249999999776e-01
3.627954999999999930e-01
3.865837499999999483e-01
4.142002499999999920e-01
4.454777500000000057e-01
5.160452500000000109e-01
6.615513749999999416e-01
9.125250000000000306e-01
1.458062500000000039e+00
4.436574999999999491e+00
1.180990000000000073e+01
8.617676250000000593e+00
2.940045000000000019e+00
2.975789999999999935e+00
1.987620000000000431e+01
2.845994999999999919e+01
2.882413749999999997e+00
7.069257500000000194e-01
3.956631250000000044e-01
3.552936249999999463e-01
1.420142500000000085e+00
3.886488749999999825e+00
7.775488750000000282e-01
1.765891250000000134e-01
9.921954999999998970e-02
6.988685000000000036e-02
5.701782500000000115e-02
5.443678750000000011e-02
6.502261250000000714e-02
1.268789999999999918e-01
3.242708750000000140e-01
9.122816249999998739e-01
2.509897500000000115e+00
3.441878749999999765e-01
2.293068750000000142e-02
1.593377500000000072e-02
2.222527499999999920e-02
7.329612500000000086e-01
7.003462500000000590e-01
2.374003750000000176e-02
4.240928750000000358e-01
7.909292500000000281e-01
4.675959999999999839e-02
3.439892499999999687e-01
1.004529374999999947e+00
1.826742500000000158e+00
2.510947500000000332e-01
9.440463749999999238e-03
1.257310000000000094e-01
1.322945000000000038e+00
2.619453750000000358e-02
1.345235000000000007e-02
8.020051249999999854e-01
1.863430000000000142e+00
1.276703750000000026e+00
3.326461249999999870e-02
3.065877499999999922e-01
2.858129999999999837e-01
2.354578749999999943e+00
4.432738749999999839e-01
1.327572499999999933e-01
4.099844999999999740e-01
8.322369999999999074e-03
1.441294999999999903e-02
7.979898749999999596e-01
1.071048749999999918e-02
4.185752499999999786e-03
4.031378749999999997e-03
5.858590000000000325e-03
3.223613749999999778e-02
1.069455000000000044e+00
7.558072499999999305e-01
1.423964999999999953e-02
1.850617499999999971e-02
1.163772500000000099e+00
1.404173750000000109e-01
3.087923750000000078e-01
7.181462499999998750e-01
7.345064999999999511e-01
1.195913749999999998e-01
4.407813749999999614e-03
3.439412499999999935e-03
3.583188749999999811e-01
1.156979999999999953e-01
3.655131249999999943e-01
1.557145000000000057e-01
2.845111250000000314e-01
2.774220000000000574e-01
2.698059999999999903e-01
2.606340000000000323e-01
2.518842499999999762e-01
2.461385000000000101e-01
2.387948750000000175e-01
2.256672499999999859e-01
2.144407499999999855e-01
2.077165000000000261e-01
2.026597500000000274e-01
1.994418749999999629e-01
1.744129999999999847e-01
1.518666250000000328e-01
1.465084999999999860e-01
1.433421249999999869e-01
1.383862500000000162e-01
1.268071249999999928e-01
1.166276250000000125e-01
9.637893749999998372e-02
7.562534999999999397e-02
7.115230000000000166e-02
6.388099999999999334e-02
5.461484999999999951e-02
4.800668749999999901e-02
4.327426250000000058e-02
4.128406250000000305e-02
3.720060000000000033e-02
3.497887499999999955e-02
3.356568750000000351e-02
3.090288749999999668e-02
2.780539999999999748e-02
2.587533749999999799e-02
2.297071249999999704e-02
1.942941250000000328e-02
1.752883749999999824e-02
1.590908749999999858e-02
1.415207500000000007e-02
1.248037500000000015e-02
1.118769999999999834e-02
1.002331249999999924e-02
8.976058749999998171e-03
8.610341250000000390e-03
8.209382500000000915e-03
7.655212500000000385e-03
7.419993750000000200e-03
7.331611250000000767e-03
7.238698749999998745e-03
7.098868750000000838e-03
6.932091249999999469e-03
6.917971250000000058e-03
7.384229999999998573e-03
8.365932500000001007e-03
1.012122499999999932e-02
1.244781250000000054e-02
1.448434999999999827e-02
1.554529999999999974e-02
1.723248750000000093e-02
1.956659999999999996e-02
2.603166249999999682e-02
3.345499999999999863e-02
3.934748750000000017e-02
5.700441249999999016e-02
7.492089999999999861e-02
1.000646499999999911e-01
1.630817499999999975e-01
2.309413750000000043e-01
2.726414999999999811e-01
3.054061250000000283e-01
3.430428749999999694e-01
4.443703749999999841e-01
6.125037499999999024e-01
7.875739999999999963e-01
9.158318749999999620e-01
1.005852500000000038e+00
1.075996249999999987e+00
1.129571250000000138e+00
1.212388749999999904e+00
1.391875000000000195e+00
1.545946249999999855e+00
1.550311249999999808e+00
1.516778749999999842e+00
1.512586250000000021e+00
1.488726250000000029e+00
1.577133750000000223e+00
2.364361249999999970e+00
2.514373750000000296e+00
2.561532499999999768e+00
6.473812500000000192e-01
6.507512500000000033e-01
6.558800000000000185e-01
3.362762499999999988e-01
3.421525000000000261e-01
