5.092562500000000000e+03
6.072332499999999527e+03
4.155611250000000837e+03
3.505516250000000127e+03
3.133489999999999782e+03
2.822781250000000455e+03
2.492927500000000236e+03
2.209117500000000291e+03
1.988017499999999927e+03
1.783049999999999955e+03
1.573969999999999800e+03
1.340653749999999945e+03
1.155593750000000000e+03
8.589915000000000873e+02
7.413586249999999609e+02
7.028190000000000737e+02
6.825937500000000000e+02
6.890726250000001301e+02
7.172146249999999554e+02
7.672239999999999327e+02
8.418160000000000309e+02
9.477587500000000773e+02
1.270782499999999800e+03
2.352993749999999636e+03
6.186011249999999563e+03
1.370603750000000036e+04
1.010867499999999927e+04
3.390669999999999618e+03
1.298243749999999864e+03
6.614006249999999909e+02
3.998977500000000305e+02
2.694862499999999841e+02
1.952827499999999930e+02
1.492648749999999893e+02
1.091539999999999964e+02
7.805757499999999993e+01
6.124453749999999985e+01
5.093562499999999460e+01
4.581199999999999761e+01
4.336518750000000466e+01
4.073992499999999950e+01
3.865882500000000022e+01
3.757798749999999899e+01
3.752397500000000719e+01
3.850495000000000090e+01
4.001127499999999770e+01
4.121788750000000334e+01
4.294209999999999638e+01
4.521581249999999841e+01
4.710804999999999865e+01
4.842871250000000316e+01
4.972899999999999920e+01
5.129601249999999624e+01
5.301947499999999280e+01
5.474958749999998986e+01
5.688875000000000171e+01
5.918991250000000548e+01
6.153706249999999756e+01
6.458220000000000027e+01
6.777868749999998954e+01
7.112543749999998965e+01
7.524208749999999668e+01
8.004155000000000086e+01
8.549617499999999382e+01
9.787981250000001410e+01
1.236250000000000000e+02
1.684612500000000068e+02
2.669147500000000264e+02
8.102966250000000628e+02
2.164201250000000073e+03
1.582436249999999973e+03
5.311684999999999945e+02
5.108620000000000232e+02
3.336481250000000273e+03
4.807257500000000618e+03
5.093850000000000477e+02
1.381107499999999959e+02
8.390494999999999948e+01
7.708696249999998429e+01
2.770602499999999964e+02
7.463133749999998372e+02
1.616941249999999854e+02
4.706647499999999695e+01
3.189978750000000218e+01
2.597701250000000073e+01
2.322789999999999822e+01
2.245101249999999737e+01
2.410490000000000066e+01
3.525022500000000036e+01
7.191554999999999609e+01
1.825941250000000196e+02
4.865620000000000118e+02
7.834016249999999104e+01
1.647581249999999997e+01
1.483303750000000143e+01
1.569142500000000062e+01
1.716832499999999868e+02
1.680124999999999886e+02
1.577014999999999922e+01
8.428743750000001000e+01
1.505029999999999575e+02
1.956234999999999857e+01
8.170943749999999284e+01
2.229582499999999925e+02
3.527862499999999955e+02
6.229221249999999799e+01
1.365675000000000061e+01
3.386932499999999635e+01
2.570736249999999927e+02
1.624783749999999927e+01
1.230472500000000124e+01
1.569308750000000146e+02
3.651557499999999550e+02
2.585096250000000282e+02
1.952319999999999922e+01
6.778153749999998468e+01
6.169246249999999776e+01
5.091982500000000300e+02
1.156031250000000057e+02
3.926245000000000118e+01
8.966183749999999009e+01
1.468436250000000065e+01
1.374126249999999949e+01
1.641142499999999984e+02
1.488811250000000008e+01
1.235612499999999869e+01
1.141947500000000026e+01
1.098832499999999968e+01
1.400218749999999979e+01
2.375367499999999836e+02
2.083329999999999984e+02
1.724558749999999918e+01
1.485606250000000017e+01
2.523781250000000114e+02
4.283116250000000491e+01
7.101842500000000769e+01
1.585279999999999916e+02
1.700194999999999936e+02
4.450533750000000310e+01
1.590015000000000001e+01
1.437433749999999932e+01
8.208960000000000434e+01
3.778253749999999656e+01
8.755468750000000000e+01
4.483407499999999857e+01
6.937011250000000473e+01
6.805713749999999607e+01
6.664663749999999709e+01
6.494786249999999939e+01
6.332739999999999725e+01
6.226161249999999825e+01
6.089302499999999441e+01
5.844638750000000726e+01
5.634785000000000110e+01
5.508307499999999379e+01
5.413195000000000334e+01
5.352668750000000131e+01
4.880754999999999910e+01
4.452801250000000977e+01
4.350560000000000116e+01
4.289607500000000329e+01
4.193733749999999816e+01
3.969728750000000161e+01
3.772748750000000229e+01
3.372497500000000059e+01
2.954627499999999785e+01
2.862179999999999680e+01
2.710461249999999822e+01
2.513297499999999829e+01
2.368018750000000239e+01
2.263480000000000203e+01
2.217598749999999797e+01
2.123014999999999830e+01
2.069899999999999807e+01
2.035524999999999807e+01
1.970756250000000165e+01
1.893052499999999938e+01
1.843032499999999985e+01
1.764373750000000030e+01
1.663228750000000034e+01
1.606812500000000199e+01
1.559721249999999770e+01
1.507040000000000113e+01
1.458476250000000185e+01
1.422963749999999905e+01
1.398512500000000180e+01
1.384495000000000076e+01
1.379703750000000007e+01
1.374488750000000259e+01
1.364243749999999977e+01
1.357017499999999899e+01
1.352747500000000080e+01
1.348070000000000057e+01
1.340659999999999918e+01
1.318391250000000170e+01
1.295107500000000122e+01
1.261418749999999989e+01
1.202652500000000124e+01
1.134549999999999947e+01
1.075862500000000033e+01
1.036746249999999847e+01
1.021294999999999931e+01
1.003027499999999961e+01
9.810942500000001232e+00
9.520455000000000112e+00
9.291294999999999860e+00
9.156891249999999260e+00
8.891102500000000575e+00
8.699322500000000957e+00
8.530638750000001380e+00
8.261453749999999374e+00
8.070583750000000833e+00
7.981462500000000126e+00
7.924073749999999805e+00
7.862493750000000503e+00
7.731227499999999253e+00
7.557591250000001537e+00
7.413381250000000477e+00
7.322560000000001068e+00
7.263531250000001549e+00
7.221428750000001173e+00
7.191946249999999985e+00
7.151203750000000525e+00
7.087442499999999868e+00
7.108776250000000907e+00
7.207739999999999370e+00
7.328172499999999090e+00
7.631452500000000860e+00
7.792794999999999916e+00
7.673382499999999773e+00
7.049985000000000390e+00
6.314247500000000457e+00
5.907447499999999962e+00
1.451680000000000081e+00
1.457336250000000000e+00
1.470740000000000158e+00
7.553812500000000041e-01
7.712437500000000057e-01
