5.057375000000000000e+03
6.028172500000000582e+03
4.123643749999999272e+03
3.477532499999999800e+03
3.107750000000000000e+03
2.798887500000000273e+03
2.470971250000000055e+03
2.188811249999999745e+03
1.968986250000000155e+03
1.765191250000000082e+03
1.557301250000000209e+03
1.325311249999999973e+03
1.141306249999999864e+03
8.464767500000000382e+02
7.296242499999998472e+02
6.914156250000000909e+02
6.714702499999998508e+02
6.780897499999999809e+02
7.062626250000000709e+02
7.561876250000000255e+02
8.305634999999999764e+02
9.361123750000000427e+02
1.257597500000000082e+03
2.333266250000000127e+03
6.136773749999999382e+03
1.358282500000000073e+04
9.998106250000000728e+03
3.338536250000000109e+03
1.268183749999999691e+03
6.392476249999999709e+02
3.814751250000000482e+02
2.531728750000000048e+02
1.803178750000000150e+02
1.352372499999999889e+02
9.606503749999998831e+01
6.583645000000001346e+01
4.961651249999999891e+01
3.976688749999999573e+01
3.493247500000000372e+01
3.265583749999999696e+01
3.026457500000000067e+01
2.847051250000000167e+01
2.766863749999999911e+01
2.788835000000000264e+01
2.914763750000000186e+01
3.087438750000000098e+01
3.223094999999999999e+01
3.411311249999999973e+01
3.655486249999999870e+01
3.857043749999999704e+01
3.996604999999999563e+01
4.134003749999999400e+01
4.298578750000000070e+01
4.479047500000000781e+01
4.660152499999999520e+01
4.882764999999999844e+01
5.121799999999999642e+01
5.365426250000000152e+01
5.679691249999999059e+01
6.009207499999999413e+01
6.353928749999999326e+01
6.776322500000000559e+01
7.267513750000000528e+01
7.824598749999999825e+01
9.084706250000000693e+01
1.169188750000000141e+02
1.620676249999999925e+02
2.605893750000000750e+02
8.001988749999999300e+02
2.136481249999999818e+03
1.553525000000000091e+03
5.153137500000000273e+02
4.978734999999999786e+02
3.263920000000000073e+03
4.669678750000000036e+03
4.743976249999999482e+02
1.176056249999999892e+02
6.711849999999999739e+01
6.214252500000000623e+01
2.628181249999999523e+02
7.250273750000000064e+02
1.441402500000000089e+02
3.205642500000000439e+01
1.779697499999999977e+01
1.247676250000000131e+01
1.019795000000000051e+01
9.809348749999999839e+00
1.186945000000000050e+01
2.352552499999999824e+01
6.056759999999999167e+01
1.708367500000000234e+02
4.704173749999999927e+02
6.441208750000001260e+01
4.243646250000000286e+00
2.986971250000000300e+00
4.545374999999999943e+00
1.609604999999999961e+02
1.537668750000000273e+02
4.611734999999999474e+00
7.382315000000001248e+01
1.375110000000000241e+02
8.633806249999999238e+00
7.167721250000001021e+01
2.103323750000000132e+02
3.306820000000000164e+02
4.535001250000000539e+01
1.716794999999999849e+00
2.282240000000000180e+01
2.401153750000000002e+02
4.755357500000000570e+00
2.442322499999999952e+00
1.455646249999999782e+02
3.382127499999999714e+02
2.317221250000000055e+02
6.037776250000000289e+00
5.564582500000000209e+01
5.187516250000000184e+01
4.273559999999999945e+02
8.045431250000000034e+01
2.409551249999999811e+01
7.441219999999999857e+01
1.510536250000000136e+00
2.615968749999999954e+00
1.448352500000000020e+02
1.943965000000000165e+00
7.597237500000000310e-01
7.317032499999999162e-01
1.063342500000000079e+00
5.850866250000000157e+00
1.941065000000000111e+02
1.371791250000000275e+02
2.584501249999999750e+00
3.358874999999999833e+00
2.112247500000000002e+02
2.548573749999999905e+01
5.604581250000000381e+01
1.303435000000000059e+02
1.333128749999999911e+02
2.170587499999999892e+01
8.000189999999999246e-01
6.242542500000000105e-01
6.503487499999999955e+01
2.099915000000000020e+01
6.634063749999999970e+01
2.782301250000000081e+01
5.082301249999999726e+01
4.955549999999999500e+01
4.819387500000000557e+01
4.655396249999999725e+01
4.498961249999999978e+01
4.396232499999999987e+01
4.264950000000000330e+01
4.030256250000000762e+01
3.829561249999999717e+01
3.709366249999999354e+01
3.618977500000000447e+01
3.561454999999999416e+01
3.114063750000000041e+01
2.711092500000000172e+01
2.615326250000000030e+01
2.558738750000000195e+01
2.470185000000000031e+01
2.263277499999999876e+01
2.081370000000000076e+01
1.719631250000000122e+01
1.348936249999999859e+01
1.269059999999999988e+01
1.139226249999999929e+01
9.738002499999998562e+00
8.558583750000000379e+00
7.713976249999999979e+00
7.358893750000000011e+00
6.630362500000000381e+00
6.234062500000000284e+00
5.982014999999999638e+00
5.507095000000000518e+00
4.954731250000000031e+00
4.610616249999999638e+00
4.092813750000000361e+00
3.461583750000000403e+00
3.122736250000000435e+00
2.833802500000000002e+00
2.520331249999999912e+00
2.221918750000000387e+00
1.991082500000000088e+00
1.794328750000000028e+00
1.547392499999999949e+00
1.456143750000000070e+00
1.366011250000000121e+00
1.210563750000000161e+00
1.118193750000000097e+00
1.071343750000000039e+00
1.021168750000000180e+00
9.317248750000001190e-01
7.556398750000000719e-01
6.328190000000000204e-01
5.171947500000000364e-01
4.127155000000000129e-01
3.525228750000000133e-01
3.269956250000000120e-01
3.126302499999999984e-01
3.042129999999999557e-01
2.915252499999999580e-01
2.778263750000000143e-01
2.635296249999999896e-01
2.534808749999999944e-01
2.473061250000000155e-01
2.400277500000000397e-01
2.358972500000000028e-01
2.324513750000000156e-01
2.278268750000000120e-01
2.238084999999999936e-01
2.216512499999999941e-01
2.201701250000000221e-01
2.182463750000000202e-01
2.127918749999999914e-01
2.031004999999999616e-01
1.926966249999999825e-01
1.843371250000000461e-01
1.767873749999999966e-01
1.703755000000000130e-01
1.659360000000000002e-01
1.585279999999999745e-01
1.341503749999999884e-01
9.121888750000001211e-02
6.379066250000001159e-02
4.711557499999999288e-02
1.659488749999999888e-02
6.485647500000000371e-03
3.869527499999999946e-03
1.726393750000000150e-03
8.900502500000000627e-04
5.108860000000000007e-04
7.487037499999999888e-05
6.803462500000000254e-05
5.941574999999999775e-05
2.261687499999999850e-05
1.867499999999999992e-05
