1.529285000000000000e+06
1.828551250000000000e+06
1.255221250000000000e+06
1.061781250000000000e+06
9.512450000000000000e+05
8.594177500000000000e+05
7.619108750000000000e+05
6.786668750000000000e+05
6.136590000000000000e+05
5.545542500000000000e+05
4.944710000000000000e+05
4.280078750000000000e+05
3.759210000000000000e+05
2.885166250000000000e+05
2.440318750000000000e+05
2.152710000000000000e+05
1.782741250000000000e+05
1.442447500000000000e+05
1.142046250000000000e+05
8.973751249999999709e+04
7.038532500000001164e+04
5.550198749999999563e+04
3.796725000000000000e+04
2.295777499999999782e+04
1.487604999999999927e+04
1.018319999999999891e+04
7.302497499999999491e+03
5.430422499999999673e+03
4.163028750000000400e+03
3.270978750000000218e+03
2.625672500000000127e+03
2.146127500000000055e+03
1.780092499999999973e+03
1.495423749999999927e+03
1.186579999999999927e+03
8.923682499999999891e+02
6.905822500000000446e+02
5.473683750000000146e+02
4.650879999999999654e+02
4.206923750000000268e+02
3.655528750000000286e+02
3.080097499999999968e+02
2.606861250000000041e+02
2.236811250000000086e+02
1.940307500000000118e+02
1.754187500000000171e+02
1.639422500000000014e+02
1.544219999999999970e+02
1.452489999999999952e+02
1.391959999999999695e+02
1.362822499999999764e+02
1.334201249999999845e+02
1.305158749999999941e+02
1.276126249999999942e+02
1.247291249999999820e+02
1.218282500000000255e+02
1.190747499999999945e+02
1.167852500000000049e+02
1.145042499999999990e+02
1.122423749999999956e+02
1.099676249999999840e+02
1.076937500000000085e+02
1.054133750000000020e+02
1.031777500000000032e+02
9.991096249999998236e+01
9.540375000000000227e+01
9.091525000000000034e+01
8.701550000000000296e+01
8.159356249999999022e+01
7.525180000000000291e+01
6.958270000000000266e+01
6.464332500000000437e+01
6.037634999999999508e+01
5.528511250000001098e+01
4.999433750000000032e+01
4.570807500000000090e+01
4.244104999999999706e+01
4.015635000000000332e+01
3.884250000000000114e+01
3.806187500000000057e+01
3.855033750000000481e+01
4.073911250000000450e+01
4.544961250000000064e+01
5.499212499999999437e+01
8.046495000000000175e+01
1.720928750000000207e+02
5.901000000000000227e+02
1.218206249999999955e+03
6.630963749999999663e+02
2.633837499999999636e+02
1.640000000000000000e+02
8.862721249999999884e+01
3.670666250000000730e+01
2.005369999999999919e+01
1.575616250000000029e+01
1.201758749999999942e+01
1.007695000000000007e+01
9.320141250000000710e+00
8.529432499999998640e+00
8.017838750000001014e+00
7.772765000000000590e+00
7.587688749999998983e+00
7.376308749999999748e+00
7.254068750000000065e+00
6.967033750000000580e+00
6.567348750000000734e+00
6.311698749999999691e+00
6.146824999999999761e+00
6.137638750000000698e+00
6.280312499999999964e+00
6.823870000000000324e+00
7.988132499999999858e+00
1.071658750000000104e+01
2.821989999999999910e+01
1.687078750000000127e+03
1.511191250000000252e+02
1.963560000000000016e+01
3.272483749999999958e+01
1.470132499999999936e+03
7.333648749999998984e+01
3.570042500000000274e+01
8.324422500000000014e+01
7.914863750000000309e+00
7.021666249999999998e+00
6.760297500000000070e+00
6.521761250000000842e+00
6.303316249999999954e+00
6.170966250000000208e+00
6.013370000000000104e+00
5.847282499999999494e+00
5.674991249999999710e+00
5.731947499999999529e+00
7.206507499999999844e+00
3.951960000000000406e+01
6.524416249999999806e+00
6.602868750000000375e+01
3.505018749999999841e+02
1.096269999999999989e+01
4.321282500000000226e+01
1.203529999999999973e+03
8.706411250000000734e+01
1.309128750000000174e+01
9.025938749999998123e+00
2.107694999999999936e+02
3.793947499999999451e+01
9.907937500000000952e+00
1.466797500000000127e+02
8.768695000000001016e+00
6.163456250000001191e+00
5.691654999999999909e+00
1.719729999999999848e+02
6.793495000000001482e+01
5.388707500000000294e+01
1.900701249999999902e+02
1.690183749999999918e+02
9.708089999999999975e+01
9.228975000000000364e+02
9.028459999999999752e+01
3.793314999999999770e+01
5.821213749999999720e+01
5.095570000000000164e+02
5.846375000000000455e+01
3.599288750000000192e+01
6.455304999999999893e+01
5.174459999999999837e+01
4.421429999999999438e+01
4.254177500000000123e+01
3.930760000000000076e+01
3.416526249999999720e+01
3.099778750000000116e+01
2.911095000000000255e+01
2.816861250000000183e+01
2.619706250000000125e+01
2.498428749999999710e+01
2.417706249999999812e+01
2.298827500000000157e+01
2.140280000000000271e+01
2.037124999999999986e+01
1.894353749999999792e+01
1.659146249999999867e+01
1.535961249999999900e+01
1.421687499999999993e+01
1.299966249999999945e+01
1.182008750000000141e+01
1.096705000000000041e+01
1.017967499999999959e+01
9.578956249999999173e+00
9.403077499999998423e+00
9.237821249999999651e+00
9.014548749999999444e+00
8.877782500000002130e+00
8.818607500000000599e+00
8.750722500000000181e+00
8.647870000000001056e+00
8.383773749999999580e+00
8.110963750000001582e+00
7.862809999999999633e+00
7.626791250000000133e+00
7.436483749999998949e+00
7.359561250000000499e+00
7.332447499999999785e+00
7.326452500000000256e+00
7.319151249999999997e+00
7.310327499999999645e+00
7.305828749999999872e+00
7.306029999999999802e+00
7.306159999999999322e+00
7.308122499999999633e+00
7.310176250000000486e+00
7.309135000000000382e+00
7.300614999999999633e+00
7.293373750000000655e+00
7.289707499999999563e+00
7.287188750000000326e+00
7.284282499999999771e+00
7.276950000000000252e+00
7.255433750000000792e+00
7.224945000000000839e+00
7.196857500000001906e+00
7.168630000000000280e+00
7.144441249999998966e+00
7.124851250000000746e+00
7.090622500000000272e+00
6.960873750000000193e+00
6.681775000000000020e+00
6.497177500000001160e+00
6.331736250000000510e+00
5.831678750000000910e+00
5.303289999999999615e+00
5.064892500000000020e+00
4.900277499999999620e+00
4.911833750000000443e+00
5.017652499999999627e+00
1.287965000000000027e+00
1.292857499999999993e+00
1.298341250000000002e+00
6.497899999999999787e-01
6.468000000000000416e-01
