9.540174999999999272e+02
1.307431249999999864e+03
1.036276250000000118e+03
9.611542499999999336e+02
9.234880000000000564e+02
8.960051250000000209e+02
8.714394999999999527e+02
8.549087499999999409e+02
8.459612500000000637e+02
8.420638750000000528e+02
8.433058749999999009e+02
8.557717500000001110e+02
8.780232500000000755e+02
9.684964999999998554e+02
1.021101250000000050e+03
1.021031250000000114e+03
9.715043749999998681e+02
8.805008750000000646e+02
7.704777500000000146e+02
6.608495000000000346e+02
5.614463750000001028e+02
4.764308750000000714e+02
3.638456249999999841e+02
2.548702499999999986e+02
1.878594999999999686e+02
1.445007499999999823e+02
1.152694999999999936e+02
9.463553749999999809e+01
7.958332500000000209e+01
6.823727500000001100e+01
5.948797499999999872e+01
5.259147500000000974e+01
4.703133749999999935e+01
4.247277499999999861e+01
3.720284999999999798e+01
3.178759999999999764e+01
2.775121249999999407e+01
2.464741249999999795e+01
2.274503749999999869e+01
2.166864999999999952e+01
2.026939999999999742e+01
1.871928750000000008e+01
1.737706250000000097e+01
1.625827500000000114e+01
1.530742500000000028e+01
1.467921250000000022e+01
1.428325000000000067e+01
1.393795000000000073e+01
1.360147500000000065e+01
1.337558749999999996e+01
1.326097500000000196e+01
1.314837499999999970e+01
1.303415000000000035e+01
1.291993750000000141e+01
1.280647499999999894e+01
1.269238750000000060e+01
1.258242500000000064e+01
1.248592499999999816e+01
1.238937499999999936e+01
1.229363749999999911e+01
1.219735000000000014e+01
1.210108750000000200e+01
1.200458749999999775e+01
1.190952500000000214e+01
1.176218750000000135e+01
1.155682499999999990e+01
1.135202500000000114e+01
1.116539999999999999e+01
1.089898749999999872e+01
1.057392499999999913e+01
1.027018750000000047e+01
9.989742500000000192e+00
9.733316249999999670e+00
9.406093750000000142e+00
9.026334999999999553e+00
8.677735000000000198e+00
8.361114999999999853e+00
8.081206250000001035e+00
7.858690000000001064e+00
7.587075000000000458e+00
7.264342500000000591e+00
6.971736250000000190e+00
6.671374999999999389e+00
6.315841250000000073e+00
5.800838749999999600e+00
5.048487500000000239e+00
5.344638749999999661e+00
1.119801250000000081e+01
1.334448749999999961e+01
1.143981250000000038e+01
1.045447500000000041e+01
9.365619999999999834e+00
8.077635000000000787e+00
7.329491249999999347e+00
6.988253750000000153e+00
6.545371249999999641e+00
6.227598750000000294e+00
6.067971250000000261e+00
5.863825000000000287e+00
5.710398750000000412e+00
5.627598750000000649e+00
5.557959999999999567e+00
5.471857499999999597e+00
5.418017500000001263e+00
5.269635000000000069e+00
5.013451249999999249e+00
4.766707499999999875e+00
4.429916249999999778e+00
4.120870000000000033e+00
3.857810000000000183e+00
3.433048750000000204e+00
2.995907499999999946e+00
2.524346250000000236e+00
2.233131249999999568e+00
2.233010000000000446e+02
3.020943749999999994e+01
6.045372500000000926e+00
3.558437500000000142e+00
1.649891250000000014e+02
1.697912499999999625e+01
8.649017499999999359e+00
9.792885000000000062e+00
6.977266249999999559e+00
6.394203749999999964e+00
6.188978750000000417e+00
5.981253750000000480e+00
5.778368750000000276e+00
5.640337499999999338e+00
5.467099999999999405e+00
5.252018749999999514e+00
4.928597500000000409e+00
4.622505000000000308e+00
4.219117500000000298e+00
4.763158750000000552e+00
3.908909999999999219e+00
6.413951249999999327e+00
3.602215000000000344e+01
4.472187500000000426e+00
6.153612499999999486e+00
2.554351249999999709e+02
3.020092499999999447e+01
9.180578750000000454e+00
6.888838750000000566e+00
4.778599999999999426e+01
1.916634999999999778e+01
8.101661249999999370e+00
3.172814999999999941e+01
7.393570000000000420e+00
5.650281249999999922e+00
4.314522499999999816e+00
2.651644999999999897e+01
1.073679999999999879e+01
1.372191250000000018e+01
7.533287500000000136e+01
5.649968750000000028e+01
1.785458750000000094e+01
5.469727500000000191e+02
3.596826249999999447e+01
1.480421250000000022e+01
2.295643750000000338e+01
2.539922500000000127e+02
4.201182499999999465e+01
2.031581249999999983e+01
3.127441250000000039e+01
2.665072500000000133e+01
2.461496250000000074e+01
2.408185000000000286e+01
2.305100000000000193e+01
2.137498750000000314e+01
2.017974999999999852e+01
1.942692499999999711e+01
1.902352499999999935e+01
1.817276250000000104e+01
1.762531249999999972e+01
1.725250000000000128e+01
1.667940000000000111e+01
1.588898750000000071e+01
1.535403749999999867e+01
1.455816249999999989e+01
1.320792499999999947e+01
1.245146249999999988e+01
1.171424999999999983e+01
1.089300000000000068e+01
1.006189999999999962e+01
9.442256249999999795e+00
8.858501249999999771e+00
8.409492499999998927e+00
8.277227500000000404e+00
8.128495000000000914e+00
7.801056250000000247e+00
7.543682500000000068e+00
7.445576250000000229e+00
7.347083749999999469e+00
7.206837499999999785e+00
6.854932500000001205e+00
6.512653750000000130e+00
6.234806250000000105e+00
5.949316250000000750e+00
5.674484999999998891e+00
5.502889999999999837e+00
5.404356249999999307e+00
5.370893750000000466e+00
5.301076249999999490e+00
5.218362499999999571e+00
5.084744999999999848e+00
4.968288750000000142e+00
4.907048749999999515e+00
4.814432499999999671e+00
4.761207500000000259e+00
4.688849999999999518e+00
4.535681249999999665e+00
4.445821249999999836e+00
4.407721250000000701e+00
4.381566249999999663e+00
4.357085000000000541e+00
4.314032499999999715e+00
4.243456250000000374e+00
4.171808750000000288e+00
4.117956249999999763e+00
4.073198749999999535e+00
4.038359999999999950e+00
4.011767499999999487e+00
3.968663749999999713e+00
3.831118749999999906e+00
3.570746250000000011e+00
3.414899999999999824e+00
3.278048749999999956e+00
2.862122499999999903e+00
2.410558749999999861e+00
2.200486249999999977e+00
2.198329999999999895e+00
2.579763750000000133e+00
2.822309999999999874e+00
7.399350000000000094e-01
7.428537499999999794e-01
7.467699999999999338e-01
3.706249999999999822e-01
3.668974999999999875e-01
