1.528331250000000000e+06
1.827245000000000000e+06
1.254185000000000000e+06
1.060818750000000000e+06
9.503215000000000000e+05
8.585216250000000000e+05
7.610397500000000000e+05
6.778122500000000000e+05
6.128130000000000000e+05
5.537121250000000000e+05
4.936277500000000000e+05
4.271518750000000000e+05
3.750431250000000000e+05
2.875478750000000000e+05
2.430106250000000000e+05
2.142498750000000000e+05
1.773023750000000000e+05
1.433645000000000000e+05
1.134342500000000000e+05
8.907663749999999709e+04
6.982387500000000000e+04
5.502555000000001019e+04
3.760340000000000146e+04
2.270290000000000146e+04
1.468818750000000182e+04
1.003868750000000000e+04
7.187228750000000218e+03
5.335784999999999854e+03
4.083445000000000164e+03
3.202738749999999527e+03
2.566185000000000400e+03
2.093535000000000309e+03
1.733062500000000227e+03
1.452952499999999873e+03
1.149375000000000000e+03
8.605804999999999154e+02
6.628310000000000173e+02
5.227210000000000036e+02
4.423428749999999354e+02
3.990238749999999754e+02
3.452836249999999723e+02
2.892902499999999577e+02
2.433092499999999632e+02
2.074226249999999823e+02
1.787233750000000043e+02
1.607396249999999895e+02
1.496592499999999859e+02
1.404840000000000089e+02
1.316477500000000020e+02
1.258202500000000015e+02
1.230212500000000091e+02
1.202715000000000032e+02
1.174816250000000082e+02
1.146924999999999955e+02
1.119224999999999852e+02
1.091360000000000241e+02
1.064924999999999926e+02
1.042996249999999918e+02
1.021148749999999978e+02
9.994873749999999291e+01
9.777039999999999509e+01
9.559256249999999966e+01
9.340902499999999975e+01
9.126831250000000750e+01
8.814879999999999427e+01
8.384690000000000509e+01
7.956322500000000275e+01
7.585008750000000077e+01
7.069461249999999097e+01
6.467785000000000650e+01
5.931253750000000480e+01
5.465358750000000043e+01
5.064301250000000465e+01
4.587903749999999548e+01
4.096801250000000039e+01
3.703032500000000482e+01
3.407995000000000374e+01
3.207515000000000072e+01
3.098378749999999826e+01
3.047479999999999833e+01
3.128596250000000012e+01
3.376738749999999811e+01
3.877823749999999592e+01
4.867628750000000082e+01
7.466408749999999372e+01
1.670443750000000023e+02
5.847554999999999836e+02
1.207007500000000164e+03
6.497520000000000664e+02
2.519438749999999629e+02
1.535453749999999786e+02
7.926158749999999031e+01
2.862903749999999903e+01
1.272421250000000015e+01
8.767905000000000726e+00
5.472204999999999764e+00
3.849347499999999922e+00
3.252170000000000005e+00
2.665608750000000082e+00
2.307440000000000158e+00
2.145167499999999894e+00
2.029726249999999954e+00
1.904451249999999707e+00
1.836052500000000087e+00
1.697397500000000115e+00
1.553898750000000106e+00
1.544988750000000133e+00
1.716908749999999984e+00
2.016771250000000126e+00
2.422503749999999734e+00
3.390822499999999629e+00
4.992223749999999960e+00
8.192252499999998605e+00
2.598677500000000151e+01
1.463776249999999891e+03
1.209096249999999770e+02
1.359023749999999886e+01
2.916638749999999902e+01
1.305143749999999955e+03
5.635737499999999756e+01
2.705143750000000225e+01
7.345133750000000816e+01
9.376000000000001000e-01
6.274642500000000567e-01
5.713196249999998866e-01
5.405078749999999710e-01
5.249464999999999826e-01
5.306299999999999351e-01
5.462713750000000035e-01
5.952616250000000164e-01
7.463943750000000543e-01
1.109442500000000109e+00
2.987390000000000434e+00
3.475645000000000095e+01
2.615503750000000238e+00
5.961473750000000393e+01
3.144800000000000182e+02
6.490521250000001352e+00
3.705922499999999786e+01
9.480967499999999291e+02
5.686318750000000932e+01
3.910705000000000098e+00
2.137101249999999730e+00
1.629836249999999893e+02
1.877309999999999945e+01
1.806276249999999806e+00
1.149518750000000011e+02
1.375124999999999931e+00
5.131782500000000580e-01
1.377132500000000093e+00
1.454562500000000114e+02
5.719816250000000224e+01
4.016514999999999702e+01
1.147372500000000031e+02
1.125183749999999918e+02
7.922620000000000573e+01
3.759246249999999350e+02
5.431632500000000618e+01
2.312893749999999926e+01
3.525568750000000051e+01
2.555648749999999723e+02
1.645192500000000280e+01
1.567708749999999895e+01
3.327861250000000126e+01
2.509390000000000143e+01
1.959933750000000074e+01
1.845995000000000275e+01
1.625661249999999924e+01
1.279026250000000076e+01
1.081803750000000086e+01
9.684010000000000673e+00
9.145108749999998565e+00
8.024293750000000003e+00
7.358948749999999706e+00
6.924562499999999510e+00
6.308878750000000757e+00
5.513825000000000642e+00
5.017201249999999391e+00
4.385365000000000180e+00
3.383548750000000549e+00
2.908128749999999929e+00
2.502639999999999976e+00
2.106662500000000104e+00
1.758192499999999825e+00
1.524781250000000199e+00
1.321178749999999846e+00
1.169462500000000293e+00
1.125851249999999970e+00
1.057372499999999826e+00
8.740801250000000966e-01
7.571557500000000163e-01
7.023550000000001736e-01
6.526867499999999822e-01
5.968194999999999473e-01
5.101862499999999523e-01
4.315622499999999806e-01
3.657172499999999937e-01
3.147671249999999810e-01
2.789912500000000239e-01
2.471288750000000256e-01
2.299163749999999784e-01
2.238448750000000265e-01
2.164506250000000076e-01
2.075184999999999946e-01
1.965491249999999912e-01
1.873132499999999867e-01
1.810891249999999897e-01
1.716207499999999886e-01
1.651350000000000040e-01
1.591723749999999771e-01
1.497954999999999981e-01
1.424338750000000153e-01
1.387039999999999940e-01
1.361437500000000078e-01
1.331872500000000070e-01
1.258617499999999945e-01
1.156577500000000036e-01
1.056202499999999850e-01
9.795274999999999122e-02
9.248091249999999819e-02
8.779133749999999681e-02
8.399399999999999922e-02
7.735806250000000495e-02
5.953277500000000305e-02
4.030821250000000272e-02
2.932997499999999771e-02
2.279616249999999802e-02
1.176329999999999910e-02
5.007992499999999042e-03
2.700926250000000063e-03
1.444007499999999927e-03
1.656144999999999926e-03
1.579429999999999723e-03
2.869249999999999947e-04
2.667862500000000073e-04
2.198106249999999941e-04
5.929362499999999933e-05
3.775600000000000240e-05
