9.295974999999998545e+00
1.209077500000000072e+01
9.130918750000001083e+00
8.236970000000001235e+00
7.762037499999999923e+00
7.391538750000000491e+00
7.029223750000000770e+00
6.744367500000000071e+00
6.543681250000000560e+00
6.376861249999999259e+00
6.222849999999999326e+00
6.074408750000000801e+00
5.971872499999999917e+00
5.837696249999999587e+00
5.790078750000001051e+00
5.772467500000000307e+00
5.757547500000000262e+00
5.748154999999999681e+00
5.741566249999999982e+00
5.736783749999999849e+00
5.733112499999999834e+00
5.730278750000000088e+00
5.726493750000000382e+00
5.722669999999999924e+00
5.720035000000000203e+00
5.718128750000000871e+00
5.716630000000000322e+00
5.715462500000000112e+00
5.714511249999999265e+00
5.713748749999999710e+00
5.713079999999998826e+00
5.712519999999998710e+00
5.712029999999999497e+00
5.711604999999999599e+00
5.711080000000000823e+00
5.710494999999999877e+00
5.710016249999999793e+00
5.709624999999999950e+00
5.709330000000000460e+00
5.709170000000000300e+00
5.708969999999999878e+00
5.708707500000000046e+00
5.708480000000000665e+00
5.708280000000001131e+00
5.708095000000000141e+00
5.707980000000000054e+00
5.707900000000001306e+00
5.707830000000000403e+00
5.707749999999998991e+00
5.707700000000000884e+00
5.707679999999999865e+00
5.707659999999998846e+00
5.707639999999998714e+00
5.707619999999999472e+00
5.707593749999999133e+00
5.707569999999998700e+00
5.707549999999999457e+00
5.707529999999999326e+00
5.707510000000000083e+00
5.707489999999999952e+00
5.707459999999999312e+00
5.707439999999999181e+00
5.707419999999999938e+00
5.707399999999999807e+00
5.707360000000000433e+00
5.707309999999999661e+00
5.707250000000001044e+00
5.707200000000000273e+00
5.707130000000000258e+00
5.707050000000000622e+00
5.706973749999999512e+00
5.706897500000000178e+00
5.706819999999999560e+00
5.706726250000000888e+00
5.706615000000000215e+00
5.706508750000000241e+00
5.706409999999999094e+00
5.706330000000000346e+00
5.706260000000000332e+00
5.706181250000000205e+00
5.706107499999999888e+00
5.706040000000000667e+00
5.705972499999999670e+00
5.705910000000001148e+00
5.705840000000001133e+00
5.705761249999998341e+00
5.705689999999998818e+00
5.705630000000000202e+00
5.705570000000000697e+00
5.705540000000000056e+00
5.705510000000000304e+00
5.705469999999999153e+00
5.705343749999999936e+00
5.705190000000000872e+00
5.705070000000000086e+00
5.704836249999999609e+00
5.704613750000000927e+00
5.704480000000000217e+00
5.704279999999998907e+00
5.704113750000001204e+00
5.704019999999999868e+00
5.703940000000001120e+00
5.703829999999999956e+00
5.703760000000000829e+00
5.703560000000001295e+00
5.703209999999999447e+00
5.702880000000000393e+00
5.702471249999999436e+00
5.702139999999999986e+00
5.701909999999998924e+00
5.701598750000000493e+00
5.701349999999998808e+00
5.701130000000000031e+00
5.700862499999999500e+00
5.700556249999999991e+00
5.700140000000000207e+00
5.699815000000000964e+00
5.699578749999999694e+00
5.699278750000000393e+00
5.698839999999998795e+00
5.698211250000000838e+00
5.697410000000000529e+00
5.696613750000000032e+00
5.696003750000000920e+00
5.695728749999999785e+00
5.695415000000001449e+00
5.695097499999999258e+00
5.694878749999999989e+00
5.694601250000000725e+00
5.694275000000001086e+00
5.693836249999999488e+00
5.693514999999999660e+00
5.693256250000000129e+00
5.692962500000000148e+00
5.692513749999998929e+00
5.692051250000000451e+00
5.691613749999999250e+00
5.691152500000001169e+00
5.690662500000000179e+00
5.690325000000000522e+00
5.689966249999999448e+00
5.689533749999999834e+00
5.689109999999999445e+00
5.688037500000000080e+00
5.686862500000000153e+00
5.685945000000000249e+00
5.684954999999999536e+00
5.683891249999999395e+00
5.682612500000000288e+00
5.681403750000000308e+00
5.680524999999999380e+00
5.679036250000000230e+00
5.676406249999999432e+00
5.673741249999999958e+00
5.671607500000000357e+00
5.670029999999999681e+00
5.669027500000000330e+00
5.660782500000000717e+00
5.652029999999999887e+00
5.650232500000000435e+00
5.649110000000000298e+00
5.649282499999999985e+00
5.710407499999999636e+00
7.360882500000001016e+01
5.737658749999999586e+00
5.549099999999999255e+00
5.533268750000000402e+00
5.505225000000000257e+00
5.457231250000000422e+00
5.406565000000001397e+00
5.368727499999999431e+00
5.342333749999999881e+00
5.283676250000000074e+00
5.236456249999999812e+00
5.199107499999999327e+00
5.123705000000000176e+00
5.014418750000000813e+00
3.076890000000000569e+01
2.387416249999999707e+01
6.652643749999999301e+00
8.722129999999999939e+00
5.305827500000000363e+00
1.024611625000000004e+01
6.655988749999999676e+00
1.915843749999999801e+01
8.794033749999998761e+00
5.409494999999999720e+00
4.978116250000000242e+00
1.229681250000000148e+01
5.551677500000000265e+00
4.101291250000000055e+00
1.216371250000000082e+01
8.686538750000000420e+00
1.439206249999999976e+01
9.185291249999998797e+00
9.253325000000000244e+00
9.356477500000000447e+00
9.274470000000000880e+00
9.097168749999999804e+00
8.933533750000000495e+00
8.812720000000000553e+00
8.750041249999998882e+00
8.673706250000000395e+00
8.581494999999998541e+00
8.420611249999998549e+00
8.255114999999999981e+00
8.143582499999999058e+00
7.919231250000000166e+00
7.743446249999999864e+00
7.565656249999999972e+00
7.249762500000000109e+00
7.022603750000000034e+00
6.913917499999999272e+00
6.839307500000000317e+00
6.753117499999999218e+00
6.539478749999999785e+00
6.245874999999999844e+00
5.960364999999999469e+00
5.732431250000000311e+00
5.583381250000001295e+00
5.474668749999999307e+00
5.386646250000000080e+00
5.232817499999999455e+00
4.792516250000000255e+00
3.587794999999999845e+00
3.079009999999999803e+00
2.815047499999999925e+00
2.380617500000000053e+00
2.166547500000000070e+00
2.228075000000000028e+00
2.378670000000000062e+00
2.460193749999999735e+00
2.393257499999999816e+00
5.440750000000000863e-01
5.283237499999999809e-01
5.031287500000000135e-01
2.250787499999999941e-01
2.076324999999999976e-01
