9.475374999999999659e+00
1.230442500000000194e+01
9.276857500000000201e+00
8.359906249999999872e+00
7.871791250000000240e+00
7.490276249999999081e+00
7.116242500000000248e+00
6.821270000000001055e+00
6.612672500000000397e+00
6.438539999999999708e+00
6.277004999999999946e+00
6.120078750000000234e+00
6.010704999999999742e+00
5.864863749999999598e+00
5.811963750000000317e+00
5.791927499999999895e+00
5.774708750000000279e+00
5.763685000000000613e+00
5.755846249999999387e+00
5.750082499999999541e+00
5.745606249999999804e+00
5.742111250000000666e+00
5.737378750000000416e+00
5.732511249999999947e+00
5.729090000000000238e+00
5.726567499999999811e+00
5.724556250000000901e+00
5.722958750000000094e+00
5.721648750000000838e+00
5.720573750000000679e+00
5.719626250000001022e+00
5.718823749999999428e+00
5.718116250000000456e+00
5.717487499999999834e+00
5.716713749999999372e+00
5.715830000000000410e+00
5.715099999999999625e+00
5.714492499999999531e+00
5.714034999999999975e+00
5.713779999999999859e+00
5.713461249999999936e+00
5.713043749999999754e+00
5.712671250000000533e+00
5.712352500000000610e+00
5.712047499999998834e+00
5.711849999999999206e+00
5.711723749999999100e+00
5.711599999999998900e+00
5.711480000000000778e+00
5.711399999999999366e+00
5.711359999999999992e+00
5.711319999999999730e+00
5.711287499999999184e+00
5.711249999999999716e+00
5.711210000000000342e+00
5.711170000000000968e+00
5.711140000000000327e+00
5.711100000000000954e+00
5.711059999999999803e+00
5.711030000000000051e+00
5.710990000000000677e+00
5.710950000000000415e+00
5.710920000000000663e+00
5.710880000000001289e+00
5.710816249999999705e+00
5.710720000000001129e+00
5.710630000000000983e+00
5.710540000000000838e+00
5.710428750000000164e+00
5.710293749999999946e+00
5.710160000000001013e+00
5.710027500000000700e+00
5.709890000000000576e+00
5.709736249999998847e+00
5.709550000000000125e+00
5.709361250000000609e+00
5.709200000000000941e+00
5.709060000000000024e+00
5.708939999999999237e+00
5.708818750000000719e+00
5.708689999999998932e+00
5.708577499999999638e+00
5.708469999999999267e+00
5.708370000000001276e+00
5.708249999999999602e+00
5.708126249999999402e+00
5.708008750000001186e+00
5.707907499999999246e+00
5.707819999999999006e+00
5.707760000000000389e+00
5.707727499999999843e+00
5.707659999999998846e+00
5.707466249999999519e+00
5.707230000000000913e+00
5.707054999999999545e+00
5.706717499999999887e+00
5.706409999999999094e+00
5.706229999999998803e+00
5.705969999999999764e+00
5.705750000000000988e+00
5.705630000000000202e+00
5.705521250000000322e+00
5.705390000000000406e+00
5.705309999999998993e+00
5.705064999999999387e+00
5.704649999999999999e+00
5.704270000000000174e+00
5.703809999999998936e+00
5.703445000000000320e+00
5.703184999999999505e+00
5.702851249999998373e+00
5.702579999999999316e+00
5.702346250000000616e+00
5.702066249999999670e+00
5.701740000000000030e+00
5.701308750000000813e+00
5.700966249999999569e+00
5.700723749999999868e+00
5.700414999999999566e+00
5.699970000000000425e+00
5.699331249999999294e+00
5.698514999999999553e+00
5.697712500000000624e+00
5.697099999999999831e+00
5.696822499999999678e+00
5.696513750000001153e+00
5.696197499999999359e+00
5.695978750000000090e+00
5.695702500000001223e+00
5.695378749999999712e+00
5.694942499999999797e+00
5.694626250000000667e+00
5.694370000000000154e+00
5.694081249999999983e+00
5.693637500000000351e+00
5.693181249999999416e+00
5.692751250000000596e+00
5.692298749999999963e+00
5.691816249999999577e+00
5.691487500000000033e+00
5.691129999999999356e+00
5.690712500000000951e+00
5.690300000000000580e+00
5.689257499999999190e+00
5.688114999999999810e+00
5.687223749999999356e+00
5.686270000000000380e+00
5.685244999999999216e+00
5.684013750000000087e+00
5.682859999999999800e+00
5.682024999999999437e+00
5.680610000000000603e+00
5.678136249999999663e+00
5.675652499999999989e+00
5.673691250000000075e+00
5.672260000000000524e+00
5.671362499999999862e+00
5.664592499999999475e+00
5.658861250000000176e+00
5.658822499999999422e+00
5.659538749999999396e+00
5.665668749999999143e+00
5.809112499999999457e+00
1.447905000000000086e+02
5.881584999999999397e+00
5.550834999999999297e+00
5.534492499999998927e+00
5.542843749999999403e+00
5.457685000000000564e+00
5.406864999999999810e+00
5.368967500000000115e+00
5.342551249999999641e+00
5.283867499999999495e+00
5.236645000000000216e+00
5.199307499999999749e+00
5.123958749999999895e+00
5.015458749999999633e+00
3.108011250000000203e+01
2.405947499999999906e+01
6.655855000000000743e+00
8.739905000000002033e+00
5.305937499999999751e+00
1.029315625000000090e+01
6.667986250000000226e+00
1.916133750000000191e+01
8.800211250000000263e+00
5.409536249999999491e+00
4.978217499999999518e+00
1.230252500000000104e+01
5.552707500000000351e+00
4.109317499999999512e+00
1.216581250000000125e+01
8.696141250000000156e+00
1.439494999999999969e+01
9.192524999999999835e+00
9.260473750000000948e+00
9.363550000000000040e+00
9.281202499999999134e+00
9.103272499999999212e+00
8.939275000000000304e+00
8.818245000000000999e+00
8.755471250000001149e+00
8.679023749999998927e+00
8.586683749999998838e+00
8.425740000000001118e+00
8.260248750000000584e+00
8.148716250000001438e+00
7.924367499999999787e+00
7.748586249999999787e+00
7.570800000000000196e+00
7.254912499999999653e+00
7.027768749999999010e+00
6.919095000000000439e+00
6.844490000000000407e+00
6.758348750000001459e+00
6.544950000000000045e+00
6.251812500000000661e+00
5.966871250000000515e+00
5.739396249999998645e+00
5.590738749999999868e+00
5.482389999999999652e+00
5.394666250000000218e+00
5.241361249999999750e+00
4.910012499999999669e+00
4.539102500000000262e+00
4.372853749999999984e+00
4.267831249999999521e+00
4.034648749999999673e+00
3.913288749999999538e+00
3.976799999999999891e+00
4.146626249999999736e+00
4.201698750000000260e+00
4.100628750000000267e+00
9.740362499999999368e-01
9.610037500000000454e-01
9.401637499999999648e-01
4.474237500000000090e-01
4.316987500000000200e-01
