1.794078749999999944e-01
2.136273749999999805e-01
1.459350000000000092e-01
1.229346250000000057e-01
1.097558750000000027e-01
9.873552500000000454e-02
8.701681249999998480e-02
7.690336249999998874e-02
6.899117500000000180e-02
6.167973749999999811e-02
5.415483749999999707e-02
4.567008750000000478e-02
3.883218749999999692e-02
2.716381249999999872e-02
2.188418749999999913e-02
1.945940000000000170e-02
1.715766250000000034e-02
1.553137500000000004e-02
1.427957499999999921e-02
1.329776249999999917e-02
1.249331249999999921e-02
1.183108750000000202e-02
1.088464999999999919e-02
9.841318749999999546e-03
9.054868749999998509e-03
8.439432499999999920e-03
7.924188750000000017e-03
7.496311249999999295e-03
7.132883750000000057e-03
6.824793749999999611e-03
6.546138749999999562e-03
6.302416249999999789e-03
6.082396250000000198e-03
5.883444999999999300e-03
5.631781250000000502e-03
5.336052499999999719e-03
5.083899999999999704e-03
4.867776249999999742e-03
4.704572500000000351e-03
4.611407500000001131e-03
4.493463750000000964e-03
4.336527500000000347e-03
4.194916249999999791e-03
4.071453749999999656e-03
3.951124999999999776e-03
3.873003749999999468e-03
3.823063749999999848e-03
3.773587499999999859e-03
3.724097500000000168e-03
3.691723750000000092e-03
3.676592499999999965e-03
3.661727499999999774e-03
3.646643749999999799e-03
3.631567500000000212e-03
3.616591249999999598e-03
3.601526249999999728e-03
3.586457500000000097e-03
3.571529999999999844e-03
3.556460000000000003e-03
3.541517499999999839e-03
3.526488749999999971e-03
3.511468749999999833e-03
3.496402500000000621e-03
3.481412499999999872e-03
3.455032499999999979e-03
3.417558749999999833e-03
3.380048750000000119e-03
3.342409999999999652e-03
3.295968750000000287e-03
3.241352500000000032e-03
3.186337500000000194e-03
3.130716249999999402e-03
3.075593749999999769e-03
3.009913749999999517e-03
2.932672500000000054e-03
2.855215000000000357e-03
2.788805000000000103e-03
2.730449999999999718e-03
2.681883749999999962e-03
2.633216250000000157e-03
2.582393750000000140e-03
2.538422499999999984e-03
2.497526250000000215e-03
2.455978750000000193e-03
2.409901250000000186e-03
2.361347499999999922e-03
2.314758749999999698e-03
2.277416249999999857e-03
2.245982499999999837e-03
2.225808750000000166e-03
2.213162500000000026e-03
2.189881250000000161e-03
2.120646249999999771e-03
2.039406249999999986e-03
1.984297500000000054e-03
1.880572500000000230e-03
1.793253749999999900e-03
1.747863749999999713e-03
1.686618749999999793e-03
1.634629999999999981e-03
1.608511250000000054e-03
1.588976250000000059e-03
1.563826250000000017e-03
1.547532500000000071e-03
1.504099999999999968e-03
1.439516249999999928e-03
1.388053750000000025e-03
1.337710000000000201e-03
1.302167500000000078e-03
1.277651249999999959e-03
1.252721249999999911e-03
1.234301250000000016e-03
1.218168749999999981e-03
1.202538749999999997e-03
1.186613750000000030e-03
1.166948749999999939e-03
1.154660000000000061e-03
1.146177500000000130e-03
1.137811249999999942e-03
1.130396250000000177e-03
1.119717500000000062e-03
1.106113749999999970e-03
1.098011249999999951e-03
1.096207500000000038e-03
1.095902500000000114e-03
1.096978750000000011e-03
1.098076249999999782e-03
1.098837500000000248e-03
1.100124999999999974e-03
1.103451249999999953e-03
1.108177500000000074e-03
1.111622499999999998e-03
1.114414999999999894e-03
1.117560000000000081e-03
1.122376249999999884e-03
1.129033750000000029e-03
1.137082499999999934e-03
1.145601249999999866e-03
1.154666250000000024e-03
1.160884999999999955e-03
1.167877500000000061e-03
1.178941250000000059e-03
1.190373750000000034e-03
1.219462499999999887e-03
1.251229999999999877e-03
1.278481249999999800e-03
1.314531250000000161e-03
1.354203750000000043e-03
1.402367500000000020e-03
1.457028750000000225e-03
1.499725000000000147e-03
1.573267500000000325e-03
1.727950000000000015e-03
1.912371250000000251e-03
2.082894999999999972e-03
2.232678749999999698e-03
2.333508750000000236e-03
3.810802499999999590e-03
6.831338750000000640e-03
8.589452499999998894e-03
1.043061250000000030e-02
1.638765000000000013e-02
9.870674999999999588e-02
7.118155000000000143e+01
1.439255000000000395e-01
1.736912500000000132e-03
1.223224999999999877e-03
3.762018749999999911e-02
4.532748750000000111e-04
2.991038749999999722e-04
2.397306249999999795e-04
2.182056249999999849e-04
1.926302500000000079e-04
1.888661250000000331e-04
1.998612499999999933e-04
2.524316250000000058e-04
1.039946250000000011e-03
3.112093749999999548e-01
1.852858750000000165e-01
3.213002499999999696e-03
1.777402499999999885e-02
1.115533749999999999e-04
4.704343750000000018e-02
1.199712500000000084e-02
2.892142500000000060e-03
6.176696250000000485e-03
4.146212500000000581e-05
1.011558499999999948e-04
5.707032500000000508e-03
1.031889124999999961e-03
8.026632500000000295e-03
2.123874999999999895e-03
9.605921249999999773e-03
2.871002499999999839e-03
7.235135000000001045e-03
7.145543750000000333e-03
7.073140000000000330e-03
6.732843750000000113e-03
6.104353750000001202e-03
5.744304999999999897e-03
5.524597499999999752e-03
5.427710000000000520e-03
5.314170000000000005e-03
5.190727499999999751e-03
5.128635000000001179e-03
5.131741249999999428e-03
5.133718750000000261e-03
5.137440000000000062e-03
5.140201250000000360e-03
5.143396249999999600e-03
5.150727499999999646e-03
5.165642499999999540e-03
5.175346250000000675e-03
5.181822499999999727e-03
5.229334999999999886e-03
5.470763750000000487e-03
5.936776249999999380e-03
6.506316250000000571e-03
6.962915000000000076e-03
7.358632500000000971e-03
7.722122499999999404e-03
8.019071250000000747e-03
8.543311249999999482e-03
9.911162500000000875e-03
6.566358750000000043e-03
5.256457500000000574e-03
5.604578750000000290e-03
3.947351249999999853e-03
1.838516249999999977e-03
1.049362500000000035e-03
3.344859999999999956e-04
1.393888750000000013e-04
4.786528749999999569e-04
2.480053750000000006e-04
2.494033750000000031e-04
2.407377499999999941e-04
1.119856250000000024e-04
1.098599999999999951e-04
