4.715909999999999854e+03
5.615202500000000327e+03
3.835754999999999654e+03
3.231131249999999909e+03
2.884693750000000364e+03
2.594994999999999891e+03
2.286943749999999909e+03
2.021090000000000146e+03
1.813101249999999709e+03
1.620894999999999982e+03
1.423071249999999964e+03
1.200035000000000082e+03
1.020328750000000014e+03
7.135593750000000455e+02
5.746396249999999100e+02
5.106508749999999850e+02
4.499807500000000005e+02
4.081731250000000273e+02
3.904141250000000127e+02
3.926122499999999604e+02
3.809328749999999673e+02
3.618399999999999750e+02
3.328966249999999718e+02
3.008719999999999573e+02
2.766954999999999814e+02
2.578068749999999909e+02
2.419732500000000073e+02
2.287966250000000059e+02
2.175800000000000125e+02
2.078511249999999961e+02
1.993677499999999725e+02
1.918588749999999834e+02
1.853086250000000064e+02
1.792395000000000209e+02
1.712837499999999977e+02
1.619172500000000241e+02
1.539617500000000234e+02
1.470361249999999984e+02
1.423611249999999870e+02
1.395442500000000052e+02
1.356292500000000132e+02
1.308788749999999936e+02
1.265682500000000061e+02
1.227579999999999956e+02
1.192116249999999980e+02
1.166620000000000061e+02
1.151506249999999909e+02
1.136533749999999969e+02
1.121553750000000207e+02
1.111617500000000121e+02
1.106754999999999995e+02
1.101979999999999933e+02
1.097132500000000022e+02
1.092289999999999850e+02
1.087476250000000135e+02
1.082637500000000017e+02
1.077794999999999987e+02
1.072998750000000001e+02
1.068156249999999972e+02
1.063353750000000133e+02
1.058528749999999974e+02
1.053702499999999986e+02
1.048861249999999927e+02
1.044044999999999987e+02
1.035570000000000164e+02
1.023528749999999974e+02
1.012787500000000023e+02
1.003349999999999937e+02
9.891977500000000134e+01
9.705366250000000150e+01
9.517380000000001417e+01
9.345504999999999995e+01
9.193761250000000018e+01
8.983259999999999934e+01
8.728116250000000775e+01
8.499821250000000816e+01
8.281316250000000423e+01
8.098367500000000518e+01
7.947722500000000423e+01
7.777286250000000223e+01
7.585063750000000482e+01
7.431418750000000273e+01
7.296419999999999106e+01
7.164493749999999750e+01
7.029906250000000512e+01
6.892406250000000512e+01
6.770101250000000448e+01
6.646487500000000637e+01
6.533216249999999548e+01
6.460928750000000775e+01
6.419863750000000380e+01
6.349087500000000261e+01
6.138622500000000315e+01
5.880960000000001031e+01
5.690027500000000060e+01
5.352926250000000152e+01
5.063291250000000332e+01
4.903434999999999633e+01
4.683653750000000571e+01
4.517272499999999980e+01
4.428334999999999866e+01
4.352346249999999372e+01
4.260768750000001148e+01
4.203813749999999771e+01
4.054076249999999959e+01
3.820592500000000058e+01
3.626093749999999716e+01
3.423107500000000414e+01
3.270437499999999886e+01
3.175183750000000060e+01
3.061475000000000080e+01
2.972453750000000383e+01
2.906321250000000234e+01
2.827300000000000324e+01
2.743018750000000239e+01
2.641340000000000288e+01
2.567773749999999922e+01
2.518135000000000190e+01
2.458038750000000050e+01
2.378400000000000247e+01
2.276473750000000251e+01
2.162703750000000014e+01
2.064341249999999661e+01
1.998457499999999953e+01
1.971756249999999966e+01
1.941651249999999962e+01
1.911025000000000063e+01
1.889714999999999989e+01
1.863848750000000010e+01
1.837774999999999892e+01
1.803307500000000019e+01
1.778194999999999837e+01
1.757821250000000290e+01
1.736366250000000022e+01
1.707048749999999870e+01
1.676847499999999869e+01
1.648339999999999606e+01
1.621502500000000424e+01
1.594346249999999898e+01
1.575721249999999962e+01
1.556106250000000024e+01
1.534861250000000155e+01
1.514567500000000067e+01
1.465601249999999922e+01
1.416387500000000088e+01
1.381996249999999904e+01
1.346508749999999743e+01
1.311561249999999923e+01
1.272665000000000113e+01
1.238667500000000032e+01
1.215503750000000061e+01
1.179917499999999997e+01
1.121659999999999968e+01
1.070887500000000081e+01
1.034469999999999956e+01
1.007081250000000061e+01
9.904360000000000497e+00
8.847927500000000833e+00
7.848606249999998674e+00
7.623123749999999532e+00
7.455903750000000052e+00
7.178843750000000412e+00
6.632187500000000568e+00
6.231916249999999380e+00
5.278982499999999689e+00
4.289038750000000455e+00
4.052970000000000184e+00
3.707082499999999836e+00
3.245047499999999641e+00
2.897764999999999702e+00
2.690018750000000125e+00
2.570588749999999756e+00
2.357285000000000075e+00
2.219841249999999988e+00
2.134619999999999962e+00
1.996813749999999832e+00
1.824818749999999934e+00
1.709563750000000049e+00
1.531536250000000043e+00
1.301460000000000061e+00
1.180494999999999850e+00
1.043179999999999996e+00
9.000325000000000131e-01
8.656323750000000095e-01
8.111735000000001028e-01
7.633331250000000567e-01
7.326796250000000565e-01
7.239042500000000269e-01
7.143311250000000667e-01
6.996897499999999992e-01
6.915786250000000024e-01
6.874014999999999986e-01
6.829906249999999623e-01
6.783336249999999401e-01
6.725590000000000179e-01
6.734014999999999862e-01
6.831408750000000918e-01
7.064556250000000315e-01
7.537582499999999630e-01
7.958651249999999511e-01
8.223512500000000891e-01
8.301264999999999894e-01
8.386428750000000099e-01
8.475512500000000893e-01
8.455481249999999838e-01
8.364279999999999493e-01
8.306626249999999878e-01
8.018677499999999903e-01
7.755454999999999988e-01
7.443313750000000173e-01
6.803968750000000121e-01
6.394462499999998828e-01
6.206348749999999193e-01
6.077208750000000492e-01
5.948241250000000369e-01
5.689675000000000704e-01
5.199987500000000651e-01
4.667267500000000235e-01
4.270692500000000114e-01
3.938712500000000061e-01
3.687145000000000006e-01
3.498585000000000167e-01
3.168575000000000141e-01
2.348636249999999925e-01
1.258346249999999777e-01
7.178251250000000638e-02
4.416534999999999905e-02
1.290457500000000146e-02
2.900375000000000175e-03
1.121449999999999747e-03
5.737616250000000210e-05
1.788639999999999954e-06
4.003252499999999603e-07
5.131150000000000257e-08
4.455062500000000258e-08
3.978162500000000137e-08
1.674625000000000015e-08
1.503400000000000082e-08
