1.809723749999999927e+04
2.154604999999999927e+04
1.471658749999999964e+04
1.239606250000000182e+04
1.106646249999999964e+04
9.954645000000000437e+03
8.772427499999999782e+03
7.752198749999999563e+03
6.954058749999999236e+03
6.216528749999999491e+03
5.457476249999999709e+03
4.601741250000000036e+03
3.912313749999999800e+03
2.735567500000000109e+03
2.202803750000000036e+03
1.957497499999999945e+03
1.724943750000000136e+03
1.565912499999999909e+03
1.512116250000000036e+03
1.546888750000000073e+03
1.510712499999999636e+03
1.435726250000000164e+03
1.320880000000000109e+03
1.193582500000000209e+03
1.097501250000000027e+03
1.022444999999999936e+03
9.595362499999999955e+02
9.071960000000000264e+02
8.626712499999999864e+02
8.240858749999999873e+02
7.904487500000000182e+02
7.606751249999999800e+02
7.346978750000000673e+02
7.106238749999999982e+02
6.790721250000000282e+02
6.419323749999999791e+02
6.103838749999999891e+02
5.829134999999999991e+02
5.643694999999999027e+02
5.532006249999999454e+02
5.376791250000001128e+02
5.188451250000000528e+02
5.017524999999999977e+02
4.866390000000000100e+02
4.725673749999999700e+02
4.624512500000000159e+02
4.564566250000000309e+02
4.505178750000000036e+02
4.445769999999999982e+02
4.406328749999999559e+02
4.386977499999999850e+02
4.367971250000000509e+02
4.348682499999999891e+02
4.329400000000000546e+02
4.310251249999999459e+02
4.290987500000001091e+02
4.271717499999999745e+02
4.252629999999999768e+02
4.233356249999999932e+02
4.214250000000000114e+02
4.195033750000000055e+02
4.175823749999999563e+02
4.156563750000000255e+02
4.137391250000000014e+02
4.103658749999999600e+02
4.055740000000000123e+02
4.012987499999999841e+02
3.975403749999999832e+02
3.919057500000000118e+02
3.844757500000000050e+02
3.769908750000000168e+02
3.701502500000000282e+02
3.641131249999999682e+02
3.557384999999999309e+02
3.455888750000000300e+02
3.365093750000000341e+02
3.278191249999999854e+02
3.205443750000000023e+02
3.145541249999999991e+02
3.077743750000000205e+02
3.001262500000000273e+02
2.940166249999999764e+02
2.886506249999999909e+02
2.834072499999999764e+02
2.780593750000000455e+02
2.725958749999999782e+02
2.677355000000000018e+02
2.628233749999999986e+02
2.583227499999999850e+02
2.554507499999999993e+02
2.538185000000000002e+02
2.510061250000000257e+02
2.426422499999999900e+02
2.324058750000000089e+02
2.248241250000000093e+02
2.114404999999999859e+02
1.999393749999999841e+02
1.935929999999999893e+02
1.848764999999999930e+02
1.782826250000000243e+02
1.747553750000000150e+02
1.717416249999999991e+02
1.681098749999999882e+02
1.658524999999999920e+02
1.599209999999999923e+02
1.506663750000000164e+02
1.429601250000000050e+02
1.350264999999999986e+02
1.291208749999999839e+02
1.254342500000000058e+02
1.210322500000000048e+02
1.175852500000000020e+02
1.150217499999999973e+02
1.119579999999999984e+02
1.086873749999999887e+02
1.047376250000000084e+02
1.018782500000000084e+02
9.994851250000000675e+01
9.761111249999999018e+01
9.451151249999999493e+01
9.054058750000001510e+01
8.610062499999999375e+01
8.226194999999999879e+01
7.968969999999998777e+01
7.864562499999999545e+01
7.746835000000001514e+01
7.627073749999999563e+01
7.543748750000000314e+01
7.442568749999999511e+01
7.340405000000001223e+01
7.205328750000001037e+01
7.106908749999999486e+01
7.027073749999999563e+01
6.942981250000001125e+01
6.828088749999999152e+01
6.709720000000000084e+01
6.597979999999999734e+01
6.492690000000000339e+01
6.386102499999999793e+01
6.312996249999999776e+01
6.236002499999999316e+01
6.152587499999999920e+01
6.072892500000000382e+01
5.880511249999999279e+01
5.687007499999999283e+01
5.551639999999999731e+01
5.411921249999999617e+01
5.274242499999999723e+01
5.120864999999999867e+01
4.986818749999999056e+01
4.895441249999999656e+01
4.754798749999999785e+01
4.524490000000000123e+01
4.324634999999999962e+01
4.182327499999999532e+01
4.075310000000000343e+01
4.010233750000000441e+01
3.595713749999999465e+01
3.202811249999999887e+01
3.113860000000000028e+01
3.047860000000000014e+01
2.938419999999999632e+01
2.722115000000000151e+01
2.563494999999999635e+01
2.184393750000000267e+01
1.789313750000000169e+01
1.694788750000000022e+01
1.556136249999999954e+01
1.369316250000000146e+01
1.223918749999999989e+01
1.137141250000000170e+01
1.087411249999999896e+01
9.989924999999999500e+00
9.421983750000000768e+00
9.071350000000000691e+00
8.506496250000001424e+00
7.807450000000000223e+00
7.342656249999999218e+00
6.601608749999999581e+00
5.627180000000000071e+00
5.110786249999999420e+00
4.650290000000000035e+00
4.177286249999999868e+00
3.750696250000000287e+00
3.459442499999999754e+00
3.235645000000000326e+00
3.085742500000000277e+00
3.045246250000000376e+00
3.005403750000000151e+00
2.940856250000000394e+00
2.903778749999999409e+00
2.886572499999999764e+00
2.869565000000000143e+00
2.845566250000000075e+00
2.789079999999999782e+00
2.738830000000000098e+00
2.668392499999999945e+00
2.534591250000000073e+00
2.356805000000000039e+00
2.192934999999999857e+00
2.084647499999999987e+00
2.038930000000000131e+00
1.987179999999999946e+00
1.927947500000000147e+00
1.855959999999999832e+00
1.798798750000000002e+00
1.764943750000000033e+00
1.709653749999999972e+00
1.676918749999999791e+00
1.657068750000000090e+00
1.645205000000000028e+00
1.626976250000000013e+00
1.612777499999999975e+00
1.603033750000000035e+00
1.588088750000000049e+00
1.539892500000000108e+00
1.497527499999999900e+00
1.477366250000000214e+00
1.470321250000000024e+00
1.478165000000000173e+00
1.484613749999999843e+00
1.489710000000000090e+00
1.503690000000000193e+00
1.552322499999999827e+00
1.641401250000000145e+00
1.702077499999999910e+00
1.743512500000000021e+00
1.796726250000000080e+00
1.756522499999999987e+00
1.707589999999999941e+00
1.906017499999999920e+00
2.306118750000000439e+00
2.501430000000000042e+00
6.144287500000000790e-01
6.067324999999998969e-01
5.972037500000000332e-01
2.903525000000000134e-01
2.863662499999999889e-01
