1.229433749999999925e+01
1.773872500000000230e+01
1.459571249999999942e+01
1.374802499999999839e+01
1.332011250000000047e+01
1.299786249999999832e+01
1.269211249999999858e+01
1.245716250000000258e+01
1.229422500000000085e+01
1.215987500000000132e+01
1.203629999999999889e+01
1.191742500000000149e+01
1.183534999999999826e+01
1.172797499999999893e+01
1.168983750000000121e+01
1.167572499999999991e+01
1.166379999999999839e+01
1.165626250000000041e+01
1.165099999999999802e+01
1.164719999999999978e+01
1.164429999999999943e+01
1.164199999999999768e+01
1.163899999999999757e+01
1.163589999999999947e+01
1.163380000000000081e+01
1.163230000000000075e+01
1.163110000000000177e+01
1.163020000000000032e+01
1.162940000000000218e+01
1.162880000000000003e+01
1.162829999999999764e+01
1.162780000000000058e+01
1.162749999999999950e+01
1.162710000000000043e+01
1.162669999999999959e+01
1.162619999999999898e+01
1.162589999999999968e+01
1.162550000000000061e+01
1.162529999999999752e+01
1.162519999999999953e+01
1.162510000000000154e+01
1.162489999999999846e+01
1.162470000000000248e+01
1.162459999999999916e+01
1.162439999999999785e+01
1.162430000000000163e+01
1.162430000000000163e+01
1.162420000000000009e+01
1.162420000000000009e+01
1.162410000000000032e+01
1.162399999999999878e+01
1.162399999999999878e+01
1.162390000000000256e+01
1.162390000000000256e+01
1.162380000000000102e+01
1.162380000000000102e+01
1.162369999999999948e+01
1.162369999999999948e+01
1.162359999999999793e+01
1.162359999999999793e+01
1.162349999999999994e+01
1.162340000000000195e+01
1.162340000000000195e+01
1.162330000000000041e+01
1.162319999999999887e+01
1.162310000000000088e+01
1.162300000000000111e+01
1.162289999999999957e+01
1.162269999999999825e+01
1.162250000000000050e+01
1.162219999999999942e+01
1.162199999999999989e+01
1.162180000000000035e+01
1.162160000000000082e+01
1.162130000000000152e+01
1.162099999999999866e+01
1.162069999999999936e+01
1.162040000000000184e+01
1.162019999999999875e+01
1.162000000000000099e+01
1.161969999999999814e+01
1.161950000000000038e+01
1.161929999999999907e+01
1.161910000000000132e+01
1.161889999999999823e+01
1.161870000000000225e+01
1.161849999999999916e+01
1.161830000000000140e+01
1.161810000000000009e+01
1.161799999999999855e+01
1.161799999999999855e+01
1.161780000000000079e+01
1.161749999999999972e+01
1.161710000000000065e+01
1.161674999999999969e+01
1.161612500000000203e+01
1.161560000000000059e+01
1.161530000000000129e+01
1.161480000000000068e+01
1.161449999999999960e+01
1.161430000000000007e+01
1.161411250000000095e+01
1.161389999999999922e+01
1.161379999999999946e+01
1.161350000000000016e+01
1.161289999999999800e+01
1.161239999999999739e+01
1.161090000000000089e+01
1.160927500000000023e+01
1.160819999999999830e+01
1.160679999999999978e+01
1.160570000000000057e+01
1.160490000000000066e+01
1.160389999999999766e+01
1.160280000000000022e+01
1.160139999999999993e+01
1.160033750000000197e+01
1.159959999999999880e+01
1.159869999999999735e+01
1.159749999999999837e+01
1.159590000000000032e+01
1.159399999999999764e+01
1.159229999999999805e+01
1.159109999999999907e+01
1.159059999999999846e+01
1.159002500000000246e+01
1.158949999999999925e+01
1.158908750000000154e+01
1.158859999999999957e+01
1.158799999999999741e+01
1.158730000000000082e+01
1.158679999999999843e+01
1.158639999999999937e+01
1.158598749999999988e+01
1.158530000000000193e+01
1.158469999999999978e+01
1.158403750000000088e+01
1.158343749999999872e+01
1.158280000000000243e+01
1.158239999999999981e+01
1.158191250000000139e+01
1.158140000000000036e+01
1.158091250000000016e+01
1.157970000000000077e+01
1.157850000000000179e+01
1.157760000000000211e+01
1.157659999999999911e+01
1.157569999999999943e+01
1.157460000000000200e+01
1.157360000000000078e+01
1.157290000000000241e+01
1.157179999999999787e+01
1.156990000000000229e+01
1.156669999999999909e+01
1.156267500000000226e+01
1.155962499999999871e+01
1.155778749999999988e+01
1.154449999999999932e+01
1.153088750000000218e+01
1.152755000000000152e+01
1.152500000000000213e+01
1.152059999999999995e+01
1.151147499999999901e+01
1.150437500000000135e+01
1.148482500000000073e+01
1.146142500000000020e+01
1.145500000000000007e+01
1.144464999999999932e+01
1.142623749999999916e+01
1.139869999999999983e+01
1.138047499999999879e+01
1.136926249999999783e+01
1.134642499999999998e+01
1.132562499999999872e+01
1.131075000000000053e+01
1.128541249999999962e+01
1.125116249999999951e+01
1.122671249999999965e+01
1.116908749999999806e+01
1.106423749999999728e+01
1.098622499999999924e+01
1.088891250000000177e+01
1.074758750000000163e+01
1.056767500000000126e+01
1.037793749999999982e+01
1.013967499999999866e+01
9.901501249999999033e+00
9.816115000000001700e+00
9.722567500000000251e+00
9.524647499999998601e+00
9.383330000000000837e+00
9.310296250000000384e+00
9.228368749999999565e+00
9.098123750000000953e+00
8.746672499999998962e+00
8.423288749999999325e+00
8.018688749999999033e+00
7.422336250000000746e+00
6.824378749999999272e+00
6.356840000000000046e+00
6.061282499999999906e+00
5.937887500000000429e+00
5.792889999999999873e+00
5.628738750000000124e+00
5.414845000000000574e+00
5.233821250000000092e+00
5.121596250000000516e+00
4.905737499999999862e+00
4.748491249999999830e+00
4.603975000000000151e+00
4.372004999999999697e+00
4.220631249999999390e+00
4.149897499999999795e+00
4.101340000000000430e+00
4.051826249999999519e+00
3.949626249999999672e+00
3.821632500000000210e+00
3.714244999999999575e+00
3.650158750000000119e+00
3.626830000000000442e+00
3.607863749999999925e+00
3.592978750000000332e+00
3.592558750000000245e+00
3.654222499999999929e+00
3.915313750000000148e+00
4.162620000000000431e+00
4.348326250000000393e+00
4.645703749999999133e+00
4.584857500000000030e+00
4.296457499999999818e+00
3.600741249999999560e+00
3.017662499999999248e+00
2.758309999999999818e+00
6.958699999999999886e-01
7.029887500000000511e-01
7.157400000000000428e-01
3.712387500000000062e-01
3.798549999999999982e-01
