2.282544999999999709e+04
2.717898749999999927e+04
1.856695000000000073e+04
1.564093750000000000e+04
1.396447500000000036e+04
1.256262500000000000e+04
1.107207499999999891e+04
9.785746250000000146e+03
8.779453750000000582e+03
7.849582499999999527e+03
6.892582499999999527e+03
5.813693750000000364e+03
4.944477499999999964e+03
3.460855000000000018e+03
2.789131250000000364e+03
2.479822499999999764e+03
2.186588749999999891e+03
1.985738750000000209e+03
1.914179999999999836e+03
1.951148749999999836e+03
1.903288749999999936e+03
1.809208750000000009e+03
1.665413749999999936e+03
1.506092499999999973e+03
1.385828750000000127e+03
1.291886250000000018e+03
1.213139999999999873e+03
1.147623749999999973e+03
1.091877500000000055e+03
1.043565000000000055e+03
1.001443749999999909e+03
9.641617499999999836e+02
9.316341249999999263e+02
9.014904999999998836e+02
8.619826249999999845e+02
8.154759999999998854e+02
7.759714999999999918e+02
7.415752500000000964e+02
7.183558749999998554e+02
7.043697499999999536e+02
6.849334999999999809e+02
6.613490000000000464e+02
6.399456249999999500e+02
6.210216249999999718e+02
6.034032499999999573e+02
5.907376249999999800e+02
5.832314999999999827e+02
5.757952500000000100e+02
5.683564999999999827e+02
5.634186250000000200e+02
5.609972500000000082e+02
5.586190000000000282e+02
5.562055000000000291e+02
5.537927499999999554e+02
5.513968750000000227e+02
5.489861249999999018e+02
5.465750000000000455e+02
5.441865000000000236e+02
5.417750000000000909e+02
5.393842499999999518e+02
5.369797499999999673e+02
5.345760000000000218e+02
5.321658749999999145e+02
5.297668750000000273e+02
5.255462499999999864e+02
5.195502499999998918e+02
5.142008749999999964e+02
5.094982500000000414e+02
5.024482500000000300e+02
4.931518749999999613e+02
4.837871250000000032e+02
4.752272500000000264e+02
4.676723750000000450e+02
4.571927499999999895e+02
4.444912500000000364e+02
4.331284999999999741e+02
4.222531250000000114e+02
4.131485000000000127e+02
4.056514999999999418e+02
3.971670000000000300e+02
3.875965000000000487e+02
3.799503749999999513e+02
3.732342500000000314e+02
3.666712499999999295e+02
3.599775000000000205e+02
3.531386249999999336e+02
3.470551249999999754e+02
3.409067499999999882e+02
3.352730000000000246e+02
3.316778749999999718e+02
3.296352500000000418e+02
3.261148749999999268e+02
3.156460000000000150e+02
3.028322500000000446e+02
2.933413750000000277e+02
2.765857499999999618e+02
2.621877499999999941e+02
2.542427500000000009e+02
2.433278750000000059e+02
2.350697499999999991e+02
2.306528749999999661e+02
2.268791250000000161e+02
2.223317499999999995e+02
2.195045000000000073e+02
2.120754999999999768e+02
2.004852500000000077e+02
1.908333750000000180e+02
1.808686250000000086e+02
1.734342499999999916e+02
1.687942499999999768e+02
1.632538749999999936e+02
1.589155000000000086e+02
1.556897500000000036e+02
1.518350000000000080e+02
1.477206250000000125e+02
1.427523749999999723e+02
1.391561250000000030e+02
1.367296249999999986e+02
1.337902499999999861e+02
1.298928750000000036e+02
1.249012500000000045e+02
1.193217500000000086e+02
1.144977499999999964e+02
1.112655000000000030e+02
1.099538749999999965e+02
1.084747499999999860e+02
1.069703750000000042e+02
1.059237499999999983e+02
1.046527500000000117e+02
1.033698749999999791e+02
1.016736250000000013e+02
1.004377499999999941e+02
9.943538750000000448e+01
9.837942499999999768e+01
9.693671249999999873e+01
9.545033750000000339e+01
9.404721250000001476e+01
9.272535000000000593e+01
9.138728749999998513e+01
9.046957499999999186e+01
8.950299999999998590e+01
8.845592500000000769e+01
8.745551249999999754e+01
8.504087499999999977e+01
8.261243749999999864e+01
8.091391250000000923e+01
7.916096250000001078e+01
7.743371249999999861e+01
7.550983750000000327e+01
7.382845000000000368e+01
7.268237499999999329e+01
7.091895000000000948e+01
6.803142499999999870e+01
6.552192499999999598e+01
6.373064999999999714e+01
6.238354999999999961e+01
6.156446250000000475e+01
5.634956249999999756e+01
5.140764999999999674e+01
5.028927500000000350e+01
4.945950000000000557e+01
4.808368749999999636e+01
4.536484999999999701e+01
4.337122500000000258e+01
3.860777499999999662e+01
3.364361249999999615e+01
3.245586250000000206e+01
3.071311249999999760e+01
2.836447499999999522e+01
2.653566250000000082e+01
2.544191249999999727e+01
2.481397499999999923e+01
2.369363750000000124e+01
2.296747500000000031e+01
2.251669999999999661e+01
2.178872499999999590e+01
2.088342500000000257e+01
2.027892500000000098e+01
1.930224999999999724e+01
1.799286249999999754e+01
1.727748750000000300e+01
1.658238749999999939e+01
1.582491249999999994e+01
1.518403750000000052e+01
1.464855000000000018e+01
1.413867499999999922e+01
1.371992499999999993e+01
1.358526250000000246e+01
1.344231249999999989e+01
1.316519999999999868e+01
1.297869999999999990e+01
1.288428749999999923e+01
1.278092499999999809e+01
1.262202499999999894e+01
1.220833750000000073e+01
1.183571249999999786e+01
1.137685000000000102e+01
1.069738750000000138e+01
1.000819875000000003e+01
9.472066249999999243e+00
9.140230000000000743e+00
9.001127500000000836e+00
8.845288749999999922e+00
8.671184999999999476e+00
8.449758749999999097e+00
8.267001249999999857e+00
8.156324999999998937e+00
7.948420000000000485e+00
7.804421249999999866e+00
7.676986250000000567e+00
7.482526250000000267e+00
7.364501250000000887e+00
7.309222500000000622e+00
7.271276250000000552e+00
7.234196250000000106e+00
7.163433750000000266e+00
7.085762499999998631e+00
7.033893749999999834e+00
7.011006250000000328e+00
7.014277499999999499e+00
7.019102499999998912e+00
7.023941250000000025e+00
7.046103750000000332e+00
7.145458750000000414e+00
7.365955000000000474e+00
7.534514999999998963e+00
7.637076249999999789e+00
7.770603749999999366e+00
7.625891250000000454e+00
7.321966250000000898e+00
6.642135000000000566e+00
6.061719999999999331e+00
5.835365000000000357e+00
1.472901250000000051e+00
1.481691249999999904e+00
1.497002499999999792e+00
7.659912500000000124e-01
7.774037499999999490e-01
