1.839823750000000018e+03
2.193671249999999873e+03
1.501193750000000136e+03
1.266357500000000073e+03
1.131983750000000100e+03
1.019778750000000059e+03
9.006859999999999218e+02
7.981538749999999709e+02
7.181898750000000291e+02
6.445820000000001073e+02
5.691972499999999400e+02
4.850271250000000123e+02
4.181351250000000164e+02
3.091517499999999927e+02
2.636992500000000064e+02
2.457141249999999957e+02
2.315287500000000307e+02
2.245565000000000282e+02
2.221206250000000182e+02
2.232622499999999945e+02
2.273218750000000057e+02
2.341286249999999995e+02
2.532388750000000073e+02
2.968113749999999982e+02
3.689582500000000209e+02
4.896131250000000250e+02
6.983192500000000109e+02
1.064493750000000091e+03
1.613441250000000082e+03
2.045767500000000155e+03
1.862258750000000191e+03
1.266393749999999727e+03
7.634382500000000391e+02
4.662975000000000705e+02
2.582749999999999773e+02
1.340988749999999925e+02
8.123986250000000098e+01
5.442313750000000994e+01
4.198672500000000696e+01
3.608103750000000076e+01
2.949782499999999885e+01
2.326654999999999873e+01
1.890616249999999710e+01
1.586302500000000038e+01
1.354752500000000204e+01
1.215953750000000078e+01
1.131904999999999895e+01
1.065401250000000033e+01
1.001652499999999790e+01
9.598936249999999504e+00
9.402701249999999789e+00
9.209949999999999193e+00
9.014353750000001497e+00
8.818826250000000755e+00
8.624638749999999021e+00
8.441195000000000448e+00
8.286927499999999114e+00
8.135419999999999874e+00
7.982473749999999590e+00
7.830832499999999641e+00
7.678328750000001257e+00
7.529590000000000671e+00
7.403415000000000745e+00
7.281758749999999836e+00
7.067699999999998539e+00
6.770991249999999795e+00
6.518373750000000300e+00
6.272482499999998851e+00
5.960981250000000564e+00
5.588134999999999408e+00
5.224618749999999423e+00
4.934090000000000309e+00
4.659388749999999746e+00
4.338321250000000795e+00
3.981386249999999905e+00
3.686877499999999586e+00
3.452953749999999822e+00
3.253821250000000109e+00
3.088086249999999922e+00
2.918892500000000112e+00
2.740942499999999615e+00
2.610752500000000254e+00
2.498933749999999954e+00
2.402904999999999625e+00
2.310142499999999544e+00
2.212396249999999842e+00
2.118518750000000228e+00
2.040186250000000090e+00
1.972219999999999862e+00
1.928599999999999870e+00
1.901262500000000077e+00
1.851516250000000197e+00
1.739296249999999988e+00
1.613987500000000130e+00
1.531748750000000214e+00
1.425559999999999716e+00
1.376338749999999944e+00
1.388044999999999973e+00
1.499742500000000200e+00
1.719283750000000000e+00
1.983447499999999808e+00
2.374061249999999568e+00
3.367847500000000327e+00
4.701077500000000242e+00
1.385788749999999823e+02
7.064025000000000887e+00
3.345124999999999904e+00
6.126287499999999397e+01
2.016370000000000005e+02
8.086047499999999388e+01
4.354792500000000288e+00
5.793572499999999792e+01
3.189498750000000200e+02
1.068882500000000135e+01
4.153635000000000410e+00
1.033030750000000069e+02
2.397748749999999873e+00
1.341880000000000184e+00
1.354441249999999819e+00
8.309172499999999673e+01
9.080764999999999532e+00
4.069144999999999612e+01
1.040396250000000133e+00
3.364338749999999933e-01
5.753960000000000186e-01
4.440041250000000161e+00
4.088502499999999706e-01
3.867137499999999672e-01
1.307808749999999876e+01
7.837020000000000763e+00
3.986944999999999517e-01
5.288533749999999589e-01
8.029102499999998255e-01
3.817381249999999948e+00
1.641544999999999845e+02
4.521505000000000329e+00
2.758613749999999527e+02
2.718007499999999688e+00
9.855554999999998955e+00
2.347065000000000179e+00
1.079024499999999875e+02
5.845243749999999849e+00
2.736240000000000236e+02
1.438275000000000148e+01
2.642263750000000044e+01
4.542163750000000277e+00
5.590498750000000427e+01
9.254233749999999370e-01
7.322557500000000630e+01
2.052506249999999977e+00
1.601960000000000273e+00
2.873485000000000156e+01
3.551912499999999540e+01
3.785653749999999462e+01
1.994806250000000114e+00
2.479905000000000115e+01
4.291288750000000363e+01
1.369831250000000011e+01
4.749005000000000365e+00
1.204101250000000078e+01
2.113397499999999951e+01
1.657330000000000325e+01
1.878344999999999843e+01
9.027958749999999810e+00
7.644405000000000783e+00
9.492707499999999854e+00
4.663177499999999753e+00
4.308673750000000524e+00
4.976478750000000062e+00
3.475597500000000117e+00
2.824172499999999975e+00
4.052315000000000111e+00
3.534942500000000098e+00
3.207738749999999417e+00
3.243647499999999795e+00
2.748607500000000314e+00
2.241612500000000008e+00
1.961237499999999745e+00
2.005532500000000162e+00
1.552826250000000075e+00
1.213961250000000103e+00
1.055375000000000174e+00
8.679648749999999691e-01
6.848141249999999403e-01
5.619123750000000195e-01
4.391756250000000694e-01
3.720006249999999737e-01
3.511511250000000084e-01
3.290474999999999928e-01
2.918482499999999757e-01
2.705200000000000382e-01
2.611122500000000457e-01
2.520607500000000556e-01
2.413953749999999954e-01
2.240636249999999885e-01
2.125012499999999749e-01
2.014843750000000211e-01
1.901496250000000166e-01
1.751008749999999892e-01
1.458242499999999886e-01
1.290652500000000202e-01
1.225071249999999945e-01
1.168802499999999911e-01
1.083525000000000044e-01
9.972423749999999310e-02
9.095618749999997976e-02
8.575070000000001302e-02
7.714487500000000164e-02
6.960942500000000255e-02
6.122664999999999358e-02
4.610460000000000252e-02
3.703934999999999866e-02
3.405024999999999719e-02
3.258167499999999744e-02
3.115196250000000500e-02
2.770714999999999636e-02
2.353291249999999932e-02
2.027156249999999618e-02
1.829123750000000159e-02
1.697438750000000024e-02
1.589043750000000005e-02
1.502537500000000054e-02
1.368793750000000045e-02
1.101300000000000022e-02
7.482905000000000632e-03
5.241676249999999669e-03
3.953517499999999879e-03
2.418917500000000199e-03
1.843991249999999988e-03
1.171523749999999874e-03
3.733918749999999630e-04
9.045152500000000267e-04
2.252458749999999756e-03
5.853412499999999415e-04
5.716249999999999760e-04
5.376712499999999591e-04
2.719174999999999999e-04
2.813437500000000183e-04
