7.556437500000000000e+03
9.004151249999998981e+03
6.156571249999999964e+03
5.189841250000000400e+03
4.636238750000000437e+03
4.173565000000000509e+03
3.681934999999999945e+03
3.258042500000000018e+03
2.926806250000000091e+03
2.621161250000000109e+03
2.307171249999999873e+03
1.954472500000000082e+03
1.671806249999999864e+03
1.198285000000000082e+03
9.911042499999999791e+02
9.015500000000000682e+02
8.225842499999999973e+02
7.733133750000000646e+02
7.418303750000000036e+02
7.240257500000000164e+02
7.165748750000001337e+02
7.183127500000000509e+02
7.434113750000000209e+02
8.247296249999999418e+02
9.805517500000000837e+02
1.257989999999999782e+03
1.753815000000000055e+03
2.641376250000000255e+03
3.993968750000000000e+03
5.089652500000001055e+03
4.682571250000000873e+03
3.236953750000000127e+03
1.996306249999999864e+03
1.254341249999999718e+03
7.273373749999999518e+02
4.065288749999999709e+02
2.659775000000000205e+02
1.923866249999999809e+02
1.572557499999999777e+02
1.401961249999999950e+02
1.207423749999999814e+02
1.017842499999999859e+02
8.803925000000000978e+01
7.807613749999998731e+01
7.024875000000000114e+01
6.542021250000000521e+01
6.245931249999999579e+01
6.004541249999999764e+01
5.771677500000000549e+01
5.617766249999999673e+01
5.543301249999999669e+01
5.470162499999999994e+01
5.395943750000000705e+01
5.321750000000000114e+01
5.248064999999999714e+01
5.177861250000000126e+01
5.117270000000000607e+01
5.057680000000000575e+01
4.997523750000000575e+01
4.937882500000000618e+01
4.877898749999999950e+01
4.819196249999999537e+01
4.768135000000000190e+01
4.718646250000000464e+01
4.631568750000000279e+01
4.510456250000000011e+01
4.404778749999999832e+01
4.301402500000000373e+01
4.167126250000000454e+01
4.003797499999999587e+01
3.843831250000000210e+01
3.711237500000000011e+01
3.584831249999999869e+01
3.433254999999999768e+01
3.260504999999999853e+01
3.113542500000000146e+01
2.992998749999999930e+01
2.888615000000000066e+01
2.801739999999999853e+01
2.710587500000000105e+01
2.612882499999999908e+01
2.539771250000000080e+01
2.476226249999999851e+01
2.420479999999999876e+01
2.365540000000000020e+01
2.307643750000000438e+01
2.252003750000000082e+01
2.204157499999999459e+01
2.161743750000000475e+01
2.134525000000000006e+01
2.117464999999999975e+01
2.086367500000000064e+01
2.012887500000000074e+01
1.927982500000000243e+01
1.868679999999999808e+01
1.778741249999999852e+01
1.715298750000000183e+01
1.692360000000000042e+01
1.689311250000000086e+01
1.725281249999999744e+01
1.784881250000000108e+01
1.879825000000000301e+01
2.129472499999999968e+01
2.464377499999999799e+01
3.184416249999999877e+02
2.301348750000000010e+01
1.677208749999999782e+01
3.235652499999999918e+02
3.946419999999999959e+02
1.366642499999999814e+02
2.833520000000000039e+01
1.892527500000000202e+02
6.269731249999999818e+02
1.097751250000000027e+02
3.305563750000000312e+01
2.189080000000000155e+02
1.542223749999999960e+01
1.262977499999999864e+01
1.173789999999999978e+01
2.191190000000000282e+02
3.594114999999999327e+01
9.033985000000001264e+01
1.202146250000000016e+01
1.044815000000000005e+01
1.079131250000000009e+01
2.731952499999999873e+01
1.134074999999999989e+01
1.059011250000000004e+01
2.380052499999999682e+01
1.841581249999999770e+01
9.601737500000000480e+00
9.297307500000000502e+00
9.105967500000000214e+00
1.101367499999999922e+01
2.310813750000000368e+02
1.350767500000000076e+01
3.587931250000000318e+02
1.687167499999999976e+01
8.798980000000000246e+01
2.799640000000000128e+01
1.936627499999999884e+02
2.065540000000000020e+01
4.002257500000000050e+02
9.802809999999999491e+01
1.699722500000000309e+02
4.884253750000000593e+01
2.000021249999999782e+02
2.167432499999999962e+01
2.620498749999999859e+02
2.297673749999999870e+01
3.804398750000000007e+01
1.268428749999999923e+02
8.840938750000000823e+01
7.826204999999998790e+01
1.670285000000000153e+01
8.925666250000000446e+01
1.190781249999999858e+02
4.359956249999999756e+01
1.952049999999999841e+01
6.827788749999999141e+01
4.220451249999999987e+01
3.982985000000000042e+01
6.242192500000000166e+01
3.549106250000000529e+01
3.223848749999999797e+01
3.453563750000000709e+01
2.224474999999999625e+01
2.289780000000000015e+01
2.726882499999999965e+01
2.178691249999999968e+01
1.815822499999999806e+01
2.168781249999999972e+01
2.038342499999999902e+01
1.845043750000000315e+01
2.069181250000000105e+01
2.060473749999999882e+01
1.871315000000000239e+01
1.863540000000000063e+01
1.789511249999999976e+01
1.690721249999999998e+01
1.624548749999999941e+01
1.585829999999999984e+01
1.529307499999999997e+01
1.468544999999999945e+01
1.420129999999999981e+01
1.364687500000000142e+01
1.324073750000000160e+01
1.310842500000000044e+01
1.296352500000000063e+01
1.270006250000000136e+01
1.252947499999999792e+01
1.244192500000000123e+01
1.234998750000000101e+01
1.221679999999999922e+01
1.187861250000000091e+01
1.156903750000000031e+01
1.117596249999999891e+01
1.057065000000000055e+01
9.923030000000000683e+00
9.407907499999998535e+00
9.091357500000000869e+00
8.963793750000000671e+00
8.817886249999999038e+00
8.653102499999999253e+00
8.448397499999998672e+00
8.278312500000000185e+00
8.172889999999998878e+00
7.976327499999999127e+00
7.830307499999999976e+00
7.693621250000000522e+00
7.469761250000000352e+00
7.305431250000000709e+00
7.224913749999999801e+00
7.172584999999999766e+00
7.117111250000000666e+00
7.018691250000000714e+00
6.915935000000000166e+00
6.851997500000000407e+00
6.829137499999999861e+00
6.826381249999999845e+00
6.831117499999999509e+00
6.840169999999999639e+00
6.866668750000000543e+00
6.995014999999999539e+00
7.287641250000000070e+00
7.527766249999999992e+00
7.689530000000000420e+00
7.923158750000000694e+00
7.826201250000000442e+00
7.408961249999999943e+00
6.667733750000000903e+00
6.110058750000000316e+00
5.831928749999999440e+00
1.458752500000000119e+00
1.467791249999999881e+00
1.483807499999999946e+00
7.580987500000000434e-01
7.685400000000000009e-01
