5.707962499999999636e+03
6.798038749999999709e+03
4.645163749999999709e+03
3.913876249999999800e+03
3.494951250000000073e+03
3.144712500000000091e+03
2.772397500000000036e+03
2.451204999999999927e+03
2.200051249999999982e+03
1.968111250000000155e+03
1.729599999999999909e+03
1.461166249999999764e+03
1.245463750000000118e+03
8.810517500000000837e+02
7.194011249999999791e+02
6.478861249999999927e+02
5.831768750000001091e+02
5.409502499999999827e+02
5.119784999999999400e+02
4.931113750000000664e+02
4.816848749999999768e+02
4.767057499999999663e+02
4.828672499999999559e+02
5.208953749999999445e+02
6.048971250000000737e+02
7.620315000000000509e+02
1.049421250000000100e+03
1.570601249999999936e+03
2.372516250000000127e+03
3.031846250000000055e+03
2.804287499999999909e+03
1.953390000000000100e+03
1.216500000000000000e+03
7.728412499999999454e+02
4.551802500000000009e+02
2.596976250000000164e+02
1.727006249999999739e+02
1.263867499999999922e+02
1.039508749999999964e+02
9.293636250000000132e+01
8.024029999999999063e+01
6.770261249999998654e+01
5.847146250000000123e+01
5.167533750000000481e+01
4.626916249999999309e+01
4.289848750000000166e+01
4.082221249999999912e+01
3.911184999999999690e+01
3.745833749999999895e+01
3.636218749999999744e+01
3.582686249999999717e+01
3.530102500000000276e+01
3.476743749999999977e+01
3.423402500000000259e+01
3.370427499999999554e+01
3.319823749999999762e+01
3.275799999999999557e+01
3.232487499999999869e+01
3.188762499999999989e+01
3.145408749999999998e+01
3.101811249999999731e+01
3.059102500000000191e+01
3.021680000000000277e+01
2.985360000000000014e+01
2.921450000000000102e+01
2.832477499999999893e+01
2.754329999999999501e+01
2.677783750000000396e+01
2.577723749999999825e+01
2.455531249999999943e+01
2.335731249999999903e+01
2.235609999999999786e+01
2.139983749999999674e+01
2.024734999999999729e+01
1.892766250000000028e+01
1.779923749999999671e+01
1.686963749999999962e+01
1.606283750000000055e+01
1.539137500000000003e+01
1.468531249999999844e+01
1.392735000000000056e+01
1.335989999999999966e+01
1.286658749999999962e+01
1.243434999999999846e+01
1.200882500000000164e+01
1.156042500000000040e+01
1.112955000000000005e+01
1.076071250000000035e+01
1.043483750000000043e+01
1.022571250000000020e+01
1.009462500000000063e+01
9.855791249999999337e+00
9.297555000000000902e+00
8.658162499999999540e+00
8.218677500000000080e+00
7.575761250000000224e+00
7.150547500000000056e+00
7.023443750000000207e+00
7.086913749999999901e+00
7.439728750000000446e+00
7.931821249999999601e+00
8.667636250000001041e+00
1.048182500000000061e+01
1.278892500000000254e+01
1.696580000000000155e+02
6.611857499999999277e+00
5.947206250000000693e+00
2.527982500000000528e+02
1.815983750000000043e+02
4.144295000000000329e+01
1.568657500000000127e+01
1.251006250000000080e+02
2.823648750000000405e+02
8.636281250000000398e+01
1.884766250000000198e+01
1.001301500000000004e+02
1.688490000000000046e+00
1.022036250000000202e+00
1.096156249999999943e+00
1.236170000000000044e+02
1.502846249999999984e+01
3.841477500000000589e+01
9.174873750000001049e-01
8.108045000000000391e-01
1.228712499999999874e+00
1.380532500000000162e+01
2.017544999999999700e+00
1.542033750000000092e+00
2.478990000000000027e+00
1.877219999999999889e+00
1.224342500000000111e+00
1.230907500000000043e+00
1.245436249999999800e+00
1.322828750000000220e+00
4.832874999999999943e+01
2.089373750000000030e+00
3.178292500000000587e+01
3.910414999999999974e+00
6.868001250000000368e+01
1.824324999999999974e+01
6.353622500000000173e+01
7.314333749999999412e+00
5.934369999999999834e+01
7.245234999999999559e+01
1.272335000000000065e+02
3.498072499999999252e+01
1.254557499999999806e+02
1.110202499999999937e+01
1.508533750000000282e+02
6.818669999999999121e+00
2.705138750000000059e+01
7.847783749999999259e+01
3.010651250000000090e+01
2.302408750000000026e+01
3.421311249999999582e+00
4.822788749999999425e+01
4.657678750000000178e+01
1.530411249999999690e+01
4.860827500000000079e+00
4.098528749999999832e+01
4.212647500000000100e+00
9.608256250000000165e+00
2.324128749999999854e+01
1.175991250000000043e+01
1.042982499999999924e+01
7.790684999999999860e+00
3.732952500000000118e+00
5.342718750000000405e+00
7.304747500000000393e+00
5.371332499999999399e+00
3.437661249999999669e+00
3.994448750000000103e+00
3.425978749999999629e+00
2.458608749999999787e+00
3.587354999999999627e+00
3.619643749999999827e+00
2.962206250000000374e+00
3.321776250000000097e+00
2.373039999999999594e+00
2.067413750000000050e+00
2.083902500000000213e+00
1.875002499999999905e+00
1.733060000000000045e+00
1.646620000000000195e+00
1.582101250000000014e+00
1.582638750000000094e+00
1.535690000000000000e+00
1.543724999999999792e+00
1.551844999999999919e+00
1.560886250000000253e+00
1.554603750000000062e+00
1.539257499999999945e+00
1.524288749999999970e+00
1.534016250000000081e+00
1.522013749999999943e+00
1.502677500000000110e+00
1.483670000000000044e+00
1.503622500000000084e+00
1.543921249999999912e+00
1.554047500000000248e+00
1.564421250000000096e+00
1.556962500000000027e+00
1.574920000000000098e+00
1.570929999999999715e+00
1.559512499999999857e+00
1.579637499999999806e+00
1.588686249999999855e+00
1.609923750000000098e+00
1.623492500000000005e+00
1.650908749999999925e+00
1.698788750000000292e+00
1.693401249999999969e+00
1.684848749999999784e+00
1.676967500000000166e+00
1.673378750000000137e+00
1.708121250000000035e+00
1.738523749999999701e+00
1.776487499999999997e+00
1.826287500000000286e+00
1.862442500000000001e+00
1.891517499999999963e+00
1.911742499999999900e+00
1.934483750000000279e+00
1.945926249999999857e+00
1.964860000000000051e+00
1.920188749999999889e+00
1.896453750000000049e+00
1.812343749999999920e+00
1.740019999999999900e+00
1.713128750000000089e+00
2.078376249999999814e+00
2.249907499999999949e+00
2.242501249999999668e+00
5.947575000000000500e-01
6.021462499999999940e-01
6.049962499999999022e-01
2.992462499999999914e-01
2.929312499999999764e-01
