8.649575000000000458e+00
1.244013750000000051e+01
1.021227499999999999e+01
9.608920000000001238e+00
9.303608749999998651e+00
9.073107499999998993e+00
8.853628749999998604e+00
8.684077500000000782e+00
8.565458749999999455e+00
8.466381249999999525e+00
8.373425000000001006e+00
8.279540000000000788e+00
8.209012500000000045e+00
8.080592499999999845e+00
8.003790000000000404e+00
7.949877499999999486e+00
7.878689999999999749e+00
7.806891250000000504e+00
7.731441250000000487e+00
7.652306249999999643e+00
7.568143749999999059e+00
7.478454999999999409e+00
7.305317500000000130e+00
7.023026250000000026e+00
6.696713749999999798e+00
6.345356249999999143e+00
6.075148750000000319e+00
6.283282500000000326e+00
8.006854999999999833e+00
1.204187500000000099e+01
1.603040000000000020e+01
1.717127500000000140e+01
1.636711249999999751e+01
1.520226250000000157e+01
1.388198749999999926e+01
1.273237499999999933e+01
1.203707499999999975e+01
1.157672499999999971e+01
1.131808749999999897e+01
1.117867500000000014e+01
1.100412500000000016e+01
1.081508750000000063e+01
1.066162499999999902e+01
1.053773750000000042e+01
1.043208750000000151e+01
1.036217500000000058e+01
1.031804999999999950e+01
1.027957499999999946e+01
1.024193750000000236e+01
1.021656249999999844e+01
1.020348749999999960e+01
1.019067499999999882e+01
1.017766250000000028e+01
1.016463749999999955e+01
1.015172499999999900e+01
1.013918750000000024e+01
1.012777499999999975e+01
1.011651249999999891e+01
1.010514999999999830e+01
1.009386250000000018e+01
1.008252499999999863e+01
1.007137499999999974e+01
1.006113750000000095e+01
1.005112499999999898e+01
1.003348749999999967e+01
1.000878749999999862e+01
9.986122499999998681e+00
9.963731250000000372e+00
9.933054999999999524e+00
9.894528749999999206e+00
9.856399999999998940e+00
9.822204999999998520e+00
9.789068750000000207e+00
9.746882499999999894e+00
9.696006249999999937e+00
9.649307500000000815e+00
9.607418750000000784e+00
9.569483749999999844e+00
9.537914999999999921e+00
9.501678749999999951e+00
9.460536250000000535e+00
9.427061249999999504e+00
9.396750000000000824e+00
9.367556249999999807e+00
9.336427499999999213e+00
9.303627500000001049e+00
9.271986250000001206e+00
9.240667500000000700e+00
9.210378750000000281e+00
9.190941249999999840e+00
9.178757499999999681e+00
9.156362500000000182e+00
9.092010000000000147e+00
9.007675000000000765e+00
8.936367499999999353e+00
8.786080000000000112e+00
8.626118750000001612e+00
8.512114999999999654e+00
8.306456250000000097e+00
8.093798749999999487e+00
7.933541249999999323e+00
7.756549999999999834e+00
7.445053750000000470e+00
7.153772500000000534e+00
1.020471249999999941e+01
9.337611250000000140e+00
7.479769999999999364e+00
9.504526249999999621e+00
1.140690000000000204e+01
1.436081250000000153e+01
8.293865000000000265e+00
6.216445000000000221e+00
2.565853749999999778e+01
1.272344999999999970e+01
1.005434999999999945e+01
1.547488749999999946e+01
1.133599999999999852e+01
1.026586249999999723e+01
9.287328750000000355e+00
1.241011250000000032e+01
1.183191249999999961e+01
1.123366250000000122e+01
1.006358749999999880e+01
9.300913750000001201e+00
8.987198749999999237e+00
9.074139999999999873e+00
8.914345000000000852e+00
8.661363749999999584e+00
8.243476250000000505e+00
8.701559999999998851e+00
7.978703749999999317e+00
7.537547500000000511e+00
7.057616250000000591e+00
5.873466249999999889e+00
1.859816250000000082e+01
6.896781250000000085e+00
5.114883749999999907e+01
1.024324999999999974e+01
9.454243749999999835e+00
7.406096250000000047e+00
2.222404999999999831e+01
7.495845000000000091e+00
6.725801249999999243e+01
1.119300000000000139e+01
1.631602499999999978e+01
9.319651249999999720e+00
1.864152500000000146e+01
9.646893750000000267e+00
3.797088750000000346e+01
1.410555000000000092e+01
9.390629999999999811e+00
1.963030000000000186e+01
2.278373750000000086e+01
1.738139999999999930e+01
1.128673749999999920e+01
1.622972500000000196e+01
2.958842500000000086e+01
1.459716249999999960e+01
9.910657499999999231e+00
1.525159999999999805e+01
1.685790000000000077e+01
1.364831249999999940e+01
2.039717500000000427e+01
1.470316249999999947e+01
1.416427499999999817e+01
1.725227500000000092e+01
1.384861250000000155e+01
1.324639999999999951e+01
1.498758750000000006e+01
1.293999999999999950e+01
1.189638750000000122e+01
1.364102500000000084e+01
1.342248749999999902e+01
1.278410000000000046e+01
1.386081249999999976e+01
1.423648750000000085e+01
1.350934999999999953e+01
1.335239999999999938e+01
1.351652499999999968e+01
1.328573750000000153e+01
1.277223749999999924e+01
1.262276249999999855e+01
1.234740000000000038e+01
1.198024999999999807e+01
1.166683749999999975e+01
1.121161249999999932e+01
1.089341250000000194e+01
1.076307499999999884e+01
1.061843750000000064e+01
1.033763750000000137e+01
1.015697500000000097e+01
1.007123750000000051e+01
9.976259999999999906e+00
9.801562500000001066e+00
9.397466250000000798e+00
9.034926249999999825e+00
8.567822500000001895e+00
7.855841250000000109e+00
7.097171249999999709e+00
6.539344999999999075e+00
6.196056249999999821e+00
6.073794999999999611e+00
5.910433749999999264e+00
5.748276249999999976e+00
5.513481249999999889e+00
5.298356250000000323e+00
5.172512499999999847e+00
4.942333750000000414e+00
4.778287499999999355e+00
4.606320000000000192e+00
4.310641249999999758e+00
4.126597499999999918e+00
4.039661249999999981e+00
3.984358749999999727e+00
3.920024999999999871e+00
3.757697499999999913e+00
3.591430000000000344e+00
3.474254999999999871e+00
3.394318750000000051e+00
3.337967499999999976e+00
3.289289999999999825e+00
3.256784999999999819e+00
3.221083750000000467e+00
3.246001249999999949e+00
3.457052500000000084e+00
3.715227500000000127e+00
3.909586249999999819e+00
4.312298750000000958e+00
4.335691249999999997e+00
3.986498750000000424e+00
3.416837500000000194e+00
2.849963750000000129e+00
2.639628750000000412e+00
6.707175000000000775e-01
6.806137500000000173e-01
6.962612500000000537e-01
3.621249999999999747e-01
3.702737500000000126e-01
