7.128250000000000455e+02
8.493168750000000955e+02
5.806463750000000346e+02
4.894177500000000123e+02
4.371656249999999773e+02
3.934860000000000468e+02
3.470567499999999654e+02
3.070042500000000700e+02
2.756840000000000259e+02
2.467553749999999866e+02
2.169977499999999964e+02
1.834719999999999800e+02
1.564796249999999986e+02
1.105280000000000200e+02
8.980044999999999789e+01
8.031799999999999784e+01
7.134723750000000564e+01
6.503338750000000346e+01
6.019123749999999973e+01
5.640908749999999827e+01
5.332383749999999623e+01
5.079591250000000002e+01
4.720197499999999735e+01
4.327392499999999842e+01
4.034768750000000637e+01
3.808809999999999718e+01
3.621942500000000109e+01
3.470568750000000335e+01
3.344917500000000388e+01
3.234231250000000557e+01
3.138098749999999626e+01
3.055999999999999872e+01
2.983171249999999830e+01
2.918548750000000069e+01
2.839403749999999604e+01
2.749848749999999953e+01
2.677282500000000098e+01
2.619016249999999957e+01
2.575014999999999787e+01
2.551744999999999663e+01
2.525557500000000033e+01
2.490717500000000229e+01
2.462636249999999549e+01
2.442070000000000007e+01
2.422852499999999765e+01
2.414124999999999943e+01
2.409256249999999966e+01
2.404429999999999978e+01
2.399602499999999949e+01
2.397440000000000282e+01
2.397972500000000551e+01
2.398496250000000174e+01
2.399027500000000046e+01
2.399559999999999604e+01
2.400084999999999980e+01
2.400616250000000207e+01
2.401147500000000079e+01
2.401674999999999827e+01
2.402206249999999699e+01
2.402731250000000074e+01
2.403259999999999863e+01
2.403788750000000363e+01
2.404321249999999566e+01
2.404847500000000338e+01
2.405778749999999988e+01
2.407097500000000068e+01
2.408419999999999916e+01
2.409746249999999890e+01
2.418221249999999856e+01
2.433702500000000413e+01
2.449299999999999855e+01
2.465067499999999967e+01
2.480692499999999967e+01
2.512784999999999869e+01
2.562172499999999786e+01
2.612542499999999990e+01
2.678708750000000194e+01
2.748315000000000197e+01
2.806243749999999793e+01
2.902037500000000136e+01
3.029902500000000032e+01
3.140524999999999878e+01
3.243493750000000375e+01
3.372372500000000173e+01
3.534464999999999435e+01
3.732997500000000457e+01
3.945221249999999458e+01
4.206697499999999934e+01
4.490747499999999803e+01
4.700428750000000377e+01
4.842091250000000002e+01
5.123351250000000334e+01
6.216400000000000148e+01
8.338617500000000859e+01
1.148171250000000043e+02
3.683528749999999832e+02
2.789228749999999764e+03
1.399045000000000073e+04
1.278464999999999918e+03
2.212187500000000000e+02
1.376381250000000023e+02
9.842964999999999520e+01
6.917851249999999652e+01
5.688845000000000596e+01
3.751913749999999936e+01
2.146346249999999856e+01
1.504232499999999817e+01
1.129208750000000094e+01
9.518717499999999276e+00
8.699536249999999526e+00
7.880673749999999700e+00
7.388668749999999896e+00
7.045603749999999721e+00
6.708367499999999595e+00
6.397187499999999361e+00
6.069242499999999652e+00
5.853012500000000173e+00
5.729296250000000867e+00
5.587406249999999019e+00
5.422736249999999814e+00
5.266939999999999955e+00
5.387476249999999744e+00
1.412342499999999923e+01
5.983904999999999745e+02
4.001579999999999870e+01
1.337286250000000010e+01
8.140316249999999698e+00
7.102391249999999268e+00
6.398290000000000255e+00
5.985741249999999347e+00
5.959272499999999084e+00
7.273842499999999767e+00
1.696168750000000003e+01
2.453224999999999909e+02
1.356032499999999708e+01
6.628081250000000146e+00
5.676555000000000462e+00
5.267658749999999834e+00
5.013293749999999882e+00
4.902966250000000414e+00
4.846054999999999779e+00
4.922513750000000243e+00
5.554437499999998806e+00
1.320601249999999993e+02
6.994943749999999127e+00
5.508262500000000728e+00
5.153137500000000593e+00
2.796677500000000123e+02
1.674000000000000199e+01
6.862796250000000597e+00
6.005548749999999103e+00
3.237425000000000352e+01
5.646351249999998601e+00
5.072941250000000402e+00
4.583718750000000064e+00
4.136756250000000357e+00
3.900463750000000118e+00
5.800904999999999490e+01
5.814018750000000679e+00
5.194753750000000281e+00
2.005720000000000027e+02
8.341617499999999907e+00
9.479418750000000671e+00
1.077325000000000088e+01
2.609210000000000207e+01
2.079506250000000023e+01
1.063635000000000019e+01
1.226994999999999969e+01
1.135537500000000222e+01
1.226111249999999941e+01
1.077987499999999876e+01
9.083565000000000111e+00
9.320173750000000368e+00
5.827426250000000252e+00
9.086952499999998878e+00
8.949758750000000873e+00
1.008801249999999960e+01
8.330051250000000351e+00
9.488377500000002129e+00
8.874273750000000405e+00
8.621173749999998748e+00
8.418862499999999471e+00
8.198945000000001926e+00
8.011885000000001256e+00
7.893415000000000958e+00
7.813278749999999384e+00
7.765793750000000273e+00
7.754548749999999657e+00
7.744320000000000093e+00
7.727358750000001386e+00
7.718131249999999888e+00
7.713659999999999073e+00
7.709076249999999852e+00
7.714013750000000336e+00
7.755127500000000396e+00
7.759387499999999882e+00
7.717106250000000500e+00
7.629828749999999715e+00
7.521367500000000206e+00
7.397607500000000336e+00
7.310221250000000559e+00
7.274238750000000309e+00
7.230418750000000117e+00
7.177480000000000082e+00
7.112311250000000307e+00
7.057341249999999455e+00
7.020297499999999857e+00
6.945773749999999858e+00
6.887390000000000789e+00
6.831472500000000281e+00
6.738272499999999887e+00
6.664677500000000698e+00
6.627391249999999623e+00
6.601795000000000080e+00
6.567063749999999978e+00
6.465120000000000644e+00
6.337638750000000876e+00
6.224211249999999751e+00
6.133661250000000287e+00
6.062394999999999534e+00
6.001314999999999955e+00
5.951854999999999229e+00
5.852519999999998390e+00
5.569869999999999877e+00
5.145399999999999530e+00
4.850844999999999629e+00
4.641806249999999245e+00
4.252342500000000136e+00
4.082697500000000090e+00
4.080052499999999860e+00
4.212876249999999878e+00
4.369896250000000038e+00
4.468234999999999957e+00
1.107357499999999995e+00
1.098292499999999894e+00
1.078338749999999902e+00
5.172099999999999476e-01
5.021562499999999707e-01
