3.700717500000000104e+00
4.863891249999999111e+00
3.710126250000000070e+00
3.366065000000000307e+00
3.184526249999999337e+00
3.043672500000000447e+00
2.906661249999999974e+00
2.799424999999999830e+00
2.724128750000000210e+00
2.661627499999999813e+00
2.603897499999999976e+00
2.548047500000000021e+00
2.509142500000000275e+00
2.456242500000000106e+00
2.435846249999999991e+00
2.427080000000000126e+00
2.418542500000000040e+00
2.412087500000000162e+00
2.406639999999999890e+00
2.401881249999999746e+00
2.397516250000000237e+00
2.393453750000000380e+00
2.386773749999999694e+00
2.377783750000000307e+00
2.369205000000000005e+00
2.360840000000000050e+00
2.352590000000000181e+00
2.344401249999999770e+00
2.336266249999999545e+00
2.328128750000000302e+00
2.319988750000000266e+00
2.311865000000000059e+00
2.303733750000000136e+00
2.295555000000000234e+00
2.283456249999999965e+00
2.266901250000000090e+00
2.250231250000000127e+00
2.233303750000000143e+00
2.220519999999999605e+00
2.212026250000000083e+00
2.199148749999999986e+00
2.182014999999999816e+00
2.164510000000000378e+00
2.146863750000000071e+00
2.129196250000000123e+00
2.115598749999999750e+00
2.106502499999999944e+00
2.097491250000000029e+00
2.088476250000000256e+00
2.082085000000000186e+00
2.078326249999999931e+00
2.074635000000000229e+00
2.070887499999999992e+00
2.067142500000000105e+00
2.063422500000000159e+00
2.059681250000000130e+00
2.055938750000000148e+00
2.052231249999999729e+00
2.048488749999999747e+00
2.044777499999999915e+00
2.041044999999999998e+00
2.037312500000000082e+00
2.033571250000000052e+00
2.029849999999999710e+00
2.023298749999999924e+00
2.013989999999999725e+00
2.004673749999999810e+00
1.995325000000000015e+00
1.980969999999999898e+00
1.961814999999999864e+00
1.942520000000000246e+00
1.923013749999999744e+00
1.903681250000000214e+00
1.876501250000000010e+00
1.840952499999999770e+00
1.805128749999999949e+00
1.769730000000000025e+00
1.736282499999999729e+00
1.708446249999999944e+00
1.675328749999999811e+00
1.636893750000000036e+00
1.603639999999999954e+00
1.572723749999999976e+00
1.544657500000000017e+00
1.516176250000000003e+00
1.491585000000000161e+00
1.471880000000000077e+00
1.461313749999999967e+00
1.456978749999999989e+00
1.462181249999999766e+00
1.468428749999999949e+00
1.486711249999999929e+00
1.632325000000000248e+00
2.101362500000000022e+00
3.134789999999999743e+00
1.706662499999999838e+01
1.973774999999999977e+02
1.204588749999999891e+03
1.439708750000000066e+02
3.762438749999999743e+01
2.730021250000000066e+01
2.207641249999999999e+01
1.789383750000000006e+01
1.602237500000000026e+01
1.279021249999999910e+01
9.739862499999999201e+00
8.278538749999999169e+00
7.266045000000000087e+00
6.719233749999999894e+00
6.436046250000000413e+00
6.129613749999998973e+00
5.928635000000000765e+00
5.778003749999999883e+00
5.619004999999999583e+00
5.458758750000000326e+00
5.271368750000000603e+00
5.135215000000000529e+00
5.045752499999998975e+00
4.933155000000000179e+00
4.771366249999999809e+00
4.521374999999999922e+00
4.081269999999999953e+00
2.959613749999999932e+00
3.833669999999999334e+01
1.067931249999999999e+01
6.891197499999999643e+00
5.794928750000000406e+00
5.450142499999999224e+00
5.132456249999999720e+00
4.825487499999999486e+00
4.392630000000000479e+00
3.878573750000000153e+00
3.018670000000000186e+00
1.300672500000000120e+01
6.574453749999999985e+00
5.327265000000000583e+00
4.946193749999999056e+00
4.690187500000000398e+00
4.456882499999999858e+00
4.298135000000000261e+00
4.111751250000000191e+00
3.843012499999999942e+00
3.498330000000000162e+00
3.244913749999999908e+01
5.728959999999999830e+00
4.676276249999999024e+00
3.704558749999999456e+00
5.690432500000000005e+01
1.027918750000000081e+01
6.200017500000000403e+00
5.553343749999999801e+00
6.377621250000000686e+00
5.247675000000000090e+00
4.669692499999999136e+00
4.294947500000000140e+00
3.934146249999999512e+00
3.609653750000000105e+00
2.585112499999999969e+01
5.668257500000000171e+00
4.555273750000000454e+00
4.678746249999999662e+01
6.538526249999999429e+00
5.074618749999999068e+00
4.259312500000000057e+00
1.561808749999999968e+01
1.298411250000000017e+01
6.657125000000000625e+00
7.805921249999999922e+00
7.821608750000000221e+00
8.616671249999999560e+00
7.461936249999999049e+00
6.949458749999999796e+00
7.382323750000000295e+00
5.375005000000000699e+00
7.157721249999999813e+00
6.867888750000000542e+00
7.972506250000001238e+00
6.658144999999999314e+00
7.904213749999999372e+00
7.457063749999999658e+00
7.325476250000000356e+00
7.225763750000000485e+00
7.125954999999999373e+00
7.064799999999999081e+00
7.049810000000000798e+00
7.072891250000000518e+00
7.108840000000000714e+00
7.124122500000000358e+00
7.142327500000000384e+00
7.178196250000000056e+00
7.202085000000000292e+00
7.214651250000000182e+00
7.227409999999999890e+00
7.254964999999999442e+00
7.339463749999999287e+00
7.374641249999998927e+00
7.349241249999999503e+00
7.263343750000000654e+00
7.129724999999999646e+00
6.787026249999999372e+00
6.526854999999999407e+00
6.435938750000000930e+00
6.299439999999999706e+00
6.134435000000000748e+00
5.966982500000000300e+00
5.848167500000000629e+00
5.768098750000000052e+00
5.633647499999999475e+00
5.536437499999999901e+00
5.448033749999999564e+00
5.153757500000001102e+00
4.963867500000000099e+00
4.894337499999999785e+00
4.825093750000000625e+00
4.747058749999999883e+00
4.591605000000000381e+00
4.399957499999999300e+00
4.244242500000000362e+00
4.127081249999999812e+00
4.036245000000000971e+00
3.953803750000000061e+00
3.884938749999999885e+00
3.772444999999999826e+00
3.466468750000000210e+00
2.983058750000000092e+00
2.656015000000000015e+00
2.435240000000000293e+00
2.054898749999999996e+00
1.902596250000000211e+00
1.927546250000000239e+00
2.130553749999999802e+00
2.376767499999999700e+00
2.524554999999999882e+00
6.313250000000000250e-01
6.248350000000000293e-01
6.082762500000000738e-01
2.874637500000000179e-01
2.754312500000000163e-01
