7.091237499999999727e+02
8.444528750000000628e+02
5.769362499999999727e+02
4.860515000000000327e+02
4.339809999999999377e+02
3.904422499999999445e+02
3.441497499999999263e+02
3.042048749999999586e+02
2.729597500000000423e+02
2.440940000000000225e+02
2.143940000000000339e+02
1.809241249999999752e+02
1.539702499999999930e+02
1.080716250000000258e+02
8.736460000000001003e+01
7.789095000000000368e+01
6.892868749999999523e+01
6.262129999999999086e+01
5.778459999999999752e+01
5.400721249999999429e+01
5.092630000000000479e+01
4.840241250000000406e+01
4.481518750000000040e+01
4.089615000000000578e+01
3.797848749999999995e+01
3.572725000000000506e+01
3.386683750000000259e+01
3.236130000000000706e+01
3.111293749999999747e+01
3.001418749999999847e+01
2.906098749999999953e+01
2.824816250000000295e+01
2.752796250000000100e+01
2.688993749999999494e+01
2.611059999999999448e+01
2.523160000000000025e+01
2.452258750000000020e+01
2.395683749999999890e+01
2.352961250000000248e+01
2.330542500000000317e+01
2.305642499999999728e+01
2.272512500000000202e+01
2.246186250000000229e+01
2.227384999999999948e+01
2.209931250000000347e+01
2.202566250000000281e+01
2.198603750000000190e+01
2.194679999999999964e+01
2.190756249999999739e+01
2.189230000000000231e+01
2.190139999999999532e+01
2.191033750000000069e+01
2.191938749999999914e+01
2.192843750000000114e+01
2.193743750000000148e+01
2.194650000000000389e+01
2.195555000000000234e+01
2.196450000000000102e+01
2.197355000000000302e+01
2.198252500000000254e+01
2.199156250000000057e+01
2.200059999999999860e+01
2.200965000000000060e+01
2.201863749999999698e+01
2.203448750000000445e+01
2.205698749999999819e+01
2.207952500000000384e+01
2.210213750000000132e+01
2.220127499999999898e+01
2.237525000000000119e+01
2.255048749999999913e+01
2.272766250000000454e+01
2.290324999999999989e+01
2.325134999999999863e+01
2.378077499999999844e+01
2.432028749999999917e+01
2.501737499999999770e+01
2.574687499999999929e+01
2.635399999999999920e+01
2.734503750000000366e+01
2.866215000000000401e+01
2.980160000000000053e+01
3.086220000000000141e+01
3.217907499999999743e+01
3.382846249999999344e+01
3.583837499999999210e+01
3.798033749999999742e+01
4.060566250000000110e+01
4.345049999999999812e+01
4.554211250000000177e+01
4.695247499999999974e+01
4.974680000000000035e+01
6.053166249999999593e+01
8.128480000000000416e+01
1.116822499999999962e+02
3.512861249999999700e+02
2.591852499999999509e+03
1.278583749999999964e+04
1.134493749999999864e+03
1.835943750000000136e+02
1.103378750000000110e+02
7.635323749999999166e+01
5.128467500000000001e+01
4.086611249999999984e+01
2.472892500000000027e+01
1.172358749999999716e+01
6.763778749999999285e+00
4.026028750000000045e+00
2.799483749999999826e+00
2.263487500000000097e+00
1.751063749999999919e+00
1.460034999999999972e+00
1.267603749999999696e+00
1.089366250000000091e+00
9.384280000000001509e-01
7.978736250000000307e-01
7.177982499999999710e-01
6.835434999999999706e-01
6.542498749999999808e-01
6.513694999999999347e-01
7.455657500000000271e-01
1.306206250000000013e+00
1.116381250000000058e+01
5.600539999999999736e+02
2.933648749999999694e+01
6.481671249999999773e+00
2.345385000000000275e+00
1.652248749999999822e+00
1.265834999999999821e+00
1.160257500000000164e+00
1.566642500000000160e+00
3.395270000000000010e+00
1.394302500000000045e+01
2.323156250000000114e+02
6.985854999999999926e+00
1.300814999999999833e+00
7.303598750000001028e-01
5.774721250000000028e-01
5.564133749999999878e-01
6.048333749999998954e-01
7.343047500000000616e-01
1.079499999999999904e+00
2.056106250000000024e+00
9.961102499999999793e+01
1.265983749999999963e+00
8.319858750000000969e-01
1.448578749999999804e+00
2.227633749999999964e+02
6.460787499999999461e+00
6.627790000000000070e-01
4.522061249999999033e-01
2.599663750000000206e+01
3.986729999999999996e-01
4.032494999999999830e-01
2.887704999999999855e-01
2.026099999999999846e-01
2.908123750000000118e-01
3.215791250000000190e+01
1.457593749999999966e-01
6.394792499999999436e-01
1.537845000000000084e+02
1.803094999999999892e+00
4.404799999999999827e+00
6.513947499999999557e+00
1.047401249999999884e+01
7.810950000000000060e+00
3.979213749999999994e+00
4.464013750000000336e+00
3.533780000000000143e+00
3.644428749999999884e+00
3.317948750000000224e+00
2.134107500000000268e+00
1.937852499999999978e+00
4.524222500000000258e-01
1.929230000000000000e+00
2.081869999999999887e+00
2.115516249999999765e+00
1.671905000000000197e+00
1.584164999999999823e+00
1.417211249999999811e+00
1.295696249999999772e+00
1.193097500000000144e+00
1.072991250000000063e+00
9.470887500000000347e-01
8.436037499999999856e-01
7.403857499999998426e-01
6.569544999999998858e-01
6.304262500000000768e-01
6.019918749999999541e-01
5.491608749999999928e-01
5.160464999999999636e-01
4.990061249999999671e-01
4.816664999999999974e-01
4.572121249999999693e-01
4.034228750000000141e-01
3.618046250000000463e-01
3.209753749999999517e-01
2.752338749999999612e-01
2.350651249999999859e-01
1.900723750000000156e-01
1.635216250000000038e-01
1.606555000000000066e-01
1.571649999999999991e-01
1.529485000000000150e-01
1.458901250000000094e-01
1.387621250000000139e-01
1.339582500000000009e-01
1.285106249999999894e-01
1.255317499999999975e-01
1.189437500000000009e-01
1.001153500000000057e-01
9.258958750000000071e-02
9.091326249999999443e-02
8.976246249999998705e-02
8.781845000000000623e-02
8.112338749999999099e-02
7.439652500000000501e-02
7.132824999999999582e-02
7.011443750000000141e-02
6.935592499999999883e-02
6.769131250000000322e-02
6.587718750000000345e-02
6.373912500000000758e-02
5.863447499999999840e-02
4.598543750000000374e-02
3.799983750000000132e-02
3.190891249999999735e-02
1.905646249999999944e-02
1.017999999999999981e-02
5.696787499999999768e-03
2.053521249999999861e-03
1.154331250000000062e-03
1.057077500000000187e-03
2.337600000000000116e-04
2.190296249999999756e-04
1.881913750000000071e-04
5.857212500000000293e-05
3.530450000000000054e-05
