9.706962499999999494e+00
1.402232500000000037e+01
1.154736249999999842e+01
1.088057499999999855e+01
1.054411250000000067e+01
1.029077499999999823e+01
1.005042500000000061e+01
9.865745000000000431e+00
9.737638750000000343e+00
9.631997500000000656e+00
9.534834999999999283e+00
9.441314999999999458e+00
9.376689999999999969e+00
9.291800000000000281e+00
9.261408749999999301e+00
9.249967500000000342e+00
9.240096250000002343e+00
9.233701249999999305e+00
9.229063750000001676e+00
9.225568750000000762e+00
9.222763750000000371e+00
9.220483749999999645e+00
9.217231250000001097e+00
9.213571250000001100e+00
9.210648750000000717e+00
9.208165000000001044e+00
9.205930000000000391e+00
9.203884999999999650e+00
9.201963750000000886e+00
9.200142499999998336e+00
9.198367499999998032e+00
9.196648749999999595e+00
9.194963749999999436e+00
9.193293750000002262e+00
9.190872500000001111e+00
9.187600000000001543e+00
9.184331249999999613e+00
9.181026250000002165e+00
9.178528749999999903e+00
9.176862500000000367e+00
9.174324999999999619e+00
9.170951250000001664e+00
9.167462499999999181e+00
9.163908749999999159e+00
9.160334999999999894e+00
9.157522499999998900e+00
9.155632499999999396e+00
9.153758749999999722e+00
9.151882500000001031e+00
9.150529999999999831e+00
9.149699999999999278e+00
9.148878750000001503e+00
9.148048749999999174e+00
9.147220000000002571e+00
9.146397500000000846e+00
9.145568750000000691e+00
9.144737499999999741e+00
9.143918749999999207e+00
9.143088750000000431e+00
9.142267500000000879e+00
9.141441249999999741e+00
9.140612499999999585e+00
9.139784999999999826e+00
9.138961249999999481e+00
9.137508750000000290e+00
9.135448750000000118e+00
9.133381249999999341e+00
9.131313750000000340e+00
9.127896249999999156e+00
9.123179999999999623e+00
9.118430000000000035e+00
9.113627499999999770e+00
9.108868749999999181e+00
9.101547500000000568e+00
9.091511249999998157e+00
9.081350000000000477e+00
9.069981249999999662e+00
9.058666249999999920e+00
9.049248750000000285e+00
9.036081249999998732e+00
9.019364999999998744e+00
9.003117500000000106e+00
8.987348749999998887e+00
8.969212500000001143e+00
8.947963749999999550e+00
8.922485000000001776e+00
8.895411250000000436e+00
8.863513750000000968e+00
8.826593750000000682e+00
8.801098749999999526e+00
8.784562499999999829e+00
8.749171249999999844e+00
8.608201249999998694e+00
8.302687499999999332e+00
7.711587499999998485e+00
1.324526250000000083e+01
1.074048750000000041e+01
1.020244999999999891e+01
9.872558749999999606e+00
9.729007500000001585e+00
9.674091249999998254e+00
9.634420000000000428e+00
9.592601250000001301e+00
9.569535000000000124e+00
9.516928749999999937e+00
9.444588749999999422e+00
9.389036249999998418e+00
9.321861249999997767e+00
9.259722500000000522e+00
9.198744999999998839e+00
9.069953749999999815e+00
8.843524999999999636e+00
8.043258749999999679e+00
1.272085000000000043e+01
1.004364999999999952e+01
9.661485000000000767e+00
9.552241249999999795e+00
9.507844999999997881e+00
9.464762499999999079e+00
9.418938750000000582e+00
9.369082500000001090e+00
9.315059999999999008e+00
9.259624999999999773e+00
9.199005000000001431e+00
9.144686250000001237e+00
9.163515000000000299e+00
9.586990000000000123e+00
9.350436249999999561e+00
9.277783750000001106e+00
9.236122500000000457e+00
9.197383749999998415e+00
9.173686249999999376e+00
9.155227499999998741e+00
9.134583749999999114e+00
9.101838750000000644e+00
9.062678749999998118e+00
9.011827499999998992e+00
8.840631250000001273e+00
9.354177499999998702e+00
9.088752500000000012e+00
9.026506250000000620e+00
8.976548749999999188e+00
8.934968749999999460e+00
8.829625000000000057e+00
8.702399999999999025e+00
8.579958749999999412e+00
8.416612499999999386e+00
8.173207500000000181e+00
7.717979999999999841e+00
6.844016249999999246e+00
5.325407499999999850e+00
6.473071250000000987e+01
4.505798749999999586e+01
1.063793749999999960e+01
9.897558749999999961e+00
9.479542499999999094e+00
9.173547499999999744e+00
1.735638750000000030e+01
5.037362500000000409e+00
8.028863749999999300e+01
1.149427499999999824e+01
1.309717500000000001e+01
1.025417500000000182e+01
4.357453749999999104e+01
2.626875000000000426e+01
2.016210000000000235e+01
1.975688749999999771e+01
1.914167499999999933e+01
1.829643749999999969e+01
1.761201250000000229e+01
1.717684999999999818e+01
1.693270000000000408e+01
1.646633750000000163e+01
1.615928750000000136e+01
1.596463750000000026e+01
1.564798750000000105e+01
1.524122499999999825e+01
1.496873749999999959e+01
1.453741250000000207e+01
1.394821249999999857e+01
1.363273749999999929e+01
1.335772500000000207e+01
1.308341250000000144e+01
1.284228749999999764e+01
1.267751249999999885e+01
1.253420000000000023e+01
1.233615000000000173e+01
1.222880000000000145e+01
1.209031249999999957e+01
1.181467499999999937e+01
1.162925000000000075e+01
1.153100000000000236e+01
1.142742499999999950e+01
1.127261249999999926e+01
1.088698750000000004e+01
1.052028750000000024e+01
1.009309999999999974e+01
9.469982500000000414e+00
8.822138750000000584e+00
8.309547499999998976e+00
7.965080000000000382e+00
7.825066250000001666e+00
7.654552499999999426e+00
7.448566249999999833e+00
7.173193750000000257e+00
6.927017500000000716e+00
6.761108750000000001e+00
6.452584999999999127e+00
6.218560000000000088e+00
5.988252500000000644e+00
5.593164999999999942e+00
5.298303749999999646e+00
5.149725000000000108e+00
5.048105000000000508e+00
4.935143749999999940e+00
4.686309999999998865e+00
4.356898750000000042e+00
4.069843750000000426e+00
3.876450000000000173e+00
3.764062500000000089e+00
3.670927499999999455e+00
3.595515000000000239e+00
3.508401249999999916e+00
3.353539999999999743e+00
3.348226249999999737e+00
3.485794999999999977e+00
3.645128750000000029e+00
4.031272500000000036e+00
4.206509999999999749e+00
4.041077500000000100e+00
3.483155000000000001e+00
2.905499999999999972e+00
2.609078750000000113e+00
6.666524999999999812e-01
6.804999999999999938e-01
7.074287500000000506e-01
3.885525000000000229e-01
4.165524999999999922e-01
