1.020256250000000087e+01
1.214968750000000064e+01
8.300785000000001190e+00
6.993179999999998842e+00
6.244009999999999394e+00
5.617596250000000069e+00
4.951571249999999758e+00
4.376866249999999958e+00
3.927333749999999846e+00
3.512016249999999840e+00
3.084680000000000089e+00
2.603147499999999503e+00
2.215465000000000018e+00
1.555145000000000000e+00
1.257282500000000081e+00
1.120931249999999935e+00
9.921251249999999411e-01
9.014556250000000936e-01
8.318588749999999976e-01
7.775189999999999602e-01
7.332746250000000687e-01
6.970695000000000086e-01
6.455238749999999692e-01
5.892407499999999798e-01
5.473698750000000057e-01
5.151501250000000143e-01
4.884641249999999713e-01
4.666680000000000272e-01
4.484717500000000023e-01
4.333966249999999798e-01
4.199505000000000043e-01
4.084433749999999419e-01
3.982557500000000195e-01
3.892513750000000106e-01
3.783048750000000404e-01
3.660733749999999787e-01
3.563319999999999821e-01
3.486912500000000081e-01
3.429219999999999491e-01
3.399711249999999851e-01
3.368426249999999511e-01
3.326801249999999932e-01
3.295766249999999564e-01
3.276312499999999850e-01
3.258976250000000241e-01
3.255113750000000472e-01
3.254042500000000060e-01
3.252982500000000110e-01
3.251919999999999256e-01
3.253260000000000041e-01
3.257050000000000223e-01
3.260771250000000232e-01
3.264547500000000158e-01
3.268326249999999877e-01
3.272076250000000019e-01
3.275848749999999976e-01
3.279622499999999552e-01
3.283362499999999407e-01
3.287136249999999538e-01
3.290876249999999947e-01
3.294641249999999966e-01
3.298403750000000190e-01
3.302176250000000146e-01
3.305930000000000257e-01
3.312537500000000135e-01
3.321922500000000222e-01
3.331315000000000248e-01
3.340742499999999615e-01
3.367286250000000036e-01
3.410520000000000218e-01
3.454072499999999990e-01
3.498099999999999543e-01
3.541737499999999539e-01
3.625562499999999688e-01
3.751663750000000519e-01
3.880203749999999729e-01
4.047337500000000032e-01
4.222593749999999924e-01
4.368452500000000183e-01
4.594826249999999779e-01
4.897446249999999335e-01
5.218088750000000609e-01
5.538542499999999924e-01
5.938661250000000225e-01
6.424473749999999317e-01
7.053888750000001373e-01
7.763682499999999820e-01
8.657718749999998575e-01
9.789903749999999683e-01
1.060072499999999973e+00
1.113752499999999923e+00
1.238120000000000109e+00
1.826458749999999798e+00
3.520856250000000021e+00
8.929529999999999745e+00
3.728754999999999882e+02
4.943392500000000744e+00
1.901658750000000175e+00
7.498168750000000493e-01
4.166161250000000038e-01
3.213070000000000093e-01
2.623261250000000211e-01
2.090422499999999850e-01
1.834726250000000003e-01
1.375470000000000026e-01
9.425844999999999363e-02
7.923806250000001161e-02
8.147342500000000209e-02
9.900879999999999403e-02
1.337706250000000041e-01
2.534284999999999455e-01
6.209543749999999473e-01
6.641493749999999530e+00
1.568125000000000000e+02
7.869255000000000555e-01
1.614778750000000207e-01
7.733096249999998895e-02
5.607133749999999861e-02
4.036273749999999549e-02
2.903710000000000319e-02
2.189133750000000003e-02
1.872201249999999942e-02
2.181388750000000029e-02
3.932983749999999223e-02
7.876821250000001773e-02
1.416451250000000073e+01
1.659189999999999943e+00
1.106417499999999970e-01
4.157348749999999898e-02
2.516478750000000070e-02
1.848117500000000246e-02
1.688231249999999975e-02
1.628531249999999944e-02
1.631642499999999898e-02
1.737287499999999943e-02
2.118912500000000310e-02
3.371566250000000015e-02
5.289152500000000146e+00
6.923862500000000253e+00
5.249667500000000653e-02
2.790149999999999922e-02
2.085342499999999835e-02
1.905732499999999996e-02
1.967822500000000058e-02
2.273766249999999850e-02
2.712673749999999426e-02
3.432158750000000036e-02
4.835846250000000457e-02
8.521066250000000619e-02
2.070148749999999871e-01
6.259852499999999376e-01
8.574835000000000207e+01
5.811093749999999147e+01
5.966524999999999607e-02
3.280612499999999848e-02
3.288003750000000058e-02
4.243221249999999667e-02
1.214508749999999893e+01
1.510836250000000103e+00
3.296009999999999707e+01
4.241080000000000544e-02
6.131627500000000452e+00
4.285076249999999476e+00
1.673802500000000038e+01
7.877728750000000169e+00
5.080227499999999452e+00
4.689790000000000347e+00
4.149468750000000483e+00
3.471975000000000477e+00
2.996426249999999847e+00
2.719077500000000036e+00
2.578243749999999945e+00
2.323185000000000056e+00
2.167009999999999881e+00
2.074441250000000014e+00
1.932210000000000205e+00
1.763662499999999689e+00
1.657698749999999999e+00
1.504323749999999960e+00
1.304450000000000109e+00
1.197642499999999943e+00
1.096982499999999972e+00
9.830911250000000656e-01
8.599856250000000868e-01
7.595748749999999827e-01
6.636046250000000590e-01
5.660735000000000072e-01
5.175902500000000295e-01
4.703188750000000251e-01
3.976007499999999473e-01
3.601670000000000149e-01
3.414079999999999893e-01
3.239823750000000446e-01
3.017840000000000522e-01
2.642176250000000115e-01
2.366576250000000103e-01
2.182260000000000033e-01
2.030001250000000312e-01
1.963447500000000123e-01
1.956387499999999724e-01
1.956578749999999811e-01
1.957905000000000062e-01
1.959517500000000079e-01
1.961465000000000014e-01
1.962352500000000000e-01
1.961440000000000405e-01
1.960815000000000197e-01
1.942742500000000094e-01
1.923440000000000150e-01
1.902513750000000281e-01
1.857501249999999882e-01
1.788200000000000067e-01
1.717836249999999676e-01
1.656529999999999947e-01
1.585212500000000024e-01
1.458075000000000065e-01
1.342746250000000086e-01
1.247351250000000022e-01
1.168855000000000033e-01
1.106453749999999903e-01
1.051249999999999962e-01
1.006546249999999976e-01
9.780614999999999448e-02
9.202943750000000533e-02
7.347916250000000038e-02
6.087237499999999940e-02
4.811866249999999928e-02
2.073569999999999927e-02
5.686757500000000354e-03
2.099064999999999785e-03
1.000000000000000021e-03
1.000000000000000021e-03
1.000000000000000021e-03
2.500000000000000052e-04
2.500000000000000052e-04
2.500000000000000052e-04
1.250000000000000026e-04
1.250000000000000026e-04
