2.103770000000000095e+01
2.751542499999999691e+01
2.076589999999999847e+01
1.864689999999999870e+01
1.747841250000000102e+01
1.652936249999999774e+01
1.554932500000000140e+01
1.472635000000000005e+01
1.409898750000000156e+01
1.353207500000000074e+01
1.296027500000000288e+01
1.233191250000000139e+01
1.183666249999999920e+01
1.101823749999999791e+01
1.065685000000000038e+01
1.049390000000000001e+01
1.034084999999999965e+01
1.023363750000000039e+01
1.015159999999999840e+01
1.008764999999999823e+01
1.003560000000000052e+01
9.993032499999999985e+00
9.932383750000001399e+00
9.866012500000000074e+00
9.816401250000000189e+00
9.777956250000000793e+00
9.745909999999998519e+00
9.719491250000000804e+00
9.697202499999999503e+00
9.678476249999999226e+00
9.661612499999998604e+00
9.646961250000000376e+00
9.633811250000000825e+00
9.621993749999999679e+00
9.607192500000000024e+00
9.590041250000000517e+00
9.575653749999998965e+00
9.563562499999999744e+00
9.554431250000000375e+00
9.549338750000000431e+00
9.543096249999999614e+00
9.534792499999998228e+00
9.527537500000001103e+00
9.521497499999998837e+00
9.515683750000000884e+00
9.512218750000000611e+00
9.510062500000000085e+00
9.507928749999999596e+00
9.505791249999999692e+00
9.504536250000001019e+00
9.504173749999999643e+00
9.503813749999999061e+00
9.503450000000000841e+00
9.503088749999999862e+00
9.502728749999999280e+00
9.502364999999999284e+00
9.502001250000001065e+00
9.501643749999999500e+00
9.501279999999999504e+00
9.500920000000000698e+00
9.500558749999999719e+00
9.500197499999998740e+00
9.499835000000000917e+00
9.499473750000001715e+00
9.498838750000000886e+00
9.497938749999999430e+00
9.497033749999999941e+00
9.496128750000000451e+00
9.495770000000000266e+00
9.495952500000001351e+00
9.496139999999998693e+00
9.496330000000000382e+00
9.496520000000002071e+00
9.498497500000000926e+00
9.502343749999999645e+00
9.506324999999998582e+00
9.513132500000001102e+00
9.520811250000001280e+00
9.527201249999999177e+00
9.538407499999999928e+00
9.554177499999999768e+00
9.572203749999999900e+00
9.590641249999999118e+00
9.615068750000000719e+00
9.645432500000001852e+00
9.686661250000000223e+00
9.734691249999999130e+00
9.797242499999999410e+00
9.879737499999999173e+00
9.939703749999999616e+00
9.979728750000001369e+00
1.007524999999999871e+01
1.055262500000000081e+01
1.202550000000000097e+01
1.710629999999999740e+01
4.041831250000000750e+02
1.596352500000000241e+01
1.223903749999999846e+01
1.070511250000000025e+01
1.021525000000000105e+01
1.006217499999999987e+01
9.962213750000000090e+00
9.866548749999999757e+00
9.817978749999999977e+00
9.720995000000000275e+00
9.609994999999999621e+00
9.545135000000000147e+00
9.488149999999999196e+00
9.450400000000000134e+00
9.429452500000000015e+00
9.428402500000000686e+00
9.579787500000000122e+00
1.488723750000000123e+01
1.718011250000000132e+02
1.096499999999999986e+01
9.957677500000000848e+00
9.770226250000002111e+00
9.709360000000000213e+00
9.656913750000001073e+00
9.609180000000000277e+00
9.565388749999998552e+00
9.513699999999998269e+00
9.460910000000000153e+00
9.417522500000000463e+00
9.402655000000001095e+00
2.356966249999999974e+01
1.143203749999999985e+01
9.639928750000001045e+00
9.497738749999998120e+00
9.439408750000000126e+00
9.393701249999999447e+00
9.368213750000000672e+00
9.349006249999998630e+00
9.328224999999999767e+00
9.296286250000001417e+00
9.260696249999998741e+00
9.222181250000000219e+00
1.433223749999999797e+01
1.648832499999999968e+01
9.317243749999999380e+00
9.230072500000000346e+00
9.172787500000000094e+00
9.129161249999999228e+00
9.023835000000000051e+00
8.899031250000000171e+00
8.780507499999998799e+00
8.623876250000000354e+00
8.394102499999998912e+00
7.975576249999998701e+00
7.224835000000000562e+00
6.132356249999999953e+00
1.522655000000000030e+02
1.036072125000000028e+02
1.086374999999999957e+01
1.009495000000000076e+01
9.675931249999999650e+00
9.378837499999999494e+00
2.978485000000000227e+01
6.701403750000000770e+00
1.134584999999999866e+02
1.168357499999999938e+01
1.939807500000000218e+01
1.479904999999999760e+01
6.066319999999999624e+01
3.440530000000000399e+01
2.541102500000000219e+01
2.462591249999999832e+01
2.347172500000000284e+01
2.191546250000000029e+01
2.072534999999999883e+01
2.000253750000000252e+01
1.961236249999999970e+01
1.888157499999999800e+01
1.841266249999999971e+01
1.812246250000000103e+01
1.766212499999999963e+01
1.708378749999999968e+01
1.670113750000000152e+01
1.610726249999999737e+01
1.530903749999999874e+01
1.488333749999999966e+01
1.450453750000000142e+01
1.411285000000000167e+01
1.374493750000000070e+01
1.347683749999999847e+01
1.323728750000000076e+01
1.302428750000000157e+01
1.295482499999999959e+01
1.287845000000000084e+01
1.272860000000000014e+01
1.262622500000000159e+01
1.256988750000000188e+01
1.250914999999999999e+01
1.241576249999999959e+01
1.216296250000000079e+01
1.191086250000000035e+01
1.157699999999999996e+01
1.105126249999999999e+01
1.047260000000000169e+01
1.000405625000000143e+01
9.692568749999999511e+00
9.572606249999999761e+00
9.426509999999998612e+00
9.250022500000000036e+00
9.028059999999999974e+00
8.838683749999999506e+00
8.711071249999999822e+00
8.497785000000000366e+00
8.343946250000000120e+00
8.201047499999999602e+00
7.976347500000001034e+00
7.822025000000000006e+00
7.752276250000000424e+00
7.707111249999999636e+00
7.658369999999999678e+00
7.554309999999999192e+00
7.414633750000000134e+00
7.298161249999998823e+00
7.228136249999999485e+00
7.191227500000000994e+00
7.160934999999999384e+00
7.136407500000000681e+00
7.111885000000000012e+00
7.086393749999999159e+00
7.169716249999999569e+00
7.294376250000000006e+00
7.407813749999999864e+00
7.620146250000000343e+00
7.616428750000000747e+00
7.360058750000001204e+00
6.723155000000000214e+00
6.099516249999999751e+00
5.738038750000000299e+00
1.419553749999999948e+00
1.426873749999999941e+00
1.444658749999999880e+00
7.483187500000000325e-01
7.704562499999999536e-01
