6.285650000000000404e+01
7.484503750000000366e+01
5.112846249999999770e+01
4.307006249999999881e+01
3.845273750000000490e+01
3.459163749999999737e+01
3.048580000000000112e+01
2.694237499999999841e+01
2.417017500000000041e+01
2.160841250000000002e+01
1.897184999999999988e+01
1.599889999999999901e+01
1.360291250000000041e+01
9.513902500000000373e+00
7.663459999999999717e+00
6.813412500000000982e+00
6.006425000000000125e+00
5.436151249999999990e+00
4.997092499999999937e+00
4.652671250000000036e+00
4.370442500000000230e+00
4.138069999999999915e+00
3.805873749999999944e+00
3.439538750000000089e+00
3.163282500000000219e+00
2.947008750000000177e+00
2.765861249999999938e+00
2.615358749999999954e+00
2.487471249999999579e+00
2.379009999999999625e+00
2.280872500000000080e+00
2.194992499999999680e+00
2.117432500000000051e+00
2.047266249999999843e+00
1.958456250000000010e+00
1.854015000000000191e+00
1.764887499999999942e+00
1.688411249999999919e+00
1.630659999999999998e+00
1.597663749999999938e+00
1.555832499999999952e+00
1.500175000000000036e+00
1.449905000000000221e+00
1.406025000000000080e+00
1.363248750000000120e+00
1.335434999999999928e+00
1.317643750000000002e+00
1.300018750000000001e+00
1.282386250000000061e+00
1.270843749999999828e+00
1.265434999999999865e+00
1.260121250000000082e+00
1.254731250000000076e+00
1.249338749999999942e+00
1.243985000000000118e+00
1.238599999999999923e+00
1.233212499999999823e+00
1.227876250000000002e+00
1.222488749999999902e+00
1.217146250000000096e+00
1.211773750000000094e+00
1.206403750000000219e+00
1.201016249999999896e+00
1.195657500000000040e+00
1.186228749999999943e+00
1.172832499999999945e+00
1.159421249999999848e+00
1.145966249999999853e+00
1.129318749999999927e+00
1.109701250000000083e+00
1.089937500000000004e+00
1.069962499999999928e+00
1.050159999999999982e+00
1.026508750000000081e+00
9.986356249999999157e-01
9.706831250000000910e-01
9.466417499999999485e-01
9.254799999999998583e-01
9.078678749999999908e-01
8.901212499999999750e-01
8.715168749999999687e-01
8.554223749999999571e-01
8.404515000000000180e-01
8.252437500000000536e-01
8.083771250000000297e-01
7.906039999999999734e-01
7.735469999999998736e-01
7.597552499999999931e-01
7.480674999999999963e-01
7.405668750000000689e-01
7.358658750000000026e-01
7.272093750000000467e-01
7.014668750000000452e-01
6.711064999999999392e-01
6.502802500000000041e-01
6.109079999999998956e-01
5.774166250000000167e-01
5.597528750000000386e-01
5.356572499999999737e-01
5.152035000000000364e-01
5.047872500000000207e-01
4.968502499999999378e-01
4.866306249999999833e-01
4.800096249999999953e-01
4.621922499999999712e-01
4.350707500000000061e-01
4.128323750000000292e-01
3.901100000000000123e-01
3.736048749999999474e-01
3.621305000000000218e-01
3.496734999999999705e-01
3.402330000000000076e-01
3.319590000000000041e-01
3.233665000000000012e-01
3.141795000000000004e-01
3.024752499999999733e-01
2.943802500000000100e-01
2.887007500000000060e-01
2.820289999999999742e-01
2.735254999999999770e-01
9.906586250000000149e+00
2.278858749999999844e+01
2.234525000000000361e+01
2.200477500000000219e+01
2.184934999999999761e+01
2.167405000000000115e+01
2.149575000000000102e+01
2.137169999999999703e+01
2.121611249999999771e+01
2.103108749999999816e+01
2.078201250000000044e+01
2.060053749999999795e+01
2.045329999999999870e+01
2.028761250000000160e+01
2.003373750000000086e+01
1.976984999999999815e+01
1.952026249999999763e+01
1.925637500000000557e+01
1.897548750000000339e+01
1.878289999999999793e+01
1.857673750000000368e+01
1.832771250000000052e+01
1.808346249999999955e+01
1.746196249999999850e+01
1.678322500000000161e+01
1.625045000000000073e+01
1.567003749999999940e+01
1.504652499999999904e+01
1.429562499999999936e+01
1.357923750000000140e+01
1.305461250000000284e+01
1.216773749999999943e+01
1.058230000000000004e+01
9.525183750000001837e+00
9.265874999999999417e+00
9.070871250000001496e+00
8.946772499999999795e+00
7.854095000000000937e+00
6.548701250000000584e+00
6.208829999999999849e+00
6.043852499999999850e+00
5.817918749999999584e+00
5.290033750000000090e+00
4.826107500000000883e+00
3.938818749999999813e+00
3.062721250000000062e+00
2.883581250000000207e+00
2.597617500000000135e+00
2.245789999999999953e+00
2.008177499999999949e+00
1.839332500000000037e+00
1.773346249999999902e+00
1.638372500000000231e+00
1.566477499999999967e+00
1.521293749999999889e+00
1.436160000000000103e+00
1.335677499999999851e+00
1.272084999999999910e+00
1.171649999999999858e+00
1.031867499999999938e+00
9.484822499999999712e-01
8.637102500000000127e-01
7.590461250000000160e-01
6.486021250000001404e-01
5.457032499999999731e-01
4.585646250000000590e-01
3.906991249999999805e-01
3.690986250000000135e-01
3.483401250000000005e-01
3.108406249999999815e-01
2.882855000000000278e-01
2.770148749999999938e-01
2.658310000000000395e-01
2.494014999999999982e-01
1.962907499999999861e-01
1.522968750000000260e-01
1.224247499999999989e-01
9.833552500000000696e-02
7.893672499999999925e-02
6.995123749999999918e-02
6.405061249999999262e-02
6.169360000000000122e-02
5.913834999999999925e-02
5.633613749999999420e-02
5.407156249999999637e-02
5.199690000000000561e-02
5.021457499999999741e-02
4.716101250000000189e-02
4.518831249999999411e-02
4.305308750000000351e-02
3.878225000000000422e-02
3.567784999999999707e-02
3.450825000000000420e-02
3.373283750000000136e-02
3.296455000000000218e-02
3.142088750000000125e-02
2.949149999999999688e-02
2.875294999999999934e-02
2.871496249999999986e-02
2.821152500000000118e-02
2.743457499999999577e-02
2.684038750000000001e-02
2.589127499999999832e-02
2.286821249999999861e-02
1.854057500000000011e-02
1.573188749999999969e-02
1.392704999999999985e-02
9.277058749999999090e-03
5.029146249999999832e-03
2.836096250000000058e-03
6.637319999999999939e-04
8.003446250000000300e-04
1.096902500000000030e-03
2.538899999999999968e-04
2.502702500000000049e-04
2.480514999999999543e-04
1.260587500000000033e-04
1.310375000000000071e-04
