7.200799999999999557e+01
8.677704999999998847e+01
6.016091249999999491e+01
5.122944999999999993e+01
4.614906249999999233e+01
4.192718750000000227e+01
3.746905000000000285e+01
3.364898749999999694e+01
3.068210000000000193e+01
2.795862499999999784e+01
2.517281249999999559e+01
2.205606249999999946e+01
1.956073749999999833e+01
1.534174999999999933e+01
1.344518749999999940e+01
1.257808750000000053e+01
1.175667499999999954e+01
1.117728750000000026e+01
1.073184999999999967e+01
1.038278749999999917e+01
1.009699999999999953e+01
9.861898749999999936e+00
9.526041250000002236e+00
9.156010000000001980e+00
8.877207500000000806e+00
8.659098750000000067e+00
8.476503749999999116e+00
8.324876250000000866e+00
8.196081250000000651e+00
8.086885000000000545e+00
7.988107499999999916e+00
7.901697499999999152e+00
7.823671250000000299e+00
7.753096250000000467e+00
7.663788750000000149e+00
7.558796249999999439e+00
7.469219999999999970e+00
7.392381249999999682e+00
7.334358750000000704e+00
7.301211250000000597e+00
7.259202499999999780e+00
7.203303749999999894e+00
7.152826250000000385e+00
7.108773749999999225e+00
7.065834999999999866e+00
7.037913750000000412e+00
7.020054999999999268e+00
7.002368749999999586e+00
6.984672500000000284e+00
6.973090000000000011e+00
6.967661249999999917e+00
6.962331249999999194e+00
6.956921249999999723e+00
6.951511250000000253e+00
6.946139999999999759e+00
6.940735000000000099e+00
6.935329999999999551e+00
6.929976250000001059e+00
6.924572500000000019e+00
6.919211250000000035e+00
6.913819999999999411e+00
6.908431249999999579e+00
6.903030000000000221e+00
6.897652499999999520e+00
6.888188749999999416e+00
6.874747499999998901e+00
6.861292499999999350e+00
6.847793750000001012e+00
6.831089999999999662e+00
6.811413749999999823e+00
6.791591249999999746e+00
6.771555000000001101e+00
6.751693749999999383e+00
6.727971249999999515e+00
6.700023750000000611e+00
6.671993750000000389e+00
6.647887499999999505e+00
6.626670000000000726e+00
6.609011250000000004e+00
6.591223750000000159e+00
6.572576249999999121e+00
6.556446250000000475e+00
6.541438750000000191e+00
6.526197500000000318e+00
6.509291249999999529e+00
6.491477500000000234e+00
6.474382499999999929e+00
6.460560000000000080e+00
6.448847499999999400e+00
6.441332499999999683e+00
6.436622500000000358e+00
6.427948750000000544e+00
6.402153750000000976e+00
6.371733750000000640e+00
6.350868750000000063e+00
6.311426249999998461e+00
6.277881250000000080e+00
6.260189999999999699e+00
6.236057500000001141e+00
6.215573749999999897e+00
6.205141250000000497e+00
6.197194999999999787e+00
6.186960000000000015e+00
6.180332499999999563e+00
6.162490000000000911e+00
6.135335000000000427e+00
6.113068750000000051e+00
6.090321250000000575e+00
6.073800000000000310e+00
6.062313749999999501e+00
6.049845000000000361e+00
6.040393750000000672e+00
6.032112500000000210e+00
6.023512500000000713e+00
6.014314999999998967e+00
6.002603750000000460e+00
5.994500000000001272e+00
5.988817499999999683e+00
5.982138750000000726e+00
5.973628750000000487e+00
1.912236249999999771e+01
3.675772500000000065e+01
3.623251249999999857e+01
3.582912499999999767e+01
3.564497499999999519e+01
3.543731250000000443e+01
3.522606249999999761e+01
3.507910000000000394e+01
3.489477499999999566e+01
3.467560000000000286e+01
3.438049999999999784e+01
3.416550000000000153e+01
3.399106249999999818e+01
3.379480000000000217e+01
3.349399999999999267e+01
3.318136250000000587e+01
3.288569999999999993e+01
3.257306249999999892e+01
3.224031250000000171e+01
3.201211250000000064e+01
3.176786249999999967e+01
3.147286250000000152e+01
3.118348750000000180e+01
3.044718749999999829e+01
2.964307499999999962e+01
2.901188750000000027e+01
2.832428750000000051e+01
2.758559999999999945e+01
2.669593749999999943e+01
2.584728750000000019e+01
2.522572500000000062e+01
2.417503749999999840e+01
2.229674999999999585e+01
2.103125000000000000e+01
2.069981250000000017e+01
2.045056250000000020e+01
2.029193749999999952e+01
1.889526250000000118e+01
1.722672499999999829e+01
1.678949999999999676e+01
1.656826249999999945e+01
1.625542499999999890e+01
1.552449999999999797e+01
1.488178749999999795e+01
1.358575000000000088e+01
1.224287499999999973e+01
1.194932499999999820e+01
1.147005000000000052e+01
1.085444999999999993e+01
1.041036249999999974e+01
1.009198750000000189e+01
9.956989999999999341e+00
9.680053750000000790e+00
9.529509999999998371e+00
9.433803750000000932e+00
9.253463750000001653e+00
9.045891250000000383e+00
8.918056249999999352e+00
8.733252499999998975e+00
8.522236249999998847e+00
8.438718749999999602e+00
8.392638749999999703e+00
8.372403750000000144e+00
8.413809999999999789e+00
8.479643750000001035e+00
8.598023749999999410e+00
8.717473749999999910e+00
8.762715000000000032e+00
8.814026249999999507e+00
8.914942500000000436e+00
8.982911249999999015e+00
9.019276249999998996e+00
9.055813750000000439e+00
9.110510000000001440e+00
9.198771250000000066e+00
9.265544999999999476e+00
9.289223749999999669e+00
9.225458749999999597e+00
9.033243750000000460e+00
8.792044999999999888e+00
8.594370000000001397e+00
8.512741249999999482e+00
8.422578749999999559e+00
8.322203749999999900e+00
8.172444999999999737e+00
8.026660000000001460e+00
7.928209999999999980e+00
7.741297499999999943e+00
7.597394999999999676e+00
7.457515000000000782e+00
7.215093750000000306e+00
7.028411250000000443e+00
6.939936249999999696e+00
6.880895000000000650e+00
6.812768750000000040e+00
6.649047499999999111e+00
6.403063750000000276e+00
6.158721250000000147e+00
5.977491249999999035e+00
5.839866250000000925e+00
5.727747500000000436e+00
5.642023749999999893e+00
5.505132499999999318e+00
5.134606250000000038e+00
4.594163749999999879e+00
4.277457500000000579e+00
4.065888750000000051e+00
3.754753750000000334e+00
3.718356250000000252e+00
3.892502499999999976e+00
4.261207500000000259e+00
4.456043749999999193e+00
4.448970000000000091e+00
1.090095000000000036e+00
1.084338749999999907e+00
1.068222500000000075e+00
5.006787499999999502e-01
4.692962500000000259e-01
