9.151462500000000944e+00
1.193200000000000216e+01
9.032453750000000170e+00
8.159368749999998727e+00
7.696298749999999522e+00
7.335546250000000157e+00
6.983248749999999561e+00
6.706614999999999327e+00
6.511928750000000932e+00
6.350210000000000576e+00
6.200968749999999474e+00
6.057162500000000449e+00
5.957834999999999326e+00
5.827862499999999280e+00
5.781735000000000291e+00
5.764678749999998963e+00
5.750230000000000175e+00
5.741132499999999972e+00
5.734750000000000902e+00
5.730123750000000626e+00
5.726571249999999225e+00
5.723827499999999624e+00
5.720168750000000912e+00
5.716470000000000162e+00
5.713926250000000095e+00
5.712087500000000873e+00
5.710643749999999130e+00
5.709518749999999976e+00
5.708610000000000184e+00
5.707874999999999588e+00
5.707236250000000233e+00
5.706699999999998774e+00
5.706240000000000201e+00
5.705829999999999735e+00
5.705334999999999823e+00
5.704780000000000406e+00
5.704333749999999981e+00
5.703969999999999096e+00
5.703699999999999548e+00
5.703549999999999898e+00
5.703369999999999607e+00
5.703130000000000699e+00
5.702919999999999767e+00
5.702750000000000874e+00
5.702581249999999713e+00
5.702480000000000437e+00
5.702415000000000234e+00
5.702350000000000918e+00
5.702289999999998749e+00
5.702246249999999961e+00
5.702230000000000132e+00
5.702210000000000001e+00
5.702190000000000758e+00
5.702170000000000627e+00
5.702152500000000401e+00
5.702139999999999986e+00
5.702119999999999855e+00
5.702100000000000612e+00
5.702080000000000481e+00
5.702060000000001239e+00
5.702049999999999841e+00
5.702029999999999710e+00
5.702010000000000467e+00
5.701990000000001224e+00
5.701959999999999695e+00
5.701920000000000321e+00
5.701870000000000438e+00
5.701830000000000176e+00
5.701769999999999783e+00
5.701709999999999390e+00
5.701649999999999885e+00
5.701590000000001268e+00
5.701529999999999099e+00
5.701466250000000180e+00
5.701389999999999958e+00
5.701310000000000322e+00
5.701250000000000817e+00
5.701190000000000424e+00
5.701148749999998877e+00
5.701100000000000279e+00
5.701059999999999128e+00
5.701019999999999754e+00
5.700989999999999114e+00
5.700949999999999740e+00
5.700910000000000366e+00
5.700870000000000992e+00
5.700829999999999842e+00
5.700800000000000090e+00
5.700780000000000847e+00
5.700763750000000130e+00
5.700760000000000716e+00
5.700739999999999696e+00
5.700690000000000701e+00
5.700630000000000308e+00
5.700589999999999158e+00
5.700519999999999143e+00
5.700459999999999638e+00
5.700440000000000396e+00
5.700400000000001022e+00
5.700370000000000381e+00
5.700357500000000854e+00
5.700339999999998852e+00
5.700330000000000119e+00
5.700319999999998721e+00
5.700299999999999478e+00
5.700260000000000105e+00
5.700239999999999974e+00
5.700209999999999333e+00
5.700190000000000090e+00
5.700179999999999580e+00
5.700169999999999959e+00
5.700160000000000338e+00
5.700149999999999828e+00
5.700149999999999828e+00
5.700139999999999318e+00
5.700130000000000585e+00
5.700119999999999187e+00
5.700119999999999187e+00
5.700110000000000454e+00
5.700099999999999945e+00
9.215776249999999337e+00
1.396912500000000001e+01
1.388723750000000123e+01
1.382435000000000080e+01
1.379563749999999800e+01
1.376326250000000151e+01
1.373034999999999961e+01
1.370741250000000022e+01
1.367866249999999795e+01
1.364450000000000074e+01
1.359848749999999917e+01
1.356496250000000003e+01
1.353778750000000031e+01
1.350716249999999796e+01
1.346027500000000110e+01
1.341151249999999884e+01
1.336543750000000230e+01
1.331666249999999962e+01
1.326481249999999967e+01
1.322923749999999998e+01
1.319115000000000038e+01
1.314515000000000100e+01
1.310003750000000089e+01
1.298523750000000021e+01
1.285986250000000020e+01
1.276143749999999955e+01
1.265424999999999933e+01
1.253904999999999959e+01
1.240035000000000132e+01
1.226803749999999837e+01
1.217111249999999956e+01
1.200729999999999720e+01
1.171445000000000114e+01
1.150608749999999958e+01
1.143394999999999939e+01
1.137968749999999929e+01
1.134516249999999893e+01
1.104118749999999949e+01
1.067802500000000165e+01
1.058067499999999939e+01
1.052441250000000039e+01
1.043751250000000041e+01
1.023447499999999977e+01
1.005567499999999903e+01
9.646938750000000340e+00
9.180143749999999159e+00
9.065751250000001704e+00
8.872428749999999198e+00
8.608665000000000234e+00
8.402191249999999556e+00
8.252646249999999739e+00
8.183643749999999883e+00
8.041679999999999495e+00
7.963032499999999736e+00
7.912506249999999852e+00
7.817302500000000265e+00
7.710212499999999913e+00
7.645973749999998681e+00
7.561601250000000718e+00
7.490369999999999528e+00
7.490236250000000595e+00
7.528931250000000297e+00
7.613357499999999334e+00
7.765209999999999724e+00
7.933943750000000072e+00
8.139458750000001075e+00
8.326774999999997817e+00
8.393613750000000095e+00
8.465682499999999777e+00
8.604101250000001144e+00
8.694627499999999287e+00
8.742261250000000317e+00
8.789979999999999905e+00
8.860602500000000603e+00
8.784382499999999538e+00
8.615202500000000541e+00
8.415514999999999191e+00
8.130713749999999962e+00
7.790040000000001186e+00
7.470191249999999172e+00
7.198132500000000711e+00
7.083735000000000781e+00
6.956060000000000798e+00
6.812674999999998704e+00
6.629428749999999759e+00
6.448747500000000521e+00
6.313863750000000330e+00
6.059166249999999643e+00
5.866998750000000484e+00
5.693951250000000464e+00
5.421520000000001005e+00
5.222655000000000491e+00
5.129014999999999880e+00
5.066464999999999996e+00
4.994545000000000456e+00
4.810467499999999674e+00
4.538822500000000204e+00
4.288053749999999553e+00
4.109963750000000360e+00
3.975694999999999979e+00
3.864802500000000141e+00
3.780023749999999794e+00
3.644664999999999822e+00
3.266882499999999467e+00
2.718498749999999742e+00
2.417192500000000077e+00
2.218986249999999938e+00
1.973462499999999897e+00
1.995764999999999789e+00
2.190862500000000157e+00
2.618348749999999558e+00
2.956247499999999917e+00
3.016523750000000170e+00
7.187749999999999417e-01
7.072587500000000471e-01
6.860562500000000341e-01
3.140974999999999739e-01
2.906500000000000195e-01
