3.643795000000000073e+03
4.362578749999999673e+03
2.999963749999999891e+03
2.539173750000000382e+03
2.275807499999999891e+03
2.056012500000000273e+03
1.822767499999999927e+03
1.621858750000000100e+03
1.464958749999999782e+03
1.320181249999999864e+03
1.171351250000000164e+03
1.003747124999999869e+03
8.687632499999999709e+02
6.382019999999999982e+02
5.335633749999999509e+02
4.852334999999999923e+02
4.391656250000000341e+02
4.064045000000000414e+02
3.810063750000000482e+02
3.609489999999999554e+02
3.444136250000000814e+02
3.306975000000000477e+02
3.108902500000000373e+02
2.887357499999999959e+02
2.717175000000000296e+02
2.581419999999999959e+02
2.465750000000000171e+02
2.367788749999999993e+02
2.283025000000000091e+02
2.209679999999999893e+02
2.142368750000000261e+02
2.082328750000000070e+02
2.027258750000000020e+02
1.976594999999999800e+02
1.910833749999999895e+02
1.831460000000000150e+02
1.761717500000000030e+02
1.699856249999999989e+02
1.653144999999999811e+02
1.625680000000000121e+02
1.589499999999999886e+02
1.541358749999999986e+02
1.496816249999999968e+02
1.456694999999999993e+02
1.417378750000000025e+02
1.390867499999999950e+02
1.373731250000000159e+02
1.356754999999999995e+02
1.339773749999999950e+02
1.328481250000000102e+02
1.322918750000000045e+02
1.317452499999999986e+02
1.311903750000000173e+02
1.306361249999999927e+02
1.300854999999999961e+02
1.295313750000000255e+02
1.289773749999999950e+02
1.284282499999999914e+02
1.278742500000000035e+02
1.273247499999999945e+02
1.267721250000000026e+02
1.262197500000000048e+02
1.256657500000000027e+02
1.251144999999999925e+02
1.241445000000000078e+02
1.227663749999999965e+02
1.213871249999999833e+02
1.200030000000000143e+02
1.182146250000000123e+02
1.160460000000000065e+02
1.138614999999999924e+02
1.116532499999999999e+02
1.094646250000000265e+02
1.067669999999999959e+02
1.035170000000000101e+02
1.002544999999999931e+02
9.736736249999999870e+01
9.478557500000000857e+01
9.263682499999998754e+01
9.029396250000000634e+01
8.770743749999999750e+01
8.546984999999999388e+01
8.338851249999999027e+01
8.132058750000000202e+01
7.939183750000000828e+01
7.743214999999999293e+01
7.553901249999999834e+01
7.356751249999999231e+01
7.183198749999999677e+01
7.081833749999999839e+01
7.018301250000000380e+01
6.901319999999998345e+01
6.574978749999999650e+01
6.209842500000000598e+01
5.964869999999999806e+01
1.175971250000000055e+02
4.149456250000000068e+02
6.865387499999999932e+01
5.933388749999999590e+01
4.534676249999999982e+02
5.266206250000000182e+02
8.810832499999999357e+01
4.948838750000000175e+01
4.407923750000000496e+01
3.816368750000000176e+01
3.390625000000000000e+01
4.701532499999999715e+01
3.727476250000000277e+02
3.401131250000000250e+01
5.487623750000000200e+02
1.881142500000000268e+02
2.755048749999999913e+01
2.277112500000000139e+01
2.089462499999999778e+01
5.713514999999999588e+01
4.283469999999999800e+02
2.573946250000000191e+01
2.238193749999999937e+01
2.311805000000000021e+01
8.124773750000000518e+02
5.396902499999999918e+02
1.972296250000000128e+01
1.529203749999999928e+01
1.550396249999999831e+01
2.015001249999999899e+01
7.280258750000000418e+02
3.016523749999999836e+03
1.710115000000000123e+02
4.297619999999999862e+01
2.727097499999999997e+01
2.053546249999999773e+01
1.831752499999999984e+01
1.708561249999999987e+01
1.610336249999999936e+01
1.498295000000000066e+01
1.410997500000000038e+01
1.345256249999999909e+01
1.288195000000000157e+01
1.234651249999999933e+01
1.201490000000000080e+01
1.167769999999999975e+01
1.129508750000000283e+01
1.092935000000000123e+01
1.000801874999999797e+01
8.939521249999998531e+00
8.397741249999999269e+00
7.819408749999999486e+01
5.518630000000000564e+02
1.760913749999999922e+01
1.347971250000000154e+01
1.216232499999999916e+01
1.082274999999999920e+01
8.847796250000000029e+00
6.855892500000000389e+00
3.213948750000000132e+02
5.341040000000000418e+02
2.667783749999999898e+01
4.431453750000000014e+01
1.098788749999999936e+02
1.070702500000000015e+02
1.051026250000000033e+02
1.017468749999999886e+02
9.472427500000000578e+01
8.976623750000000257e+01
7.733238750000001005e+01
6.463643749999999955e+01
6.163233749999999844e+01
5.709708749999999355e+01
5.092242499999999694e+01
4.617273750000000376e+01
4.329718749999999972e+01
4.185874999999999346e+01
3.884846249999999657e+01
3.699414999999999765e+01
3.575901249999999720e+01
3.393679999999999808e+01
3.150256250000000335e+01
2.991530000000000200e+01
2.736913750000000078e+01
2.392186249999999959e+01
2.201923749999999558e+01
2.044766249999999985e+01
1.880437500000000028e+01
1.657491249999999638e+01
1.508327500000000043e+01
1.372364999999999924e+01
1.271283750000000090e+01
1.235292499999999905e+01
1.191489999999999938e+01
1.111787499999999973e+01
1.062876250000000056e+01
1.037969999999999970e+01
1.012895000000000145e+01
9.774962499999999110e+00
9.039222500000001048e+00
8.404764999999999375e+00
7.780654999999999433e+00
7.130320000000000213e+00
6.726778750000000251e+00
6.567877499999999813e+00
6.490826249999999575e+00
6.487697500000000339e+00
6.483884999999999899e+00
6.479281249999999659e+00
6.494698750000001297e+00
6.520959999999999646e+00
6.538657500000001122e+00
6.585238750000000252e+00
6.625091249999999654e+00
6.665399999999999991e+00
6.737423749999999600e+00
6.794659999999999478e+00
6.823658750000000772e+00
6.843564999999999898e+00
6.864436249999998907e+00
6.909581249999999564e+00
6.971753749999999528e+00
7.023751250000000113e+00
7.054617499999999097e+00
7.071672500000000028e+00
7.079307499999999642e+00
7.082285000000000608e+00
7.087488750000000337e+00
7.056406250000000213e+00
6.880842499999999973e+00
6.678113750000000515e+00
6.468953750000000724e+00
5.831432499999999131e+00
5.180593749999999886e+00
4.799442500000000500e+00
4.581033749999999571e+00
4.717484999999999928e+00
4.970038749999999617e+00
1.297777500000000028e+00
1.303781250000000114e+00
1.306210000000000093e+00
6.448987499999999651e-01
6.296512499999999957e-01
