3.494550000000000182e+03
4.160675000000000182e+03
2.841906250000000455e+03
2.393758749999999964e+03
2.136950000000000273e+03
1.922182500000000118e+03
1.693773750000000064e+03
1.496617499999999836e+03
1.342339999999999918e+03
1.199737499999999727e+03
1.052923749999999927e+03
8.872943749999999454e+02
7.537121249999999009e+02
5.252347499999999627e+02
4.215353750000000446e+02
3.737024999999999295e+02
3.281891250000000468e+02
2.959067499999999882e+02
2.709519999999999982e+02
2.513111250000000041e+02
2.351771249999999895e+02
2.218493750000000091e+02
2.027017500000000325e+02
1.814602499999999736e+02
1.653263750000000414e+02
1.526152500000000032e+02
1.418972500000000139e+02
1.329354999999999905e+02
1.252790000000000106e+02
1.187503749999999911e+02
1.128167499999999990e+02
1.075953750000000184e+02
1.028603750000000048e+02
9.855765000000000953e+01
9.308054999999998813e+01
8.660437500000000455e+01
8.104662499999999170e+01
7.624724999999999397e+01
7.262307500000000005e+01
7.054381250000000136e+01
6.789302499999999441e+01
6.436605000000000132e+01
6.117503750000000196e+01
5.838331250000000239e+01
5.566128750000000025e+01
5.388855000000000217e+01
5.275422499999999815e+01
5.163046249999999304e+01
5.050631250000000705e+01
4.977085000000001003e+01
4.942664999999999509e+01
4.908851250000000022e+01
4.874541250000000048e+01
4.840246249999999861e+01
4.806181250000000205e+01
4.771915000000000617e+01
4.737637500000000301e+01
4.703682500000000744e+01
4.669402499999999634e+01
4.635414999999998997e+01
4.601234999999999786e+01
4.567065000000000197e+01
4.532801249999999982e+01
4.498698749999999791e+01
4.438697499999999962e+01
4.353459999999999042e+01
4.268137500000000273e+01
4.182524999999999693e+01
4.077333749999999668e+01
3.953992499999999666e+01
3.829743750000000091e+01
3.704136249999999819e+01
3.579652499999999549e+01
3.432683750000000344e+01
3.261021250000000293e+01
3.088948750000000132e+01
2.943337500000000162e+01
2.816357500000000158e+01
2.710672500000000085e+01
2.601706250000000153e+01
2.485660000000000025e+01
2.385266250000000099e+01
2.291883749999999864e+01
2.200025000000000119e+01
2.121740000000000137e+01
2.043950000000000244e+01
1.968805000000000049e+01
1.890596250000000111e+01
1.827465000000000117e+01
1.793483750000000043e+01
1.772186250000000030e+01
1.732968749999999858e+01
1.632697500000000090e+01
1.550521249999999895e+01
1.541277499999999812e+01
7.930264999999999986e+01
3.693266250000000355e+02
2.911458749999999895e+01
2.657094999999999985e+01
4.243959999999999582e+02
4.773968749999999659e+02
4.814374999999999716e+01
1.462475000000000058e+01
1.082991250000000072e+01
7.872404999999999653e+00
7.507568749999999902e+00
2.402931249999999963e+01
3.403429999999999609e+02
1.420779999999999887e+01
5.085913749999999709e+02
1.565105000000000075e+02
8.458177500000001459e+00
5.800556249999999636e+00
6.382008749999998898e+00
4.677374999999999972e+01
3.732059999999999604e+02
7.226826250000001117e+00
6.358421250000000136e+00
9.288990000000000080e+00
6.274262499999999818e+02
3.930587499999999750e+02
3.520551250000000465e+00
2.947577499999999517e+00
5.900246250000000359e+00
1.174238749999999776e+01
4.966820000000000164e+02
1.970152499999999918e+03
8.699046250000000668e+01
1.191466250000000215e+01
4.684753749999999606e+00
2.142032500000000006e+00
1.467545000000000099e+00
1.140656250000000149e+00
9.167103750000000773e-01
6.990966250000000271e-01
5.606827500000000075e-01
4.766471250000000048e-01
4.206778749999999789e-01
3.800074999999999981e-01
3.624227500000000157e-01
3.492331250000000331e-01
3.438978750000000195e-01
3.449714999999999865e-01
4.195362499999999994e-01
6.598443750000000385e-01
1.668285000000000018e+00
3.841931249999999665e+01
2.236398749999999893e+02
1.058361249999999920e+00
4.058276250000000251e-01
2.772747500000000143e-01
2.143815000000000026e-01
2.685874999999999790e-01
1.766704999999999970e+00
1.136234999999999928e+02
2.186011249999999961e+02
2.375080000000000080e+00
1.084078749999999935e+01
3.967598749999999797e+01
3.804701250000000812e+01
3.692883750000000020e+01
3.503892499999999899e+01
3.113850000000000051e+01
2.847892500000000027e+01
2.215527499999999961e+01
1.614444999999999908e+01
1.482371249999999918e+01
1.291799999999999926e+01
1.044727499999999942e+01
8.688663749999999908e+00
7.674324999999999619e+00
7.202795000000000059e+00
6.224306249999999707e+00
5.651474999999999582e+00
5.280331249999999699e+00
4.761052499999999021e+00
4.097338750000000474e+00
3.687666250000000367e+00
3.081246249999999964e+00
2.332638750000000094e+00
1.963811250000000008e+00
1.690602499999999786e+00
1.432636250000000278e+00
1.092046250000000107e+00
8.928243749999998924e-01
7.335102500000000303e-01
6.279553750000000933e-01
5.922673750000000403e-01
5.386657500000000542e-01
4.586672499999999708e-01
4.209412500000000446e-01
4.033903749999999677e-01
3.864562500000000567e-01
3.637126250000000671e-01
3.144043749999999582e-01
2.690894999999999815e-01
2.206312500000000010e-01
1.624762499999999887e-01
1.294624999999999804e-01
1.148573749999999838e-01
1.064229999999999898e-01
1.046592499999999953e-01
1.025111249999999946e-01
9.991641249999999586e-02
9.629712499999999731e-02
9.297696250000000995e-02
9.073936249999998982e-02
8.702937500000000604e-02
8.436436250000001191e-02
8.226798750000000049e-02
7.970952499999998941e-02
7.649803750000000457e-02
7.453122499999999262e-02
7.318101250000001723e-02
7.168260000000001297e-02
6.817032500000000383e-02
6.442028750000000636e-02
6.122783749999999997e-02
5.882108750000000080e-02
5.771642500000000175e-02
5.685036250000000124e-02
5.618613749999999685e-02
5.350131250000000199e-02
4.834086249999999807e-02
3.799114999999999437e-02
3.177488749999999446e-02
2.717183750000000050e-02
1.716884999999999939e-02
9.315627499999999672e-03
5.093018749999999109e-03
1.594232500000000068e-03
7.814278750000000929e-04
9.347703750000000431e-04
2.419841250000000080e-04
2.319308750000000107e-04
2.040151249999999790e-04
6.353412499999999371e-05
4.088187499999999726e-05
