1.492411249999999825e+02
2.019025000000000034e+02
1.580586249999999779e+02
1.454166250000000105e+02
1.388575000000000159e+02
1.338307499999999948e+02
1.289950000000000045e+02
1.252416250000000133e+02
1.226188749999999885e+02
1.204431249999999949e+02
1.184273750000000121e+02
1.164547500000000042e+02
1.150512500000000102e+02
1.129671249999999958e+02
1.120277499999999975e+02
1.115308749999999804e+02
1.109763750000000044e+02
1.104980000000000047e+02
1.100540000000000305e+02
1.096380000000000052e+02
1.092366249999999894e+02
1.088482499999999931e+02
1.081883749999999935e+02
1.072756250000000051e+02
1.063912499999999994e+02
1.055267499999999927e+02
1.046777500000000174e+02
1.038431249999999864e+02
1.030236250000000098e+02
1.022175000000000011e+02
1.014199999999999875e+02
1.006373749999999916e+02
9.986579999999999302e+01
9.910188749999998947e+01
9.800294999999999845e+01
9.654136250000000530e+01
9.512523749999999723e+01
9.373851249999998458e+01
9.269136249999999677e+01
9.202426250000000607e+01
9.105695000000001471e+01
8.976988749999999584e+01
8.850651249999998527e+01
8.728631249999999397e+01
8.607665000000001498e+01
8.519813750000000141e+01
8.461892500000000439e+01
8.404510000000000502e+01
8.347108749999999588e+01
8.307748750000000371e+01
8.286523750000000632e+01
8.265672499999999445e+01
8.244517500000000609e+01
8.223367500000000518e+01
8.202361249999999870e+01
8.181231250000000443e+01
8.160092500000000371e+01
8.139154999999999518e+01
8.118014999999999759e+01
8.097057500000001085e+01
8.075978750000001583e+01
8.054906250000000512e+01
8.033780000000001564e+01
8.012748750000000086e+01
7.975751250000000425e+01
7.923186250000000541e+01
7.870571249999998997e+01
7.817778750000000798e+01
7.744108749999999475e+01
7.650602500000000816e+01
7.556409999999999627e+01
7.461187499999999773e+01
7.366814999999999714e+01
7.244025000000000603e+01
7.090682499999999777e+01
6.936508750000000134e+01
6.793396250000000691e+01
6.662202500000000782e+01
6.553011250000000132e+01
6.427688750000000084e+01
6.285086249999999097e+01
6.161716249999999917e+01
6.046970000000000312e+01
5.932036249999999455e+01
5.817444999999999311e+01
5.699262499999999676e+01
5.585096249999999429e+01
5.466156250000000227e+01
5.355732499999999163e+01
5.288351250000000192e+01
5.246116250000000036e+01
5.168352500000000305e+01
4.942282499999999601e+01
4.659319999999999595e+01
4.423593749999999858e+01
3.829436249999999831e+01
4.561914999999999765e+01
3.953928750000000747e+01
3.276292499999999563e+01
2.907175000000000153e+01
4.922367500000000007e+01
3.996454999999999558e+01
3.486364999999999981e+01
3.324928750000000122e+01
3.029127499999999884e+01
2.639868749999999764e+01
2.298598750000000024e+01
3.240473749999999598e+01
1.980353750000000090e+01
4.017126249999999743e+01
3.160355000000000203e+01
1.909230000000000160e+01
1.697057500000000019e+01
1.451260000000000083e+01
1.036138749999999931e+01
5.514123750000000257e+01
1.851262500000000344e+01
1.602352500000000290e+01
1.382907499999999956e+01
1.850508750000000191e+02
1.466317500000000109e+02
1.620240000000000080e+01
1.234446249999999878e+01
9.603712500000000318e+00
8.407622500000000443e+00
2.313439999999999657e+02
1.046373749999999973e+03
8.402102500000000873e+01
3.106153750000000002e+01
2.258622500000000244e+01
1.839342499999999703e+01
1.684996250000000018e+01
1.594496250000000082e+01
1.518665000000000020e+01
1.428388750000000051e+01
1.354928750000000015e+01
1.297589999999999932e+01
1.246126250000000013e+01
1.196648749999999772e+01
1.165249999999999986e+01
1.132843749999999972e+01
1.095117499999999922e+01
1.058437500000000142e+01
9.588496250000000387e+00
8.279678750000000420e+00
6.729457500000000536e+00
3.977478750000000218e+01
3.282231249999999818e+02
1.655080000000000240e+01
1.307387500000000102e+01
1.188503749999999926e+01
1.060836250000000014e+01
8.579207500000000763e+00
5.089187500000000419e+00
2.077711249999999836e+02
3.155032499999999800e+02
2.430276250000000005e+01
3.347375000000000256e+01
7.020283750000000111e+01
6.902313749999999004e+01
6.817391250000000014e+01
6.670798750000000155e+01
6.358579999999999899e+01
6.128733749999999958e+01
5.517709999999999582e+01
4.849197499999999650e+01
4.680863750000000323e+01
4.417907499999999743e+01
4.047517500000000013e+01
3.748408750000000111e+01
3.562287500000000051e+01
3.465594999999999715e+01
3.262417500000000814e+01
3.134267499999999984e+01
3.047867500000000263e+01
2.917573750000000388e+01
2.740521250000000464e+01
2.622762499999999974e+01
2.428789999999999694e+01
2.158921250000000214e+01
2.005543750000000003e+01
1.875706249999999997e+01
1.737175000000000225e+01
1.548287500000000172e+01
1.419043749999999982e+01
1.299012499999999726e+01
1.208486250000000162e+01
1.173266249999999999e+01
1.117479999999999940e+01
1.021141249999999978e+01
9.654181249999998826e+00
9.375962499999999977e+00
9.099888750000001636e+00
8.716727499999999296e+00
8.001625000000000654e+00
7.257681249999999196e+00
6.398406249999999851e+00
5.621645000000000003e+00
5.177056249999999693e+00
4.911342499999999944e+00
4.749569999999999403e+00
4.730331250000000765e+00
4.706593750000000576e+00
4.644307500000000033e+00
4.596727500000000077e+00
4.553334999999999688e+00
4.508562500000000028e+00
4.455985000000000085e+00
4.426465000000000316e+00
4.408483750000000256e+00
4.409587499999999771e+00
4.403496249999999890e+00
4.400817500000000493e+00
4.395109999999999850e+00
4.403178750000000363e+00
4.420255000000000045e+00
4.416152499999999925e+00
4.411025000000000418e+00
4.416931250000000198e+00
4.423051249999999435e+00
4.423952500000000398e+00
4.422683750000000025e+00
4.417762500000000259e+00
4.380357500000000570e+00
4.210863749999999683e+00
4.017111249999999245e+00
3.813960000000000239e+00
3.212406249999999908e+00
2.633185000000000109e+00
2.320777500000000160e+00
2.131046250000000253e+00
2.328268749999999887e+00
2.655243750000000347e+00
7.295487499999999681e-01
7.368637499999999285e-01
7.413712500000000372e-01
3.657524999999999804e-01
3.539412499999999850e-01
