5.578312500000000007e+00
7.497421250000000370e+00
5.836333749999999654e+00
5.353966250000000038e+00
5.102910000000000501e+00
4.910128750000000153e+00
4.724452499999999944e+00
4.580342500000000427e+00
4.479823750000000437e+00
4.396752499999998953e+00
4.320301249999999982e+00
4.246727499999999544e+00
4.195914999999999395e+00
4.129392499999999799e+00
4.105755000000000265e+00
4.096988749999999513e+00
4.089542500000000302e+00
4.084832500000000088e+00
4.081511249999999258e+00
4.079087499999999977e+00
4.077210000000000001e+00
4.075752500000000111e+00
4.073777499999999385e+00
4.071743749999999551e+00
4.070298749999999188e+00
4.069213749999999408e+00
4.068331249999999955e+00
4.067611250000000567e+00
4.067000000000000171e+00
4.066479999999999428e+00
4.066009999999999458e+00
4.065595000000000070e+00
4.065210000000000434e+00
4.064860000000000362e+00
4.064396249999999711e+00
4.063823749999999180e+00
4.063310000000000421e+00
4.062832499999999847e+00
4.062475000000000058e+00
4.062255000000000393e+00
4.061948749999999997e+00
4.061541250000000325e+00
4.061144999999998895e+00
4.060769999999998880e+00
4.060401249999999962e+00
4.060130000000000017e+00
4.059951250000000122e+00
4.059778749999999548e+00
4.059601250000000050e+00
4.059479999999999755e+00
4.059409999999999741e+00
4.059350000000001124e+00
4.059280000000000221e+00
4.059211250000000604e+00
4.059149999999999814e+00
4.059080000000000688e+00
4.059017500000000389e+00
4.058950000000000280e+00
4.058880000000001154e+00
4.058819999999999872e+00
4.058749999999999858e+00
4.058681249999999352e+00
4.058620000000000339e+00
4.058550000000000324e+00
4.058433750000000728e+00
4.058270000000000266e+00
4.058102499999999502e+00
4.057940000000001213e+00
4.057698750000000132e+00
4.057383750000000511e+00
4.057067500000000493e+00
4.056750000000000078e+00
4.056435000000000457e+00
4.056004999999999860e+00
4.055453749999999857e+00
4.054901250000000346e+00
4.054358749999999567e+00
4.053850000000000620e+00
4.053423749999999437e+00
4.052904999999999980e+00
4.052291249999999678e+00
4.051759999999999806e+00
4.051264999999999894e+00
4.050762500000000266e+00
4.050206250000000452e+00
4.049619999999999997e+00
4.049053750000000562e+00
4.048472499999999918e+00
4.047901250000000672e+00
4.047533749999999486e+00
4.047302499999999803e+00
4.046878750000000302e+00
4.045616250000000136e+00
4.043958749999999824e+00
4.042564999999999742e+00
4.039735000000000298e+00
4.036926250000000493e+00
4.035146250000000379e+00
4.032412499999999511e+00
4.030092500000000300e+00
4.028743749999999402e+00
4.027542500000000025e+00
4.025994999999999990e+00
4.024993749999999260e+00
4.022097500000000103e+00
4.016950000000000465e+00
4.012012499999999982e+00
4.005883749999998855e+00
4.000936249999999639e+00
3.997408749999999955e+00
3.992782500000000123e+00
3.989055000000000017e+00
3.985784999999999911e+00
3.981879999999999864e+00
3.977348750000000432e+00
3.971308749999999943e+00
3.966571249999999438e+00
3.963182499999999830e+00
3.958877500000000271e+00
3.952716250000000375e+00
3.943896249999999881e+00
3.932971250000000030e+00
3.922408749999999777e+00
3.914536250000000273e+00
3.910939999999999639e+00
3.906888750000000243e+00
3.902768749999999898e+00
3.899898750000000192e+00
3.896343749999999773e+00
3.892348750000000024e+00
3.887001250000000407e+00
3.883103750000000076e+00
3.879947500000000105e+00
3.876390000000000224e+00
3.870938750000000095e+00
3.865461250000000071e+00
3.860472500000000196e+00
3.855196250000000102e+00
3.849580000000000002e+00
3.845730000000000093e+00
3.841651249999999962e+00
3.837036249999999704e+00
3.832581250000000495e+00
3.821243749999999828e+00
3.808860000000000134e+00
3.799401249999999841e+00
3.789806249999999821e+00
3.779608749999999961e+00
3.767353749999999835e+00
3.756453750000000369e+00
3.748712500000000336e+00
3.735711250000000039e+00
3.714023749999999957e+00
3.693072499999999536e+00
3.677082500000000476e+00
3.665753749999999922e+00
3.658718749999999797e+00
3.605301250000000124e+00
3.550624999999999698e+00
3.536923749999999700e+00
3.526558749999999964e+00
3.509072500000000261e+00
3.473226249999999737e+00
3.446207500000000756e+00
3.376644999999999897e+00
3.325105000000000199e+00
3.284222499999999823e+00
3.258090000000000153e+00
3.222927500000000389e+00
3.195576249999999341e+00
3.178538749999999524e+00
3.169125000000000192e+00
3.543316249999999723e+00
3.140097499999999986e+00
3.132516250000000113e+00
3.119521249999999579e+00
3.100643750000000143e+00
3.085987499999999883e+00
3.388008750000000013e+00
4.318719999999999892e+00
3.402980000000000338e+00
3.127928749999999702e+00
3.027255000000000251e+00
2.924452500000000121e+00
1.911591249999999853e+00
6.102165000000000283e+00
2.122370000000000090e+00
1.370166249999999941e+01
4.769446249999999665e+00
6.091757499999999936e+00
7.815605000000000580e+00
4.397051249999999634e+00
3.752758750000000365e+00
3.160588750000000058e+00
4.640964999999999563e+00
6.060169999999999391e+00
4.980492500000000433e+00
5.073878750000000437e+00
5.250937499999999147e+00
5.456476249999999695e+00
5.606982499999999092e+00
5.668047499999999239e+00
5.742063749999999800e+00
5.830393749999999820e+00
5.951279999999998793e+00
6.060956250000000267e+00
6.134870000000000267e+00
6.278554999999999886e+00
6.389608750000000725e+00
6.497139999999999915e+00
6.677983749999999219e+00
6.807280000000000442e+00
6.869112499999999955e+00
6.911559999999999704e+00
6.955984999999999197e+00
7.051556249999999970e+00
7.160120000000000928e+00
7.246652499999999719e+00
7.315728749999999891e+00
7.338982499999999298e+00
7.339398749999999971e+00
7.339737500000000914e+00
7.321524999999999395e+00
6.876513749999999092e+00
5.816718750000000604e+00
5.135405000000000442e+00
4.642331249999999798e+00
3.358675000000000299e+00
2.414552500000000101e+00
2.165989999999999860e+00
2.187544999999999629e+00
2.487756249999999891e+00
2.772277499999999950e+00
7.322750000000000092e-01
7.342937499999999673e-01
7.345699999999999452e-01
3.627900000000000014e-01
3.566524999999999834e-01
