3.170323750000000107e+00
3.774989999999999846e+00
2.578780000000000072e+00
2.172332500000000000e+00
1.939442499999999958e+00
1.744694999999999885e+00
1.537602499999999983e+00
1.358877499999999960e+00
1.219050000000000189e+00
1.089832499999999982e+00
9.568414999999999004e-01
8.068877500000000147e-01
6.860357500000000552e-01
4.797669999999999990e-01
3.864135000000000209e-01
3.435131249999999747e-01
3.028055000000000052e-01
2.740308750000000071e-01
2.518619999999999748e-01
2.344716249999999891e-01
2.202298749999999916e-01
2.085052499999999753e-01
1.917282499999999890e-01
1.732216249999999902e-01
1.592627500000000085e-01
1.483396250000000027e-01
1.391796250000000013e-01
1.315667499999999823e-01
1.250983750000000116e-01
1.196141250000000017e-01
1.146486250000000040e-01
1.103006249999999994e-01
1.063718750000000046e-01
1.028162500000000118e-01
9.831497499999999889e-02
9.302065000000001027e-02
8.849962499999999843e-02
8.461716250000000938e-02
8.168535000000000379e-02
8.000917499999998794e-02
7.788257500000000944e-02
7.505303750000000274e-02
7.249704999999999344e-02
7.026551250000000193e-02
6.808982499999999272e-02
6.667353750000000467e-02
6.576740000000000363e-02
6.486971249999999578e-02
6.397170000000000634e-02
6.338351250000000270e-02
6.310722500000000290e-02
6.283583749999999135e-02
6.256047499999999040e-02
6.228521250000000620e-02
6.201177500000000509e-02
6.173674999999999302e-02
6.146162500000000584e-02
6.118907500000000249e-02
6.091393749999999413e-02
6.064112499999999711e-02
6.036678750000000482e-02
6.009252500000000774e-02
5.981751249999998910e-02
5.954380000000000089e-02
5.906218750000000184e-02
5.837802500000000006e-02
5.769320000000000004e-02
5.700602500000000183e-02
5.615441250000000051e-02
5.514992500000000242e-02
5.413797500000000484e-02
5.311503750000000357e-02
5.210123750000000137e-02
5.088886249999999278e-02
4.945936250000000645e-02
4.802561250000000198e-02
4.678999999999999826e-02
4.570115000000000288e-02
4.479495000000000005e-02
4.387947499999999418e-02
4.291801249999999818e-02
4.208628749999999974e-02
4.131262499999999865e-02
4.052667500000000506e-02
3.965503750000000383e-02
3.873653750000000118e-02
3.785496249999999868e-02
3.713918749999999686e-02
3.653066250000000514e-02
3.614013749999999553e-02
3.589537500000000020e-02
3.544466250000000151e-02
3.410441250000000035e-02
3.252023750000000019e-02
3.142835000000000073e-02
2.936101249999999857e-02
2.759605000000000044e-02
2.666028750000000100e-02
2.537882500000000069e-02
2.429107500000000225e-02
2.373482500000000453e-02
2.330852500000000008e-02
2.275971249999999418e-02
2.240409999999999971e-02
2.144491250000000321e-02
1.997660000000000061e-02
1.876502500000000115e-02
1.751687500000000119e-02
1.660573749999999862e-02
1.597162499999999971e-02
1.527729999999999887e-02
1.474943750000000040e-02
1.428677499999999982e-02
1.380328749999999889e-02
1.328433749999999997e-02
1.262177500000000001e-02
1.216068749999999962e-02
1.183689999999999916e-02
1.145546250000000106e-02
1.096679999999999877e-02
1.028562499999999789e-02
9.549756249999999391e-03
8.925196249999999693e-03
8.515279999999998337e-03
8.328132499999998245e-03
8.117115000000001135e-03
7.902453749999999860e-03
7.753094999999999778e-03
7.574354999999999630e-03
7.408722499999999267e-03
7.192102499999999433e-03
7.034271249999999795e-03
6.906238749999999912e-03
6.762156249999999938e-03
6.541366249999999716e-03
6.337572500000000254e-03
6.172077500000000376e-03
5.997204999999999377e-03
5.811090000000000526e-03
5.683448750000000271e-03
5.550922500000000405e-03
5.422316249999999810e-03
5.303147500000000847e-03
4.999941249999999802e-03
4.668806250000000040e-03
4.427861249999999818e-03
4.217550000000000465e-03
3.999359999999999547e-03
3.738463749999999634e-03
3.532351249999999849e-03
3.394477500000000082e-03
3.165323749999999874e-03
2.822144999999999862e-03
2.520367500000000090e-03
2.309688749999999884e-03
2.171843749999999729e-03
2.089380000000000057e-03
1.561449999999999817e-03
1.111291250000000230e-03
1.016751250000000068e-03
9.505897499999999868e-04
8.470976249999999938e-04
6.607466250000000292e-04
5.413203749999999934e-04
3.179693750000000510e-04
2.289495000000000280e-01
4.873386249999999711e-04
1.126176249999999923e-04
5.161767499999999703e-05
3.450111249999999823e-05
2.820885000000000352e-05
3.722482500000000489e-05
2.289703750000000038e-01
2.582669999999999787e-05
1.652782500000000298e-05
1.139069999999999921e-05
1.016698750000000021e-05
1.209536249999999850e-05
1.345618749999999940e-02
1.617390000000000147e-02
1.525487500000000021e-04
4.117826249999999647e-03
7.379132499999999789e-03
4.462256250000000250e-03
2.162888749999999569e-03
3.056712499999999361e-03
1.566797500000000152e-03
6.119890000000000226e-03
6.376340000000000306e-03
1.993743750000000117e-03
1.730733750000000180e-03
1.696292500000000023e-03
1.017147500000000100e-03
1.333629999999999928e-03
5.789526250000000870e-04
1.545657500000000148e-03
2.604076250000000176e-03
2.410922499999999975e-03
2.253462500000000084e-03
2.178001250000000024e-03
2.160713749999999909e-03
2.162121250000000224e-03
2.168942499999999829e-03
2.192902500000000216e-03
2.236858750000000028e-03
2.287827499999999827e-03
2.330826249999999687e-03
2.439432499999999795e-03
2.531292500000000261e-03
2.634893750000000170e-03
2.843048749999999968e-03
3.011942500000000262e-03
3.098005000000000030e-03
3.157087500000000432e-03
3.231558750000000299e-03
3.435527500000000022e-03
3.724627500000000490e-03
4.013113750000000049e-03
4.243414999999999514e-03
4.374236249999999965e-03
4.454726249999999867e-03
4.519902500000000725e-03
4.617716249999999877e-03
4.522592500000000362e-03
3.632891249999999506e-03
2.642973750000000323e-03
2.020273749999999986e-03
1.244112500000000079e-03
7.290608749999999893e-04
5.470407499999999784e-04
4.063709999999999892e-04
4.843209999999999594e-04
6.864478749999999418e-04
2.199346250000000220e-04
2.134433750000000018e-04
1.865242500000000091e-04
3.844774999999999793e-05
3.148075000000000179e-05
