8.748637499999999179e+00
1.127243750000000233e+01
8.415113749999999726e+00
7.526297500000000085e+00
7.042352499999999793e+00
6.654822500000000751e+00
6.262053749999999752e+00
5.939220000000000610e+00
5.698870000000001212e+00
5.486586249999999332e+00
5.277141250000000561e+00
5.053612500000000729e+00
4.881953750000000092e+00
4.609162500000000051e+00
4.492168749999999378e+00
4.440501249999999622e+00
4.392348750000000024e+00
4.358862499999999862e+00
4.333373749999999802e+00
4.313559999999999839e+00
4.297442499999999832e+00
4.284256249999999433e+00
4.265507500000000896e+00
4.244965000000000543e+00
4.229561249999999717e+00
4.217552500000000038e+00
4.207509999999999195e+00
4.199180000000000135e+00
4.192101250000000334e+00
4.186097499999999805e+00
4.180659999999999599e+00
4.175897500000000484e+00
4.171585000000000321e+00
4.167676249999999527e+00
4.162711250000000085e+00
4.156844999999999679e+00
4.151806249999999920e+00
4.147449999999999193e+00
4.144159999999999400e+00
4.142262500000000180e+00
4.139831249999999407e+00
4.136592499999999895e+00
4.133642499999999664e+00
4.131036250000000187e+00
4.128489999999999327e+00
4.126803749999999660e+00
4.125721250000000673e+00
4.124647500000000022e+00
4.123572500000000751e+00
4.122862500000000097e+00
4.122519999999999740e+00
4.122183749999999591e+00
4.121839999999999726e+00
4.121498750000000655e+00
4.121159999999999712e+00
4.120820000000001038e+00
4.120477499999999793e+00
4.120138749999999739e+00
4.119794999999999874e+00
4.119458749999999725e+00
4.119117499999999765e+00
4.118776249999999806e+00
4.118434999999999846e+00
4.118096249999999792e+00
4.117498750000000207e+00
4.116648749999999524e+00
4.115796249999999823e+00
4.114943750000000122e+00
4.113852500000000134e+00
4.112533749999998989e+00
4.111204999999999998e+00
4.109863750000000593e+00
4.108534999999999826e+00
4.106894999999999740e+00
4.104915000000000092e+00
4.102927499999999839e+00
4.101148750000000121e+00
4.099550000000000693e+00
4.098221250000000815e+00
4.096784999999999677e+00
4.095207500000000778e+00
4.093843750000000448e+00
4.092578750000000376e+00
4.091289999999999871e+00
4.089861250000000226e+00
4.088354999999999961e+00
4.086907499999999693e+00
4.085612499999999869e+00
4.084431249999999736e+00
4.083671250000000086e+00
4.083197499999999813e+00
4.082322500000000076e+00
4.079721249999999522e+00
4.076480000000000103e+00
4.073995000000000033e+00
4.069096250000000303e+00
4.064523750000000213e+00
4.061806249999999174e+00
4.057792499999999691e+00
4.054383749999999509e+00
4.052478749999999685e+00
4.050851250000000014e+00
4.048756249999999390e+00
4.047399999999999665e+00
4.043541249999999643e+00
4.036927500000000002e+00
4.030775000000000219e+00
4.023398750000000135e+00
4.017542500000000238e+00
4.013379999999999725e+00
4.008062500000000306e+00
4.003807500000000630e+00
4.000070000000000014e+00
3.995681249999999629e+00
3.990632500000000249e+00
3.983932500000000321e+00
3.978730000000000100e+00
3.975022499999999681e+00
3.970333749999999995e+00
3.963683750000000394e+00
3.954180000000000028e+00
3.942518749999999628e+00
3.931334999999999802e+00
3.923051249999999435e+00
3.919270000000000032e+00
3.915006249999999799e+00
3.910668750000000138e+00
3.907652499999999751e+00
3.903918749999999882e+00
3.899756250000000257e+00
3.894192500000000834e+00
3.890141250000000106e+00
3.886851250000000313e+00
3.883150000000000546e+00
3.877479999999999816e+00
3.871796250000000050e+00
3.866642500000000648e+00
3.861193750000000424e+00
3.855393750000000175e+00
3.851414999999999811e+00
3.847201250000000350e+00
3.842458750000000034e+00
3.837883750000000038e+00
3.826243749999999721e+00
3.813528749999999690e+00
3.803827499999999695e+00
3.794023750000000028e+00
3.783605000000000107e+00
3.771092499999999959e+00
3.759986249999999863e+00
3.752104999999999801e+00
3.738877500000000076e+00
3.716848750000000035e+00
3.695592500000000058e+00
3.679391250000000113e+00
3.667923749999999927e+00
3.660808750000000167e+00
3.606863750000000035e+00
3.551734999999999864e+00
3.537940000000000307e+00
3.527508749999999971e+00
3.509921249999999660e+00
3.473887499999999573e+00
3.446747499999999853e+00
3.376961249999999914e+00
3.554054999999999520e+00
3.284710000000000019e+00
3.258206250000000193e+00
3.222977499999999829e+00
3.195612500000000189e+00
3.178567500000000212e+00
3.169161249999999708e+00
3.772283749999999714e+00
3.140121249999999531e+00
3.132533749999999895e+00
3.119531249999999645e+00
3.100653750000000208e+00
3.085998749999999458e+00
3.401463749999999564e+00
4.334891250000000085e+00
3.403132499999999894e+00
3.132048750000000048e+00
3.034634999999999749e+00
2.928917499999999841e+00
1.913756250000000270e+00
6.105222499999999997e+00
2.123938750000000208e+00
1.370780000000000065e+01
4.775823749999999812e+00
6.093751250000000397e+00
7.817336250000000319e+00
4.398747500000000699e+00
3.753778749999999942e+00
3.161922500000000191e+00
4.641544999999999810e+00
6.061717500000000314e+00
4.983097499999999513e+00
5.076291249999999700e+00
5.253191250000000423e+00
5.458656250000000654e+00
5.609144999999999825e+00
5.670211250000000369e+00
5.744232499999999852e+00
5.832589999999999719e+00
5.953514999999999446e+00
6.063243749999999821e+00
6.137199999999999989e+00
6.280994999999999884e+00
6.392142500000000283e+00
6.499771250000000222e+00
6.680827499999999475e+00
6.810291250000000574e+00
6.872209999999999042e+00
6.914718749999999581e+00
6.959216249999999881e+00
7.054993750000000396e+00
7.163843749999999844e+00
7.250662500000000676e+00
7.319971249999999152e+00
7.343357499999998872e+00
7.343853749999999181e+00
7.344256250000000819e+00
7.339554999999999829e+00
7.203652499999999570e+00
6.803003750000000238e+00
6.438488749999999428e+00
6.132942500000000408e+00
5.414712500000000261e+00
4.769231249999999811e+00
4.451673749999999430e+00
4.376806249999999565e+00
4.668068749999999767e+00
4.922492500000000604e+00
1.253400000000000070e+00
1.251633749999999878e+00
1.246251249999999811e+00
6.117487499999999523e-01
5.984687499999999938e-01
