1.394231249999999818e+04
1.658682500000000073e+04
1.131767499999999927e+04
9.525092500000000655e+03
8.497085000000000946e+03
7.636696249999999964e+03
6.720737500000000182e+03
5.929132500000000618e+03
5.308703750000000582e+03
4.734144999999999527e+03
4.141267499999999927e+03
3.469768750000000182e+03
2.925677499999999327e+03
1.984564999999999827e+03
1.552912499999999909e+03
1.352293750000000045e+03
1.160722500000000082e+03
1.027378750000000082e+03
9.248753749999998490e+02
8.453939999999998918e+02
7.812528750000000173e+02
7.289619999999999891e+02
6.595326250000000528e+02
5.882882499999999482e+02
5.408947500000000446e+02
5.102392500000000268e+02
4.925343750000000114e+02
4.847382499999999936e+02
4.857938749999999573e+02
4.954863750000000095e+02
5.140060000000000855e+02
5.418033749999999600e+02
5.805111249999999927e+02
6.325541249999999991e+02
7.422717499999999973e+02
9.848550000000001319e+02
1.430156250000000000e+03
2.303368750000000091e+03
3.454936249999999745e+03
4.529891249999999673e+03
5.977798749999999927e+03
5.786397500000000036e+03
3.608066249999999400e+03
1.948808749999999918e+03
1.114085000000000036e+03
7.695867500000001655e+02
6.252188750000000255e+02
5.151621250000000600e+02
4.306283750000000055e+02
3.818549999999999613e+02
3.591232499999999845e+02
3.367952500000000100e+02
3.161951250000000186e+02
2.989387499999999704e+02
2.818416249999999650e+02
2.657266249999999559e+02
2.522696250000000191e+02
2.390587500000000034e+02
2.262662499999999568e+02
2.156386250000000189e+02
2.051482500000000186e+02
1.949147499999999980e+02
1.862171250000000100e+02
1.778274999999999864e+02
1.641677500000000123e+02
1.473828750000000127e+02
1.330617499999999893e+02
1.207707500000000209e+02
1.059271250000000038e+02
8.930696249999998315e+01
7.621189999999999998e+01
6.572411250000000393e+01
5.735805000000000575e+01
4.823856250000000045e+01
3.932453749999999815e+01
3.272546249999999901e+01
2.797854999999999848e+01
2.422783749999999969e+01
2.174963750000000218e+01
1.920317500000000166e+01
1.681962499999999849e+01
1.519155000000000122e+01
1.394922499999999843e+01
1.294100000000000072e+01
1.206487499999999891e+01
1.123967500000000008e+01
1.071563749999999970e+01
1.024582499999999996e+01
1.000256249999999980e+01
9.950071250000000589e+00
9.938231249999999406e+00
1.004736250000000020e+01
1.188339999999999996e+01
2.949703749999999758e+01
2.540036249999999995e+02
3.630186249999999859e+01
2.300573749999999791e+02
3.607786250000000337e+02
2.468626249999999800e+01
8.870403749999999476e+00
6.987219999999999764e+00
6.292737499999999429e+00
6.493840000000000501e+00
7.917169999999999597e+00
3.675569999999999737e+01
7.971833749999998986e+01
2.266537500000000023e+02
3.495516250000000724e+01
1.725413749999999879e+01
1.399969999999999892e+01
1.837345000000000255e+02
9.001578749999998763e+01
1.412998749999999859e+01
4.956297499999999445e+01
2.089150000000000205e+02
3.147224999999999895e+01
4.465555000000000518e+01
3.201056249999999892e+01
4.479415000000000191e+01
4.599287500000000364e+02
3.001150000000000162e+01
4.754014999999998992e+01
5.446117500000001144e+01
7.534182500000000005e+01
9.705588749999998299e+01
2.706809999999999761e+01
9.101945000000000618e+01
1.594532500000000041e+01
3.564568750000000108e+01
9.933253750000001503e+01
1.513722500000000082e+02
3.280916249999999934e+01
3.451480000000000103e+01
1.585637499999999989e+02
7.617187500000000000e+00
1.434333750000000052e+01
4.652164999999999218e+00
6.634534999999999627e+01
4.574816249999999940e+01
9.950937500000000568e+01
8.743983750000001720e+00
7.469547500000000184e+01
1.768780000000000143e+02
8.981497500000000400e+01
6.752326250000000130e+01
1.705293749999999875e+01
5.801733749999998935e+01
1.326962499999999778e+01
2.040047500000000014e+01
2.207171249999999674e+01
2.324713750000000090e+01
2.506056249999999963e+01
2.830242500000000305e+01
3.199661250000000479e+01
3.536294999999999789e+01
3.789447499999999991e+01
3.950552499999999867e+01
3.012812500000000071e+01
2.080638750000000314e+01
2.171653750000000116e+01
2.245676249999999641e+01
2.379729999999999990e+01
2.501456250000000026e+01
2.313939999999999841e+01
1.802756249999999838e+01
1.391377500000000111e+01
1.299250000000000149e+01
1.156450000000000067e+01
1.027134999999999998e+01
9.512391250000000298e+00
8.675206250000000452e+00
8.019750000000000156e+00
7.254435000000000855e+00
6.878127499999999728e+00
6.606544999999998780e+00
6.094813749999999253e+00
5.526049999999999685e+00
5.189696249999999900e+00
4.629752499999999493e+00
3.931987499999999525e+00
3.640160000000000284e+00
3.413703749999999815e+00
3.122493750000000290e+00
2.898983749999999748e+00
2.806118749999999995e+00
2.694141249999999932e+00
2.671941249999999712e+00
2.665182500000000232e+00
2.657607500000000122e+00
2.632430000000000270e+00
2.603742500000000071e+00
2.587791250000000431e+00
2.569378750000000267e+00
2.539021250000000229e+00
2.452318750000000325e+00
2.367847499999999883e+00
2.242254999999999665e+00
2.051948750000000210e+00
1.878528750000000080e+00
1.772489999999999899e+00
1.714274999999999993e+00
1.695498750000000054e+00
1.666591249999999746e+00
1.636283750000000037e+00
1.604478750000000176e+00
1.579132499999999828e+00
1.563196249999999843e+00
1.537006249999999907e+00
1.519060000000000077e+00
1.502547499999999925e+00
1.475067499999999754e+00
1.455186249999999903e+00
1.445601250000000171e+00
1.439022500000000093e+00
1.431692500000000035e+00
1.414725000000000010e+00
1.422944999999999904e+00
1.464128749999999979e+00
1.507514999999999938e+00
1.550347499999999989e+00
1.587044999999999817e+00
1.615911250000000132e+00
1.665546250000000006e+00
1.786238749999999875e+00
1.937154999999999960e+00
1.950181249999999977e+00
1.888703749999999904e+00
1.779969999999999830e+00
1.926907499999999995e+00
2.111153750000000162e+00
2.151092499999999852e+00
2.185451250000000289e+00
2.264067499999999900e+00
6.132024999999999837e-01
6.239837500000000592e-01
6.310799999999999743e-01
3.162499999999999756e-01
3.162499999999999756e-01
