1.501483749999999873e+01
2.171728749999999764e+01
1.789535000000000053e+01
1.686299999999999955e+01
1.633996249999999861e+01
1.594391249999999971e+01
1.556445000000000078e+01
1.526837499999999892e+01
1.505787499999999923e+01
1.487779999999999880e+01
1.470297500000000035e+01
1.451290000000000191e+01
1.435459999999999958e+01
1.399150000000000027e+01
1.374186250000000165e+01
1.356372500000000159e+01
1.334017500000000211e+01
1.313325000000000031e+01
1.293488750000000032e+01
1.274679999999999858e+01
1.256578749999999900e+01
1.239172500000000099e+01
1.210313750000000077e+01
1.171491250000000051e+01
1.135167500000000196e+01
1.100703749999999914e+01
1.067786249999999981e+01
1.035906250000000028e+01
1.004916249999999955e+01
9.745392499999999458e+00
9.446753750000000949e+00
9.153917499999998597e+00
8.867861250000000695e+00
8.590728750000000247e+00
8.220566249999999187e+00
7.887932499999999791e+00
8.148815000000000808e+00
1.031909999999999883e+01
1.513530000000000086e+01
2.166863749999999555e+01
3.594715000000000771e+01
4.890811250000000143e+01
4.477241250000000150e+01
3.577135000000000531e+01
2.927056250000000404e+01
2.595070000000000121e+01
2.434378749999999769e+01
2.302188750000000184e+01
2.192472499999999869e+01
2.125376250000000056e+01
2.092061249999999717e+01
2.059336250000000490e+01
2.028328750000000369e+01
2.000891250000000099e+01
1.973684999999999690e+01
1.947563750000000482e+01
1.924492499999999851e+01
1.901775000000000304e+01
1.879511250000000189e+01
1.859966250000000443e+01
1.840551250000000039e+01
1.821471250000000097e+01
1.804393749999999841e+01
1.787744999999999962e+01
1.759978749999999792e+01
1.724216250000000272e+01
1.692075000000000173e+01
1.663032499999999914e+01
1.625333750000000066e+01
1.580700000000000038e+01
1.542344999999999899e+01
1.508928750000000285e+01
1.480035000000000167e+01
1.445504999999999995e+01
1.407750000000000234e+01
1.375996250000000032e+01
1.349721249999999984e+01
1.327177499999999988e+01
1.310517499999999913e+01
1.291641249999999985e+01
1.271512500000000045e+01
1.255719999999999992e+01
1.242050000000000054e+01
1.229078750000000042e+01
1.215508749999999871e+01
1.201443750000000144e+01
1.188469999999999693e+01
1.174995000000000189e+01
1.161560000000000059e+01
1.152723750000000180e+01
1.147135000000000105e+01
1.136336249999999914e+01
1.097016250000000070e+01
1.001387500000000053e+01
1.226763750000000108e+01
1.135450000000000159e+01
9.165917499999999052e+00
1.543935000000000102e+01
1.288269999999999982e+01
1.193024999999999736e+01
1.162010000000000076e+01
1.137383750000000049e+01
1.104897500000000043e+01
1.078697499999999998e+01
1.079863749999999989e+01
1.022287500000000193e+01
1.398509999999999920e+01
1.219914999999999949e+01
1.097973750000000059e+01
1.038439999999999941e+01
1.009283500000000089e+01
1.398545000000000016e+01
1.128426250000000053e+01
9.660071249999999665e+00
1.165402500000000074e+01
1.246664999999999957e+01
9.893757500000001315e+00
1.006192500000000045e+01
7.690095000000000347e+00
3.786496249999999719e+01
1.611741250000000036e+01
1.244283749999999955e+01
1.351857500000000023e+01
1.186373749999999916e+01
1.390671249999999759e+01
1.224184999999999945e+01
1.282181250000000006e+01
1.182842500000000108e+01
1.205508750000000084e+01
1.121446250000000155e+01
1.712273749999999950e+01
1.369514999999999993e+01
1.037117499999999914e+01
1.677531249999999829e+01
1.430725000000000158e+01
1.295050000000000345e+01
1.145448749999999905e+01
1.350633750000000077e+01
1.116308749999999961e+01
1.511172499999999985e+01
1.183608749999999965e+01
9.337828749999999900e+00
2.731363750000000579e+01
1.596748749999999895e+01
1.798181249999999665e+01
1.485046249999999901e+01
1.579284999999999961e+01
1.307111249999999991e+01
1.112837500000000190e+01
1.129327499999999951e+01
1.142752500000000104e+01
1.170286250000000017e+01
1.219509999999999827e+01
1.289798749999999927e+01
1.367186250000000136e+01
1.425381249999999866e+01
1.462416250000000062e+01
1.343665000000000020e+01
1.227094999999999736e+01
1.255679999999999907e+01
1.278931249999999764e+01
1.321036249999999868e+01
1.377115000000000045e+01
1.361336249999999914e+01
1.298851250000000057e+01
1.260580000000000034e+01
1.249546249999999858e+01
1.233261249999999976e+01
1.229811250000000200e+01
1.234206249999999905e+01
1.221914999999999907e+01
1.206254999999999988e+01
1.193892499999999934e+01
1.188185000000000002e+01
1.183324999999999960e+01
1.174166250000000211e+01
1.163836249999999950e+01
1.157622500000000088e+01
1.144314999999999927e+01
1.124693750000000136e+01
1.116211250000000277e+01
1.107963750000000047e+01
1.094963749999999969e+01
1.083098749999999910e+01
1.077278749999999974e+01
1.041342500000000015e+01
1.032309999999999839e+01
1.029190000000000005e+01
1.025867500000000021e+01
1.018973750000000145e+01
1.013808749999999925e+01
1.010953750000000007e+01
1.007692500000000102e+01
1.002337499999999970e+01
9.859150000000001413e+00
9.677552499999999114e+00
9.385861249999999600e+00
8.853503749999999783e+00
8.213200000000000500e+00
7.662932500000000147e+00
7.296212500000000212e+00
7.141333749999999370e+00
6.954363749999999733e+00
6.736613750000000067e+00
6.453401249999998868e+00
6.213303750000000569e+00
6.065136250000000118e+00
5.769278749999999789e+00
5.551206249999999898e+00
5.357350000000000279e+00
5.043117500000000142e+00
4.819199999999999484e+00
4.712101249999999908e+00
4.638577499999999354e+00
4.561033749999999998e+00
4.391683750000000330e+00
4.157743749999999849e+00
3.956928749999999884e+00
3.838290000000000202e+00
3.778540000000000454e+00
3.727391249999999712e+00
3.689644999999999619e+00
3.627213750000000125e+00
3.621140000000000470e+00
3.771908750000000587e+00
4.015853749999999778e+00
4.248709999999999098e+00
4.754557500000000658e+00
4.986251250000000468e+00
4.814737499999999670e+00
4.161895000000000344e+00
3.394323749999999862e+00
2.909651250000000022e+00
6.861625000000000085e-01
6.871837499999999821e-01
6.942174999999999319e-01
3.592250000000000165e-01
3.695200000000000151e-01
