1.825431250000000000e+04
2.171991249999999854e+04
1.482257500000000073e+04
1.247628749999999854e+04
1.113075000000000000e+04
1.000462250000000131e+04
8.805746250000000146e+03
7.769614999999999782e+03
6.957507499999999709e+03
6.205395000000000437e+03
5.429246250000000146e+03
4.550027500000000146e+03
3.837466249999999491e+03
2.604144999999999982e+03
2.037962499999999864e+03
1.774519999999999982e+03
1.522736249999999927e+03
1.347286250000000109e+03
1.212261250000000018e+03
1.107433750000000146e+03
1.022726250000000050e+03
9.535635000000000900e+02
8.614852500000000646e+02
7.665687500000000227e+02
7.028774999999999409e+02
6.610356249999999818e+02
6.360301250000001119e+02
6.238281250000000000e+02
6.229958750000000691e+02
6.331698750000000473e+02
6.545126249999999573e+02
6.875287499999999454e+02
7.341984999999999673e+02
7.974893749999999955e+02
9.318133750000000646e+02
1.230349999999999909e+03
1.780316250000000082e+03
2.861346249999999600e+03
4.289358750000000327e+03
5.624552499999999782e+03
7.428474999999999454e+03
7.204493749999999636e+03
4.507177500000000691e+03
2.446740000000000236e+03
1.408140000000000100e+03
9.788144999999999527e+02
7.986603750000000446e+02
6.612124999999999773e+02
5.555468750000000000e+02
4.945371250000000032e+02
4.660789999999999509e+02
4.381260000000000332e+02
4.123268750000000296e+02
3.906977499999999850e+02
3.692683749999999918e+02
3.490647500000000036e+02
3.321779999999999973e+02
3.155995000000000346e+02
2.995431250000000318e+02
2.861916249999999877e+02
2.730108749999999986e+02
2.601508749999999850e+02
2.492108749999999873e+02
2.386564999999999941e+02
2.214638750000000300e+02
2.003183749999999748e+02
1.822568750000000080e+02
1.667386250000000132e+02
1.479657500000000141e+02
1.269177499999999981e+02
1.102959999999999923e+02
9.695188749999999800e+01
8.628132499999999538e+01
7.461492499999999950e+01
6.316613749999999783e+01
5.464881249999999113e+01
4.848573749999999905e+01
4.359798750000000922e+01
4.035102499999999992e+01
3.699837500000000290e+01
3.383851249999999311e+01
3.166351250000000306e+01
2.999198749999999691e+01
2.862340000000000018e+01
2.742108749999999873e+01
2.628340000000000387e+01
2.554526249999999976e+01
2.487861249999999913e+01
2.452008750000000248e+01
2.443443750000000136e+01
2.441035000000000110e+01
2.455453750000000213e+01
2.727328750000000213e+01
5.525457499999999555e+01
4.278949999999999818e+02
6.045386249999999961e+01
2.860583750000000123e+02
4.491784999999999854e+02
4.274957500000000010e+01
2.277439999999999998e+01
2.021972500000000039e+01
1.918727500000000319e+01
1.927903750000000116e+01
2.108733750000000029e+01
6.228922500000000184e+01
1.084525000000000006e+02
2.981878750000000196e+02
5.321707500000000124e+01
3.074422499999999658e+01
2.660715000000000074e+01
2.252948750000000189e+02
1.182860000000000156e+02
2.751825000000000188e+01
6.440318750000000136e+01
2.525198750000000132e+02
5.084359999999999502e+01
7.822333749999999952e+01
5.355662499999999682e+01
6.127439999999999998e+01
5.881521250000000691e+02
8.407198750000000587e+01
6.545606250000000159e+01
9.004743750000000091e+01
1.074560000000000031e+02
1.237726249999999908e+02
4.243630000000000280e+01
1.131642500000000098e+02
3.094435000000000002e+01
7.076604999999997858e+01
1.404022499999999809e+02
1.945071250000000020e+02
5.053105000000000047e+01
5.073073750000000359e+01
2.015431250000000034e+02
2.325130000000000052e+01
3.077175000000000438e+01
1.719942499999999797e+01
9.909771250000000009e+01
6.243637499999999818e+01
1.300860000000000127e+02
2.184981249999999875e+01
9.630842500000001394e+01
2.484544999999999959e+02
1.277387500000000102e+02
9.617132499999999595e+01
3.283933749999999918e+01
7.952408750000000737e+01
2.936703749999999857e+01
3.714658750000000964e+01
3.940848749999999967e+01
4.101232500000000414e+01
4.353479999999999706e+01
4.804421250000000043e+01
5.329002499999999998e+01
5.817094999999999771e+01
6.184146250000000578e+01
6.417735000000000412e+01
5.128010000000000446e+01
3.847033749999999941e+01
3.984551249999999811e+01
4.096396249999999384e+01
4.298946250000000191e+01
4.495781250000000284e+01
4.243642499999999984e+01
3.541811249999999234e+01
2.986213749999999933e+01
2.859919999999999973e+01
2.664823749999999691e+01
2.497053749999999894e+01
2.403803750000000150e+01
2.287355000000000160e+01
2.191328749999999914e+01
2.083970000000000056e+01
2.031463749999999635e+01
1.992971250000000083e+01
1.920441250000000011e+01
1.839670000000000272e+01
1.791793750000000074e+01
1.709534999999999982e+01
1.604217500000000030e+01
1.559612500000000068e+01
1.523190000000000133e+01
1.474088749999999948e+01
1.433814999999999884e+01
1.415060000000000073e+01
1.398001250000000084e+01
1.383946249999999978e+01
1.379198749999999940e+01
1.374087499999999906e+01
1.363705000000000034e+01
1.356275000000000119e+01
1.352188750000000006e+01
1.347594999999999921e+01
1.340149999999999864e+01
1.318037500000000151e+01
1.294529999999999959e+01
1.260262499999999974e+01
1.201457500000000067e+01
1.133190000000000097e+01
1.075332500000000024e+01
1.037251249999999914e+01
1.021211249999999993e+01
1.002547500000000014e+01
9.809269999999999712e+00
9.532529999999999504e+00
9.302236250000001760e+00
9.160655000000000214e+00
8.892002500000000254e+00
8.698778750000000670e+00
8.528491250000001855e+00
8.255006250000000989e+00
8.069918749999999363e+00
7.984255000000000102e+00
7.925446250000000248e+00
7.864634999999999820e+00
7.736007499999999482e+00
7.561716249999999029e+00
7.415514999999999191e+00
7.327322500000000183e+00
7.278128750000000480e+00
7.236038750000000519e+00
7.206497499999999334e+00
7.159256250000000321e+00
7.106981250000000472e+00
7.117270000000000429e+00
7.210968750000000149e+00
7.326336250000000661e+00
7.629591249999999825e+00
7.792127499999999429e+00
7.672660000000000480e+00
7.083627499999999522e+00
6.397633750000000674e+00
5.943571250000000639e+00
1.450342500000000090e+00
1.457611249999999803e+00
1.474052499999999988e+00
7.573800000000000532e-01
7.735762499999999653e-01
