4.297001250000000255e+03
5.111361249999999927e+03
3.487026249999999891e+03
2.934330000000000382e+03
2.617327500000000327e+03
2.351976250000000618e+03
2.069441249999999854e+03
1.825213749999999891e+03
1.633744999999999891e+03
1.456371249999999918e+03
1.273275000000000091e+03
1.065744999999999891e+03
8.974347500000000082e+02
6.055885000000000673e+02
4.713091249999999945e+02
4.086636250000000246e+02
3.486756250000000250e+02
3.067733750000000441e+02
2.744512500000000159e+02
2.492937499999999886e+02
2.289083749999999782e+02
2.122096249999999884e+02
1.898493749999999807e+02
1.665654999999999859e+02
1.506311250000000257e+02
1.397891249999999843e+02
1.328178749999999866e+02
1.287311250000000200e+02
1.271530000000000200e+02
1.279378749999999911e+02
1.310600000000000023e+02
1.365709999999999980e+02
1.448197499999999991e+02
1.563444999999999823e+02
1.813212499999999920e+02
2.376078750000000070e+02
3.420126250000000141e+02
5.476577500000000782e+02
8.192902500000000146e+02
1.072994999999999891e+03
1.414728749999999764e+03
1.369187499999999773e+03
8.543414999999997690e+02
4.621591249999999604e+02
2.647841250000000173e+02
1.832773750000000348e+02
1.490974999999999966e+02
1.230287500000000023e+02
1.029936249999999944e+02
9.142847500000000593e+01
8.603508750000000305e+01
8.073743749999999864e+01
7.584834999999999638e+01
7.175032500000000368e+01
6.769012499999999477e+01
6.386231249999999449e+01
6.066356249999999761e+01
5.752320000000000277e+01
5.448181249999999665e+01
5.195317500000000166e+01
4.945694999999999908e+01
4.702151250000000005e+01
4.494998749999999887e+01
4.295153750000000770e+01
3.969632500000000164e+01
3.569319999999999737e+01
3.227441250000000394e+01
2.933747499999999775e+01
2.578546250000000128e+01
2.180373749999999688e+01
1.866059999999999874e+01
1.613850000000000051e+01
1.412293749999999903e+01
1.192131249999999909e+01
9.764102499999999907e+00
8.163391250000000099e+00
7.009977499999998862e+00
6.098360000000000447e+00
5.496221250000001390e+00
4.878800000000000026e+00
4.303741249999999852e+00
3.914795000000000247e+00
3.622263750000000115e+00
3.391623749999999937e+00
3.201107499999999995e+00
3.029300000000000104e+00
2.944917499999999855e+00
2.882816249999999858e+00
2.901944999999999997e+00
2.957113749999999541e+00
3.000782500000000130e+00
3.143804999999999961e+00
4.419708749999999853e+00
1.574367500000000142e+01
1.616238750000000266e+02
1.279751249999999985e+01
4.683513750000000186e+01
7.296070000000000277e+01
5.180618750000000716e+00
1.973758750000000006e+00
1.612392499999999895e+00
1.520715000000000039e+00
1.736202499999999871e+00
2.383208750000000098e+00
1.473493750000000091e+01
1.851117500000000149e+01
5.754906249999999091e+01
6.062791249999999188e+00
2.510318749999999710e+00
2.223052500000000098e+00
3.146762500000000173e+01
1.428480000000000061e+01
2.104000000000000092e+00
5.180141250000000142e+00
3.195090000000000074e+01
6.904696249999999758e+00
2.367403750000000073e+01
1.148413749999999922e+01
8.790158749999999799e+00
9.035840000000000316e+01
3.794306250000000347e+01
5.473061250000000655e+00
2.206770000000000209e+01
2.025036250000000138e+01
1.281022499999999908e+01
3.126322499999999671e+00
9.322922500000000667e+00
3.170608749999999532e+00
2.306525000000000247e+01
2.985498750000000001e+01
2.601196249999999921e+01
4.026711249999999964e+00
5.844747499999999540e+00
2.620390000000000086e+01
1.326862499999999834e+00
3.477952500000000224e+00
1.092761249999999906e+00
1.924606250000000074e+01
5.525142500000001178e+00
1.546499999999999986e+01
1.269737499999999963e+00
1.227512499999999918e+01
4.426278750000000173e+01
2.195623750000000030e+01
1.066621250000000032e+01
9.359377500000000127e-01
5.713913750000000569e+00
3.026326250000000329e+00
5.617732500000000684e+00
6.043536249999998944e+00
6.337646250000000592e+00
6.771357500000000584e+00
7.546698750000000011e+00
8.395424999999999471e+00
9.136140000000001038e+00
9.693163750000000078e+00
1.004764999999999908e+01
7.715322500000000083e+00
5.392991249999999681e+00
5.572166250000000431e+00
5.717890000000000583e+00
5.981798750000000275e+00
6.172089999999999854e+00
5.683629999999999960e+00
4.402052499999999924e+00
3.342568749999999866e+00
3.111251250000000024e+00
2.751154999999999795e+00
2.401051250000000081e+00
2.183594999999999953e+00
1.979201250000000023e+00
1.830981249999999783e+00
1.646324999999999816e+00
1.554666249999999916e+00
1.489927500000000071e+00
1.367944999999999967e+00
1.232282499999999947e+00
1.151991250000000022e+00
1.022448749999999906e+00
8.632713749999999520e-01
7.938542499999999835e-01
7.385537500000000088e-01
6.687261249999999491e-01
6.081852500000001216e-01
5.717186249999999248e-01
8.724568750000000206e-01
8.444383749999999633e-01
8.349208750000001178e-01
8.245861249999999476e-01
8.011558749999999618e-01
7.817469999999999697e-01
7.711898749999999136e-01
7.595959999999999379e-01
7.413822500000000204e-01
6.932217499999999699e-01
6.493821249999999212e-01
5.925651250000000259e-01
5.143269999999999786e-01
4.459101249999999905e-01
4.038650000000000295e-01
3.815558750000000443e-01
3.739424999999999555e-01
3.641240000000000032e-01
3.541421250000000298e-01
3.435946250000000424e-01
3.354222499999999774e-01
3.303201250000000200e-01
3.227832499999999660e-01
3.179328750000000037e-01
3.134883749999999858e-01
3.061572500000000474e-01
3.013843749999999821e-01
2.992386250000000358e-01
2.977652500000000368e-01
2.961178750000000304e-01
2.921916250000000104e-01
2.856922500000000364e-01
2.778304999999999803e-01
2.700555000000000039e-01
2.622593750000000168e-01
2.555867499999999737e-01
2.507587499999999747e-01
2.428761249999999705e-01
2.089757499999999601e-01
1.498342500000000022e-01
1.083299999999999957e-01
7.988098750000000026e-02
3.949387499999999773e-02
1.784378750000000305e-02
1.001298375000000095e-02
3.926851249999999301e-03
1.749713749999999785e-03
8.527178749999999880e-04
1.030258749999999972e-04
9.024687500000000320e-05
7.450300000000000141e-05
2.515450000000000116e-05
1.880075000000000122e-05
