1.968226249999999709e+04
2.340025000000000364e+04
1.595287499999999818e+04
1.341698749999999927e+04
1.196176249999999891e+04
1.074301250000000073e+04
9.444371250000000146e+03
8.320842499999998836e+03
7.439037500000000364e+03
6.621050000000000182e+03
5.775236249999999927e+03
4.813577500000000327e+03
4.030487500000000182e+03
2.657150000000000091e+03
2.018281250000000227e+03
1.715864999999999782e+03
1.423883749999999964e+03
1.217758749999999964e+03
1.060266249999999900e+03
9.368386249999998654e+02
8.366648749999999382e+02
7.546202499999999418e+02
6.440173750000001291e+02
5.285769999999999982e+02
4.485193749999999682e+02
3.905264999999999986e+02
3.471998750000000200e+02
3.147301249999999868e+02
2.898606249999999704e+02
2.706273750000000291e+02
2.557517499999999586e+02
2.443368750000000205e+02
2.354669999999999561e+02
2.286953750000000127e+02
2.226017499999999814e+02
2.183006249999999966e+02
2.165315000000000225e+02
2.171603749999999877e+02
2.182302499999999839e+02
2.191881249999999852e+02
2.204017500000000211e+02
2.207266250000000127e+02
2.196602499999999907e+02
2.156493749999999920e+02
2.092849999999999682e+02
2.027173749999999757e+02
1.975643749999999841e+02
1.916790000000000020e+02
1.857918750000000045e+02
1.815848750000000109e+02
1.790628749999999627e+02
1.765856249999999932e+02
1.740718750000000341e+02
1.715591249999999661e+02
1.690632499999999823e+02
1.665527499999999748e+02
1.640411249999999939e+02
1.615532499999999914e+02
1.590417500000000075e+02
1.565515000000000043e+02
1.540473749999999882e+02
1.515433750000000259e+02
1.490332500000000095e+02
1.465343750000000114e+02
1.421383750000000248e+02
1.359191250000000082e+02
1.307156250000000171e+02
1.260353750000000019e+02
1.190477500000000077e+02
1.117371249999999918e+02
1.056053750000000093e+02
1.013696249999999992e+02
9.907422499999999843e+01
9.977416250000000275e+01
1.093636250000000132e+02
1.392131249999999909e+02
2.203488750000000209e+02
4.032215000000000487e+02
5.543978749999999991e+02
4.654478750000000105e+02
3.141753750000000309e+02
2.216921250000000043e+02
1.803226250000000164e+02
1.683893750000000011e+02
1.385099999999999909e+02
9.596443750000000250e+01
6.958785000000000309e+01
5.582613750000000152e+01
4.884938749999999885e+01
4.637458749999998986e+01
4.542218750000000682e+01
4.473622499999999746e+01
4.761923750000000410e+01
6.117322500000000218e+01
9.013967500000001110e+01
5.338229999999999791e+02
6.747338750000001255e+02
1.989424999999999955e+02
1.008922499999999900e+02
4.301200000000000045e+01
3.685560000000000258e+01
3.859618749999999920e+01
5.432328749999999928e+01
8.651261250000000302e+01
3.384001250000000027e+02
1.200612500000000011e+02
8.416871249999999804e+01
8.806011250000000246e+01
5.764708749999999782e+01
1.327582500000000110e+01
2.401163750000000263e+01
2.760981250000000387e+01
1.878268750000000153e+01
3.535853750000000417e+01
1.921464999999999890e+01
5.196013749999999654e+00
5.858248750000000449e+00
8.403113749999999271e+00
2.170091249999999761e+01
1.314738750000000209e+02
7.220782499999998549e+01
4.125163749999999396e+01
8.606990000000000407e+01
2.871736250000000013e+01
3.657864999999999611e+01
3.878527499999999861e+01
4.656076250000000272e+01
5.804512500000000585e+01
7.138333749999999611e+01
1.407163749999999993e+02
2.559519999999999840e+01
1.919093749999999687e+01
5.284303750000000122e+01
1.218703749999999957e+02
5.375976250000000078e+01
5.830188749999999942e+01
6.221243750000000006e+01
4.231407499999999544e+01
8.720012499999999989e+01
9.881331249999999500e+01
1.095882500000000164e+02
8.706189999999999429e+01
1.427145000000000152e+02
1.050728750000000105e+02
2.935422500000000312e+01
1.055271249999999981e+02
3.769247500000000173e+01
3.143872500000000159e+01
9.088411250000000052e+01
8.277802499999999952e+00
2.021961250000000021e+01
5.129495000000000005e+01
6.566496250000000146e+01
3.926940000000000452e+01
3.795745000000000857e+01
3.697087499999999949e+01
3.638458749999999498e+01
3.276038750000000022e+01
2.921783749999999813e+01
2.848106249999999662e+01
2.788181249999999878e+01
2.679663749999999922e+01
2.463402500000000117e+01
2.329420000000000002e+01
1.963658750000000097e+01
1.600613750000000124e+01
1.511712500000000148e+01
1.385428749999999987e+01
1.216396250000000023e+01
1.084147500000000086e+01
1.007750000000000057e+01
9.574097499999998817e+00
8.836079999999999046e+00
8.316363749999998944e+00
7.939036250000000017e+00
7.453465000000000451e+00
6.796331250000000601e+00
6.372703750000000333e+00
5.702526250000000907e+00
4.842853750000000623e+00
4.383505000000000429e+00
3.985293749999999857e+00
3.585378750000000281e+00
3.214823749999999869e+00
2.952292499999999986e+00
2.738348749999999665e+00
2.587755000000000027e+00
2.558015000000000150e+00
2.516488750000000163e+00
2.382636250000000011e+00
2.339997499999999953e+00
2.317692499999999711e+00
2.292782499999999501e+00
2.253010000000000179e+00
2.167538749999999848e+00
2.118582500000000035e+00
2.072645000000000071e+00
2.008680000000000021e+00
1.929958750000000167e+00
1.858516249999999870e+00
1.808802500000000313e+00
1.786663749999999773e+00
1.759701249999999995e+00
1.727127499999999927e+00
1.695095000000000240e+00
1.673145000000000104e+00
1.658351249999999943e+00
1.628596250000000190e+00
1.605282499999999946e+00
1.586817499999999992e+00
1.565311250000000154e+00
1.556012499999999799e+00
1.553187500000000165e+00
1.551246250000000160e+00
1.550000000000000266e+00
1.550231250000000172e+00
1.571433750000000185e+00
1.609502500000000058e+00
1.648550000000000182e+00
1.693398750000000286e+00
1.731835000000000013e+00
1.762962500000000210e+00
1.804899999999999949e+00
1.869482499999999936e+00
1.797467499999999996e+00
1.735005000000000130e+00
1.707493749999999810e+00
1.656137499999999818e+00
1.579830000000000068e+00
1.552152500000000268e+00
1.935041250000000046e+00
2.208667499999999784e+00
2.293840000000000323e+00
5.733562500000000117e-01
5.775375000000000369e-01
5.844549999999999468e-01
2.969187500000000091e-01
2.991762499999999769e-01
