2.306689999999999782e+04
2.742637500000000000e+04
1.869932500000000073e+04
1.572775000000000000e+04
1.402250000000000000e+04
1.259435000000000036e+04
1.107263750000000073e+04
9.756031250000000000e+03
8.722647500000000946e+03
7.764003750000000764e+03
6.772677499999999782e+03
5.645426250000000437e+03
4.727322500000000218e+03
3.116443749999999909e+03
2.366655000000000200e+03
2.011526249999999891e+03
1.668533750000000055e+03
1.426316250000000082e+03
1.241206249999999955e+03
1.096111249999999927e+03
9.783371250000000146e+02
8.818689999999999145e+02
7.518100000000000591e+02
6.160465000000000373e+02
5.218731249999999591e+02
4.536257499999999254e+02
4.026006249999999795e+02
3.643127500000000509e+02
3.349317500000000223e+02
3.121468750000000227e+02
2.944533750000000509e+02
2.807975000000000136e+02
2.701053749999999809e+02
2.618494999999999777e+02
2.541899999999999693e+02
2.483893750000000011e+02
2.455373750000000257e+02
2.454778750000000116e+02
2.461926249999999925e+02
2.469872500000000173e+02
2.479652500000000259e+02
2.480234999999999559e+02
2.466551250000000266e+02
2.422393749999999955e+02
2.353592500000000030e+02
2.283183750000000032e+02
2.228116249999999923e+02
2.165385000000000275e+02
2.102630000000000337e+02
2.057841250000000173e+02
2.031067500000000052e+02
2.004770000000000039e+02
1.978082499999999868e+02
1.951405000000000314e+02
1.924910000000000139e+02
1.898255000000000337e+02
1.871596250000000055e+02
1.845183749999999918e+02
1.818521250000000009e+02
1.792082500000000209e+02
1.765497500000000173e+02
1.738915000000000362e+02
1.712267500000000098e+02
1.685745000000000005e+02
1.639073750000000018e+02
1.573057499999999891e+02
1.518076250000000016e+02
1.468788749999999936e+02
1.395212500000000091e+02
1.318943749999999966e+02
1.255555000000000092e+02
1.213112500000000153e+02
1.192157499999999857e+02
1.206639999999999873e+02
1.323933749999999918e+02
1.672930000000000064e+02
2.610198750000000132e+02
4.720892500000000496e+02
6.496926250000000209e+02
5.597987499999999272e+02
3.954082500000000095e+02
2.829510000000000218e+02
2.298027500000000032e+02
2.140953749999999900e+02
1.771239999999999668e+02
1.246864999999999952e+02
9.205171249999999361e+01
7.489067500000000166e+01
6.605877499999999714e+01
6.284086249999999296e+01
6.155258750000000134e+01
6.046792499999999393e+01
6.306732499999999675e+01
7.774142499999999245e+01
1.100185000000000173e+02
6.152459999999999809e+02
7.843166250000000446e+02
2.389240000000000350e+02
1.232582500000000039e+02
5.863311250000000996e+01
5.113756250000000136e+01
5.238957500000000778e+01
6.868256250000000307e+01
1.032130000000000081e+02
3.843922499999999900e+02
1.394350000000000023e+02
1.024229999999999876e+02
1.131581249999999983e+02
8.242445000000000732e+01
2.673771249999999711e+01
3.781316249999999712e+01
4.205330000000000013e+01
3.080354999999999777e+01
4.842147500000000093e+01
3.135443749999999596e+01
1.572170000000000023e+01
1.602526250000000019e+01
1.836218750000000099e+01
3.165962499999999835e+01
1.493952500000000043e+02
9.034596250000001305e+01
6.238888749999999561e+01
1.265643750000000125e+02
4.417862499999999670e+01
4.904625000000000057e+01
5.098212499999999636e+01
5.879996249999999947e+01
7.092634999999999934e+01
8.591333750000001146e+01
1.813107500000000130e+02
3.935085000000000122e+01
3.147607499999999803e+01
8.074227500000000646e+01
1.434002499999999714e+02
6.986663749999999595e+01
8.294212500000000432e+01
7.966463749999999777e+01
5.499117500000000547e+01
1.038205000000000098e+02
1.135520000000000067e+02
1.261941249999999997e+02
1.013549999999999898e+02
1.619410000000000025e+02
1.264287499999999937e+02
4.564357500000000556e+01
1.269215000000000089e+02
5.374693750000000136e+01
4.583577499999999816e+01
1.151562499999999858e+02
2.130776249999999905e+01
3.231018749999999784e+01
6.624953750000000241e+01
8.239728750000000446e+01
6.231361250000000496e+01
6.064203750000000070e+01
5.938502499999999884e+01
5.863801250000000209e+01
5.401726250000000107e+01
4.949898749999999836e+01
4.855851249999999908e+01
4.779365000000000663e+01
4.640845000000000198e+01
4.364691249999999911e+01
4.193402500000000543e+01
3.725279999999999347e+01
3.259542499999999876e+01
3.145199999999999818e+01
2.982373750000000356e+01
2.763814999999999955e+01
2.592031250000000142e+01
2.492354999999999876e+01
2.426601249999999510e+01
2.329433750000000458e+01
2.260828749999999943e+01
2.210987499999999883e+01
2.146179999999999666e+01
2.057923750000000140e+01
2.000531249999999872e+01
1.908190000000000097e+01
1.786666250000000034e+01
1.719273750000000334e+01
1.658092500000000058e+01
1.593189999999999884e+01
1.527730000000000210e+01
1.476831249999999862e+01
1.429374999999999929e+01
1.392473749999999910e+01
1.380893749999999898e+01
1.368918750000000095e+01
1.345268750000000146e+01
1.327391250000000156e+01
1.317922499999999886e+01
1.307300000000000040e+01
1.290925000000000011e+01
1.251163749999999908e+01
1.214558750000000131e+01
1.169288749999999943e+01
1.099637500000000045e+01
1.031965000000000110e+01
9.778346250000002016e+00
9.435263749999998950e+00
9.295994999999999564e+00
9.135812500000000114e+00
8.952107500000000329e+00
8.715221250000000808e+00
8.515737500000000182e+00
8.395071250000000873e+00
8.190738749999999513e+00
8.041970000000000951e+00
7.899928749999999944e+00
7.666322499999998819e+00
7.510855000000000281e+00
7.439838749999999834e+00
7.391087499999999366e+00
7.345917500000000544e+00
7.268558749999999513e+00
7.168307500000000054e+00
7.075885000000000424e+00
7.027238750000000422e+00
7.029933749999999648e+00
7.032243750000001015e+00
7.034116249999999404e+00
7.037157500000000176e+00
7.111638750000000897e+00
7.314806250000000176e+00
7.474605000000000388e+00
7.577497500000000663e+00
7.707597499999999435e+00
7.611679999999999779e+00
7.296809999999998908e+00
6.641580000000000261e+00
6.085768750000000615e+00
5.762050000000000338e+00
1.431583750000000155e+00
1.439709999999999823e+00
1.457637500000000141e+00
7.541637500000000216e-01
7.758850000000000469e-01
