3.373114999999999782e+03
4.009518750000000182e+03
2.732743750000000091e+03
2.297871250000000146e+03
2.048266250000000127e+03
1.839186250000000200e+03
1.616348750000000109e+03
1.423497500000000173e+03
1.272073750000000018e+03
1.131543750000000045e+03
9.861475000000001501e+02
8.206647500000000264e+02
6.857312499999999318e+02
4.483078749999999673e+02
3.374408750000000055e+02
2.847614999999999554e+02
2.337931249999999750e+02
1.977433750000000146e+02
1.701661249999999939e+02
1.485379999999999825e+02
1.309786250000000223e+02
1.165953749999999900e+02
9.720843750000000227e+01
7.698026249999999493e+01
6.295291250000001071e+01
5.278042500000000103e+01
4.515762500000000301e+01
3.940932500000000260e+01
3.496235000000000070e+01
3.147013749999999987e+01
2.870721250000000069e+01
2.651681250000000034e+01
2.474111249999999984e+01
2.330067499999999825e+01
2.178983749999999731e+01
2.035444999999999993e+01
1.932462500000000105e+01
1.867771249999999839e+01
1.834364999999999668e+01
1.819038749999999993e+01
1.796642500000000098e+01
1.770087499999999991e+01
1.739411249999999853e+01
1.697523749999999865e+01
1.644591250000000215e+01
1.596192499999999903e+01
1.560462500000000041e+01
1.521570000000000000e+01
1.482664999999999900e+01
1.455693750000000009e+01
1.440711250000000021e+01
1.425994999999999990e+01
1.411058749999999762e+01
1.396129999999999960e+01
1.381301250000000103e+01
1.366386249999999869e+01
1.351465000000000138e+01
1.336685000000000123e+01
1.321761250000000132e+01
1.306968749999999879e+01
1.292088750000000097e+01
1.277214999999999812e+01
1.262298750000000069e+01
1.247454999999999892e+01
1.221337500000000098e+01
1.184483750000000057e+01
1.157487499999999869e+01
1.135637499999999989e+01
1.103157500000000013e+01
1.078593749999999929e+01
1.065726249999999986e+01
1.073911249999999917e+01
1.103910000000000124e+01
1.194822499999999721e+01
1.434375000000000000e+01
1.972980000000000089e+01
3.270366249999999297e+01
6.081768750000000523e+01
8.607280000000000086e+01
8.379953749999999957e+01
7.038448749999999166e+01
5.054189999999999827e+01
3.901272500000000321e+01
3.529271250000000748e+01
2.813550000000000040e+01
1.834998750000000101e+01
1.231476250000000050e+01
9.146576250000000741e+00
7.496102500000000113e+00
6.873402500000000082e+00
6.609444999999999126e+00
6.337466250000000301e+00
6.420661250000000209e+00
8.054387500000000699e+00
1.188726250000000029e+01
7.172593750000000057e+01
9.053925000000000978e+01
2.548454999999999870e+01
1.031631250000000044e+01
4.608599999999999142e+00
3.867473749999999821e+00
3.913408749999999436e+00
5.312520000000000131e+00
8.394341250000000088e+00
3.274292499999999961e+01
7.692432499999999784e+00
6.596476250000000263e+00
1.402486249999999934e+01
1.212858750000000185e+01
2.060967499999999841e+00
3.139336249999999495e+00
3.505241250000000530e+00
1.547176249999999920e+00
2.551332500000000003e+00
1.423782499999999729e+00
3.662643750000000864e-01
3.734817500000000012e-01
4.991141250000000196e-01
1.234201249999999916e+00
7.340788749999999752e+00
8.074361250000000823e+00
1.022609250000000003e+01
2.974297499999999772e+01
3.693614999999999871e+00
2.037566249999999801e+00
2.002787500000000165e+00
2.490623749999999692e+00
3.258758750000000148e+00
5.057907499999999779e+00
2.900838749999999777e+01
2.448876250000000088e+00
2.376453750000000031e+00
1.871257500000000107e+01
1.096635000000000204e+01
5.151322500000000026e+00
1.308567499999999839e+01
6.968959999999999155e+00
2.773460000000000036e+00
6.483819999999999695e+00
5.151559999999999917e+00
5.652261249999999571e+00
3.825460000000000083e+00
9.259063750000001036e+00
8.139920000000000044e+00
2.172334999999999905e+00
8.046723749999999953e+00
2.607776250000000129e+00
2.602843749999999901e+00
9.535406249999999417e+00
4.431749999999999856e-01
8.635177499999999728e-01
2.935402499999999471e+00
2.778929999999999900e+00
1.034479999999999933e+01
9.990457499999999769e+00
9.723990000000000578e+00
9.565671250000001180e+00
8.587897500000000406e+00
7.632739999999999192e+00
7.434347499999998554e+00
7.272996250000000273e+00
6.980789999999999829e+00
6.398825000000000429e+00
6.038922500000000859e+00
5.057956250000000153e+00
4.087337500000000290e+00
3.850421250000000128e+00
3.514842499999999870e+00
3.067064999999999930e+00
2.718326250000000055e+00
2.517712500000000020e+00
2.385647500000000143e+00
2.193309999999999871e+00
2.058166250000000197e+00
1.960081250000000219e+00
1.834798750000000034e+00
1.665981249999999747e+00
1.557726250000000201e+00
1.388118750000000068e+00
1.173183749999999970e+00
1.060061249999999955e+00
9.633241249999999756e-01
8.671760000000000579e-01
7.785743749999999297e-01
7.154822500000000973e-01
6.626547499999999591e-01
6.241745000000000765e-01
6.067409999999999748e-01
5.689779999999999838e-01
5.352722500000000050e-01
5.151226250000000562e-01
5.046453750000000626e-01
4.929402499999999687e-01
4.751163750000000352e-01
4.361555000000000293e-01
4.024975000000000636e-01
3.669906250000000147e-01
3.222521250000000004e-01
2.802983749999999885e-01
2.473932500000000367e-01
2.271437500000000054e-01
2.161388750000000358e-01
2.024039999999999728e-01
1.863302500000000028e-01
1.663528750000000112e-01
1.480120000000000047e-01
1.374888750000000104e-01
1.249938750000000043e-01
1.177953749999999938e-01
1.119537500000000046e-01
1.045639999999999903e-01
9.846425000000000316e-02
9.525503750000000047e-02
9.305193750000000097e-02
9.118776249999999139e-02
8.866408749999998840e-02
8.412622500000001280e-02
7.881927499999999420e-02
7.468393750000000553e-02
7.159423750000000475e-02
6.894626249999999401e-02
6.680204999999998783e-02
6.355768750000001521e-02
5.119687499999999586e-02
3.103201250000000092e-02
2.020218749999999966e-02
1.368923749999999967e-02
4.711809999999999436e-03
1.255009999999999980e-03
7.067231250000000726e-04
1.261442499999999942e-03
1.645461249999999841e-03
1.498922499999999925e-03
2.661912500000000173e-04
2.390926249999999901e-04
2.042610000000000150e-04
7.332174999999999641e-05
5.692262499999999780e-05
