1.152002500000000040e+01
1.663135000000000119e+01
1.369012499999999832e+01
1.289723749999999924e+01
1.249704999999999977e+01
1.219565000000000055e+01
1.190963750000000054e+01
1.168979999999999819e+01
1.153718749999999993e+01
1.141116249999999965e+01
1.129501249999999857e+01
1.118238750000000081e+01
1.110324999999999918e+01
1.098702499999999915e+01
1.093202500000000121e+01
1.089872499999999889e+01
1.085681250000000020e+01
1.081613749999999996e+01
1.077517500000000084e+01
1.073436249999999959e+01
1.069357499999999916e+01
1.065312500000000107e+01
1.058388749999999945e+01
1.048916249999999906e+01
1.040085000000000193e+01
1.031886249999999983e+01
1.024304999999999843e+01
1.017322500000000041e+01
1.010886250000000075e+01
1.004938750000000169e+01
9.994438750000000482e+00
9.943893749999999088e+00
9.897092499999999404e+00
9.853722499999999940e+00
9.798469999999998237e+00
9.734121250000001169e+00
9.681182500000000246e+00
9.639687499999999076e+00
9.618479999999998142e+00
9.608891249999999218e+00
9.597031250000000568e+00
9.595882500000000093e+00
9.600826249999999007e+00
9.614488750000001360e+00
9.628404999999998992e+00
9.638842499999999092e+00
9.642780000000000129e+00
9.643656249999999375e+00
9.644529999999999603e+00
9.642234999999999445e+00
9.636698750000000757e+00
9.631258750000000646e+00
9.625739999999998631e+00
9.620221250000000168e+00
9.614741249999999795e+00
9.609228749999999764e+00
9.603714999999999336e+00
9.598251250000000567e+00
9.592736249999999742e+00
9.587267499999999387e+00
9.581771250000000961e+00
9.576272499999999965e+00
9.570762500000000728e+00
9.565274999999999750e+00
9.555622500000000130e+00
9.541642500000000027e+00
9.517212500000001185e+00
9.487173750000000183e+00
9.441973750000000720e+00
9.371238749999998063e+00
9.292791250000000502e+00
9.202589999999998938e+00
9.102479999999999905e+00
8.941380000000000550e+00
8.685969999999999303e+00
8.349932500000001312e+00
7.967427499999999441e+00
8.049981250000000088e+00
9.221930000000000405e+00
1.055127500000000040e+01
1.084838749999999941e+01
1.071685000000000088e+01
1.046771249999999931e+01
1.041317499999999896e+01
1.047842499999999966e+01
1.037226250000000149e+01
1.014907499999999985e+01
9.917942499999998773e+00
9.713257500000000988e+00
9.592867500000000547e+00
9.520977500000000759e+00
9.394227500000001285e+00
9.027417499999998540e+00
8.513819999999999055e+00
7.991731249999999953e+00
9.696917499999999634e+00
1.904363749999999911e+01
1.449695000000000178e+01
1.204967499999999880e+01
1.101251249999999793e+01
1.041449999999999854e+01
9.879979999999999762e+00
9.046757500000001784e+00
8.306172499999998848e+00
1.324898750000000014e+01
1.168117499999999964e+01
1.165771250000000059e+01
1.107315000000000182e+01
1.264881250000000001e+01
1.140092499999999909e+01
1.066219999999999857e+01
1.093822500000000097e+01
1.047370000000000090e+01
1.051158749999999920e+01
1.071601250000000149e+01
1.015939999999999976e+01
9.793522499999999908e+00
9.459948750000000572e+00
8.724534999999999485e+00
1.058057499999999962e+01
1.006375000000000064e+01
1.091114999999999924e+01
1.075141250000000070e+01
1.176766250000000191e+01
1.043002500000000055e+01
1.019407499999999978e+01
9.748581250000000864e+00
9.622472499999998874e+00
9.472112499999999713e+00
1.158585000000000065e+01
1.130678750000000043e+01
9.908679999999998600e+00
9.186678750000000448e+00
1.056341250000000009e+01
1.095555000000000057e+01
1.155453750000000035e+01
1.048321250000000049e+01
9.903613749999999882e+00
1.013662500000000044e+01
9.586933749999998255e+00
1.095353749999999948e+01
1.046768750000000026e+01
9.967315000000001035e+00
1.321595000000000120e+01
1.411702499999999993e+01
1.334757500000000086e+01
1.344667500000000082e+01
1.179418749999999960e+01
1.473693749999999980e+01
1.258680000000000021e+01
1.122703750000000156e+01
1.201920000000000144e+01
1.395338750000000161e+01
1.269941249999999933e+01
1.269413750000000185e+01
1.269020000000000259e+01
1.268772500000000036e+01
1.266897499999999965e+01
1.264839999999999876e+01
1.264312500000000128e+01
1.263880000000000159e+01
1.263102500000000106e+01
1.261403750000000201e+01
1.260087499999999849e+01
1.255823750000000061e+01
1.250196249999999942e+01
1.248442499999999811e+01
1.245463750000000047e+01
1.240712500000000063e+01
1.236052500000000087e+01
1.232830000000000048e+01
1.230626250000000077e+01
1.226495000000000068e+01
1.223373750000000015e+01
1.221076249999999952e+01
1.217353750000000012e+01
1.211691249999999975e+01
1.207487500000000225e+01
1.199125000000000085e+01
1.185060000000000002e+01
1.174916249999999884e+01
1.163231250000000117e+01
1.147937500000000099e+01
1.128388750000000051e+01
1.110051250000000067e+01
1.089273749999999907e+01
1.071279999999999966e+01
1.064418749999999925e+01
1.059743750000000162e+01
1.048969999999999914e+01
1.034361249999999899e+01
1.026428750000000178e+01
1.017496249999999947e+01
1.003717499999999951e+01
9.676503750000000181e+00
9.299333749999998844e+00
8.814337500000000603e+00
8.097808750000000444e+00
7.399168750000000294e+00
6.804967500000000058e+00
6.416161250000000038e+00
6.256383750000000354e+00
6.066538749999999425e+00
5.857633749999999750e+00
5.604441249999999819e+00
5.413868749999999785e+00
5.298376249999999565e+00
5.109555000000000291e+00
4.974561250000000712e+00
4.846171249999999375e+00
4.635722499999999968e+00
4.490145000000000053e+00
4.421868749999999793e+00
4.374997500000000095e+00
4.328027499999999250e+00
4.233634999999999593e+00
4.086314999999999920e+00
3.928337500000000038e+00
3.817363750000000167e+00
3.754704999999999959e+00
3.701007500000000228e+00
3.657524999999999693e+00
3.593255000000000088e+00
3.559524999999999828e+00
3.811667500000000430e+00
4.046122500000000066e+00
4.192458750000000123e+00
4.408513750000000009e+00
4.405301249999999946e+00
4.138953749999999765e+00
3.495611250000000503e+00
2.884461250000000199e+00
2.587280000000000246e+00
6.656812500000000021e-01
6.792287500000000477e-01
7.050575000000000037e-01
3.856749999999999901e-01
4.122562499999999908e-01
