1.635968749999999972e+01
2.346744999999999948e+01
1.923353750000000062e+01
1.808493749999999878e+01
1.750363749999999641e+01
1.706501250000000169e+01
1.664786250000000223e+01
1.632632500000000064e+01
1.610221250000000026e+01
1.591612499999999919e+01
1.574307500000000104e+01
1.557209999999999894e+01
1.544837500000000041e+01
1.525416249999999962e+01
1.516051249999999939e+01
1.510798750000000013e+01
1.504764999999999908e+01
1.499465000000000003e+01
1.494476250000000128e+01
1.489755000000000074e+01
1.485178750000000036e+01
1.480729999999999968e+01
1.473177499999999895e+01
1.462710000000000043e+01
1.452614999999999945e+01
1.442987500000000090e+01
1.434430000000000049e+01
1.428172499999999978e+01
1.425749999999999673e+01
1.427147500000000058e+01
1.429378750000000053e+01
1.429299999999999926e+01
1.426493749999999849e+01
1.421714999999999840e+01
1.413315000000000055e+01
1.401732500000000137e+01
1.390818750000000037e+01
1.380640000000000001e+01
1.373339999999999961e+01
1.368711250000000135e+01
1.362027499999999947e+01
1.353452499999999858e+01
1.345074999999999932e+01
1.336920000000000108e+01
1.328892499999999899e+01
1.322838749999999841e+01
1.318832500000000074e+01
1.314923750000000169e+01
1.311189999999999856e+01
1.308738750000000017e+01
1.307506249999999959e+01
1.306353749999999891e+01
1.305568750000000122e+01
1.304859999999999687e+01
1.304527499999999840e+01
1.304686250000000314e+01
1.305271250000000016e+01
1.306594999999999906e+01
1.308333749999999895e+01
1.311002499999999849e+01
1.313961250000000014e+01
1.317689999999999984e+01
1.321511249999999826e+01
1.325413750000000057e+01
1.331623749999999973e+01
1.336606249999999996e+01
1.336922500000000014e+01
1.333268750000000047e+01
1.324436249999999937e+01
1.313992499999999808e+01
1.305552500000000116e+01
1.297837499999999977e+01
1.290982499999999966e+01
1.282477500000000070e+01
1.272443750000000051e+01
1.262795000000000023e+01
1.252845000000000120e+01
1.240982500000000144e+01
1.229664999999999964e+01
1.249166250000000034e+01
1.247126249999999992e+01
1.234868749999999871e+01
1.226751249999999871e+01
1.219502500000000111e+01
1.211692500000000017e+01
1.202921249999999986e+01
1.193043749999999825e+01
1.183718750000000064e+01
1.175960000000000072e+01
1.169843749999999893e+01
1.165947499999999870e+01
1.168440000000000012e+01
1.172413749999999943e+01
1.184949999999999903e+01
1.188117500000000071e+01
1.127011249999999976e+01
1.137262500000000109e+01
1.116281249999999936e+01
1.061559999999999881e+01
9.750019999999999243e+00
1.204429999999999978e+01
1.247847500000000132e+01
1.069587500000000091e+01
1.113293750000000060e+01
1.069484999999999886e+01
1.129370000000000118e+01
1.233047499999999985e+01
1.036271250000000066e+01
1.257656249999999964e+01
1.524424999999999919e+01
1.165141249999999928e+01
1.140318749999999959e+01
1.143632500000000185e+01
1.061875000000000036e+01
1.114724999999999966e+01
9.822535000000000238e+00
7.885732500000000478e+00
1.868921250000000001e+01
1.113507500000000050e+01
1.326296250000000043e+01
1.158919999999999817e+01
1.129461249999999950e+01
1.087817500000000059e+01
9.833096250000000538e+00
8.682672500000000682e+00
1.022047500000000042e+01
1.330774999999999864e+01
1.218861249999999963e+01
1.821287500000000037e+01
1.541877500000000012e+01
1.153739999999999988e+01
1.020035000000000025e+01
1.471187500000000092e+01
1.255573749999999933e+01
1.226226250000000029e+01
1.155759999999999899e+01
1.135417500000000146e+01
1.050677499999999931e+01
1.070286249999999839e+01
1.100097499999999862e+01
1.074222499999999947e+01
1.188762500000000166e+01
1.266949999999999932e+01
1.329679999999999929e+01
1.273593750000000036e+01
1.218918749999999918e+01
1.145968750000000114e+01
1.084469999999999956e+01
1.191325000000000145e+01
1.123291249999999941e+01
1.071382499999999993e+01
1.080556250000000063e+01
1.315766250000000070e+01
1.174431250000000126e+01
1.151302499999999895e+01
1.055535000000000068e+01
1.077254999999999896e+01
1.179776249999999926e+01
1.132743750000000027e+01
1.194568750000000001e+01
1.314763750000000009e+01
1.232352500000000006e+01
1.256048750000000069e+01
1.189133750000000056e+01
1.167089999999999961e+01
1.189590000000000103e+01
1.210726250000000093e+01
1.194863750000000024e+01
1.188261249999999869e+01
1.201271249999999924e+01
1.164428750000000079e+01
1.179505000000000159e+01
1.155820000000000114e+01
1.082965000000000089e+01
1.195862499999999962e+01
1.156751249999999942e+01
1.184516249999999893e+01
1.191056249999999928e+01
1.204359999999999964e+01
1.205286249999999981e+01
1.202606250000000010e+01
1.188904999999999745e+01
1.166193750000000051e+01
1.152483749999999851e+01
1.123128749999999876e+01
1.102480000000000082e+01
1.081187500000000057e+01
1.070703750000000021e+01
1.053368750000000098e+01
1.029889999999999972e+01
1.012903750000000080e+01
1.007271250000000151e+01
9.990669999999999717e+00
9.826621249999998753e+00
9.390013749999999604e+00
9.025873750000000584e+00
8.509098749999999711e+00
7.727076250000000535e+00
6.948073749999999826e+00
6.342321249999999466e+00
5.989330000000000709e+00
5.858230000000000715e+00
5.719476250000000483e+00
5.552334999999999354e+00
5.342711249999999801e+00
5.168957500000000316e+00
5.046480000000000743e+00
4.802999999999999048e+00
4.616267500000000190e+00
4.443832500000000074e+00
4.186702499999999993e+00
4.034766249999999665e+00
3.960878749999999560e+00
3.909161250000000365e+00
3.850883749999999939e+00
3.716067500000000301e+00
3.563687500000000341e+00
3.424083749999999426e+00
3.332348749999999971e+00
3.283427500000000165e+00
3.263553749999999809e+00
3.254899999999999682e+00
3.255433750000000348e+00
3.316823750000000182e+00
3.514887499999999942e+00
3.760853750000000328e+00
3.964985000000000426e+00
4.321688749999999857e+00
4.331842499999999596e+00
4.037066250000000522e+00
3.274635000000000407e+00
2.670641250000000078e+00
2.540683749999999907e+00
6.683612500000000178e-01
6.712212499999999915e-01
6.898687500000000306e-01
3.689000000000000057e-01
3.926687500000000108e-01
