4.895850000000000364e+03
5.821718750000000000e+03
3.971412499999999454e+03
3.341848750000000109e+03
2.980785000000000309e+03
2.678587500000000091e+03
2.356893750000000182e+03
2.078917500000000018e+03
1.861130000000000109e+03
1.659582499999999982e+03
1.451856250000000045e+03
1.217286250000000109e+03
1.028157500000000027e+03
7.046201249999999163e+02
5.571713750000000118e+02
4.877112500000000068e+02
4.202223749999999995e+02
3.722239999999999895e+02
3.346440000000000055e+02
3.049841250000000059e+02
2.806713750000000118e+02
2.605926249999999982e+02
2.333821249999999736e+02
2.050668749999999818e+02
1.869802499999999839e+02
1.773733750000000100e+02
1.760126249999999857e+02
1.818035000000000139e+02
1.901049999999999898e+02
1.918500000000000227e+02
1.811780000000000257e+02
1.620577499999999986e+02
1.419046250000000100e+02
1.245248750000000086e+02
1.058141250000000042e+02
8.874481249999999477e+01
7.767377500000000623e+01
7.005756249999998886e+01
6.565396250000000578e+01
6.325685000000000713e+01
6.040608750000000526e+01
5.759082500000000238e+01
5.584345000000000425e+01
5.522461250000000632e+01
5.586503749999999968e+01
5.746721250000000936e+01
5.945747499999999519e+01
6.232029999999999603e+01
6.635884999999998968e+01
6.986324999999999363e+01
7.240961250000000859e+01
7.498845000000000027e+01
7.817327500000000384e+01
8.146597500000001446e+01
8.495085000000000264e+01
8.874038749999999709e+01
9.247328749999999786e+01
9.606759999999999877e+01
9.932797499999999502e+01
1.016793750000000216e+02
1.034311249999999944e+02
1.032878749999999997e+02
1.024464999999999861e+02
9.911997499999999661e+01
9.076863750000001119e+01
7.361468750000000227e+01
5.571497499999999548e+01
4.101836250000000206e+01
2.873673749999999671e+01
2.275140000000000029e+01
1.971186249999999873e+01
1.759080000000000155e+01
1.645427499999999910e+01
1.556462499999999949e+01
1.483933749999999918e+01
1.430867500000000092e+01
1.394523750000000106e+01
1.416426249999999953e+01
1.760516250000000227e+01
2.044530000000000314e+01
1.314101250000000043e+01
1.178950000000000031e+01
1.118481249999999960e+01
1.057451249999999909e+01
9.742916250000000389e+00
8.688052499999999512e+00
9.321598750000001488e+00
1.500228749999999955e+01
2.096701249999999561e+01
2.515642499999999870e+01
2.997977500000000006e+01
4.281207500000000010e+01
2.870097500000000323e+01
5.445445000000000135e+01
4.963249999999999496e+00
4.000510000000000232e+00
1.195824999999999960e+01
8.727451249999999661e+00
1.683996249999999861e+01
3.975088749999999749e+01
7.787788749999998572e+01
1.287881249999999866e+01
1.570632499999999965e+01
5.932770000000000010e+01
7.444291250000000026e+00
1.724123749999999688e+02
5.255577500000001123e+01
1.736036250000000081e+01
3.708171250000000185e+01
9.375539999999999452e+01
2.893313750000000084e+01
6.806133750000000759e+01
1.906132500000000007e+01
2.462548750000000197e+01
3.568179999999999552e+01
2.538107499999999916e+01
3.617320000000000135e+01
1.994268749999999955e+02
2.669462500000000560e+01
2.278018750000000026e+01
5.070602500000000390e+01
4.269140000000000157e+01
2.171028749999999974e+01
1.807635000000000147e+01
8.493076249999999661e+00
4.805078749999999843e+01
7.919865000000001487e+01
8.645596249999999827e+01
2.437333750000000236e+02
3.225330000000000297e+01
1.061236249999999970e+01
1.926431249999999551e+01
1.202272499999999980e+02
3.102298750000000283e+01
4.014922500000000127e+01
2.117413749999999695e+01
4.655721250000000566e+01
2.672423749999999742e+01
4.136019999999999897e+01
4.414661249999999626e+01
3.061525000000000318e+01
9.706362500000000182e+01
5.250937500000000568e+01
6.551078749999999218e+01
2.711348750000000152e+01
1.559612500000000068e+01
5.811362500000000431e+00
3.036997500000000016e+01
3.782191249999999627e+01
1.507592499999999980e+01
1.707736249999999600e+01
3.063734999999999786e+01
2.195221250000000168e+01
1.955872499999999903e+01
1.021903750000000066e+01
2.951944999999999908e+01
2.519058749999999947e+01
2.143102499999999822e+01
1.337242499999999801e+01
2.087423749999999956e+01
5.677902499999999186e+00
2.262152500000000188e+01
2.247102500000000447e+01
1.282774999999999821e+01
1.366057499999999969e+01
1.176011250000000175e+01
1.827799999999999869e+01
9.458521250000000435e+00
7.617828750000000149e+00
7.827078750000000085e+00
5.551408750000000225e+00
6.648372499999999796e+00
5.750023750000000433e+00
5.566951249999999796e+00
5.626187499999999453e+00
5.084311249999999838e+00
4.802780000000000271e+00
4.856876250000000894e+00
4.104622499999999619e+00
3.226571250000000113e+00
3.000515000000000487e+00
2.802849999999999842e+00
2.594945000000000057e+00
2.317215000000000025e+00
2.105647500000000338e+00
1.954012500000000152e+00
1.836529999999999996e+00
1.823419999999999819e+00
1.802756249999999838e+00
1.737586250000000110e+00
1.680435000000000123e+00
1.648143749999999796e+00
1.613227500000000036e+00
1.583314999999999806e+00
1.518371249999999950e+00
1.451559999999999961e+00
1.387237500000000123e+00
1.304193750000000041e+00
1.234991249999999985e+00
1.220082500000000181e+00
1.202456250000000004e+00
1.190622499999999917e+00
1.165036249999999995e+00
1.141681249999999981e+00
1.131027500000000074e+00
1.123383750000000125e+00
1.118887500000000035e+00
1.113454999999999862e+00
1.114188750000000061e+00
1.116880000000000095e+00
1.115303749999999816e+00
1.115630000000000122e+00
1.124139999999999917e+00
1.133399999999999963e+00
1.146709999999999896e+00
1.186922500000000102e+00
1.194723750000000084e+00
1.196574999999999944e+00
1.205387500000000056e+00
1.212683750000000060e+00
1.218711249999999913e+00
1.223563750000000061e+00
1.233437499999999964e+00
1.258633749999999996e+00
1.279282499999999878e+00
1.265297500000000186e+00
1.246499999999999941e+00
1.171148749999999961e+00
1.111548750000000085e+00
1.078586250000000080e+00
1.546346249999999811e+00
1.782086250000000094e+00
1.744248750000000125e+00
4.959974999999999801e-01
5.190862499999999713e-01
5.285674999999999679e-01
2.647700000000000053e-01
2.569737500000000008e-01
