5.841650000000000546e+03
6.950366250000000036e+03
4.744492500000000291e+03
3.994182500000000346e+03
3.563906250000000455e+03
3.203792499999999563e+03
2.820412499999999909e+03
2.489078750000000127e+03
2.229391250000000127e+03
1.988927500000000009e+03
1.740860000000000127e+03
1.460158750000000055e+03
1.233168750000000045e+03
8.430396250000000009e+02
6.655995000000000346e+02
5.829026250000000573e+02
5.032821249999999509e+02
4.471917499999999563e+02
4.035772499999999923e+02
3.693622500000000173e+02
3.414678749999999923e+02
3.185616250000000491e+02
2.878116249999999923e+02
2.563690000000000282e+02
2.371482500000000471e+02
2.282242500000000121e+02
2.293208750000000009e+02
2.387336250000000177e+02
2.499033749999999827e+02
2.509075000000000273e+02
2.350807499999999948e+02
2.087881249999999795e+02
1.820083750000000009e+02
1.595215000000000032e+02
1.359184999999999945e+02
1.148913749999999823e+02
1.015372500000000002e+02
9.247077499999998906e+01
8.726924999999998533e+01
8.444668749999999591e+01
8.110448750000000473e+01
7.781864999999999100e+01
7.580393750000001774e+01
7.514079999999999870e+01
7.600553749999998843e+01
7.804626249999999743e+01
8.057061250000000996e+01
8.422249999999999659e+01
8.943013750000001494e+01
9.399342500000000200e+01
9.735037499999999966e+01
1.007622499999999945e+02
1.050613750000000124e+02
1.095201249999999931e+02
1.143243750000000034e+02
1.196546249999999958e+02
1.250222499999999997e+02
1.303993750000000205e+02
1.354546249999999930e+02
1.395663749999999936e+02
1.429751249999999914e+02
1.441188749999999743e+02
1.443791249999999877e+02
1.414222499999999911e+02
1.327970000000000255e+02
1.126640000000000015e+02
9.037691250000000309e+01
7.128671250000000725e+01
5.430076249999999050e+01
4.435982500000000073e+01
3.873584999999999923e+01
3.520697499999999280e+01
3.330011249999999734e+01
3.176751249999999871e+01
3.057556250000000020e+01
2.987048749999999941e+01
2.981085000000000562e+01
3.254278750000000286e+01
5.134682500000000260e+01
6.733419999999999561e+01
3.211072500000000218e+01
2.698655000000000115e+01
2.571973750000000081e+01
2.487101250000000263e+01
2.398526250000000104e+01
2.318058749999999790e+01
2.446491249999999695e+01
3.049728749999999877e+01
3.660956250000000267e+01
4.175257500000000022e+01
4.831248750000000314e+01
6.720622500000000343e+01
5.033013749999999931e+01
1.027827500000000072e+02
2.299287500000000151e+01
1.978866249999999738e+01
1.002206375000000094e+02
2.431942499999999896e+01
3.157666249999999764e+01
7.483178750000000434e+01
3.096993750000000318e+02
6.821753749999999172e+01
4.670539999999999026e+01
1.461218749999999886e+02
2.649254999999999782e+01
2.485367499999999836e+02
8.311982499999999163e+01
3.698894999999999555e+01
2.488316250000000309e+02
2.291558749999999804e+02
4.840683750000000174e+01
8.757963750000000402e+01
4.658030000000000825e+01
5.869138749999999050e+01
7.938199999999999079e+01
4.320674999999999955e+01
6.457038749999999538e+01
3.384786250000000223e+02
6.168411249999999768e+01
6.644311249999999802e+01
1.042105000000000103e+02
6.073752499999999799e+01
4.361303749999999724e+01
5.110171250000000498e+01
2.426097499999999840e+01
9.486789999999999168e+01
2.053149999999999977e+02
1.824096249999999770e+02
3.595627499999999941e+02
5.396695000000000420e+01
2.372237499999999955e+01
3.610286249999999342e+01
2.199252500000000055e+02
5.610568750000000904e+01
9.328157499999998947e+01
5.605431250000000176e+01
7.052264999999999873e+01
4.726548749999999899e+01
7.420144999999999413e+01
7.678447500000000048e+01
7.760567500000000507e+01
1.446916250000000161e+02
7.325007499999999538e+01
1.088449999999999989e+02
4.647311249999999916e+01
3.763596249999999799e+01
2.310051250000000067e+01
5.008098749999999200e+01
6.377316249999999798e+01
3.277550000000000097e+01
3.498882499999999851e+01
5.224348750000000052e+01
5.690948750000000445e+01
4.643475000000000108e+01
3.340587500000000176e+01
4.917476250000000704e+01
4.358787500000000392e+01
4.567682499999999379e+01
3.240590000000000259e+01
4.157266249999999985e+01
4.060855000000000103e+01
4.669480000000000075e+01
4.246151250000000488e+01
2.923924999999999841e+01
3.132906250000000270e+01
2.866339999999999577e+01
3.617953750000000213e+01
2.617169999999999774e+01
2.420432500000000076e+01
2.332734999999999914e+01
2.056051249999999797e+01
2.168963750000000346e+01
2.087967500000000243e+01
1.954291249999999991e+01
1.956184999999999974e+01
1.841688749999999786e+01
1.827957500000000124e+01
1.839290000000000092e+01
1.748701250000000229e+01
1.649017500000000069e+01
1.625161250000000024e+01
1.566779999999999973e+01
1.514453750000000021e+01
1.462877499999999920e+01
1.405294999999999916e+01
1.363077499999999809e+01
1.324544999999999995e+01
1.313088750000000005e+01
1.298833750000000009e+01
1.270401249999999926e+01
1.250667500000000132e+01
1.240090000000000003e+01
1.228751250000000006e+01
1.212068749999999895e+01
1.170270000000000010e+01
1.134417499999999990e+01
1.090708750000000116e+01
1.024553750000000107e+01
9.546792499999998682e+00
9.012935000000000585e+00
8.699398749999998515e+00
8.574699999999999989e+00
8.434518750000000509e+00
8.276521250000000052e+00
8.082001249999999359e+00
7.920581250000000573e+00
7.819971250000000040e+00
7.635763749999999739e+00
7.501193750000000549e+00
7.376522500000000093e+00
7.177687500000000220e+00
7.051392500000000396e+00
6.997079999999999522e+00
6.962599999999999234e+00
6.924979999999999691e+00
6.845221249999999813e+00
6.746286249999999818e+00
6.682004999999999306e+00
6.656984999999999708e+00
6.655448749999999691e+00
6.666220000000000034e+00
6.678477499999999623e+00
6.713076250000000300e+00
6.875196250000000120e+00
7.217073749999999954e+00
7.487565000000000026e+00
7.668592499999999923e+00
7.901406249999999964e+00
7.808512499999999967e+00
7.408718750000000242e+00
6.598718749999999744e+00
6.005279999999999063e+00
5.756789999999999630e+00
1.449022499999999880e+00
1.457873750000000079e+00
1.470861250000000009e+00
7.515062500000000423e-01
7.660862499999999686e-01
