9.294362499999999727e+02
1.105182499999999891e+03
7.538476249999999936e+02
6.342483750000000100e+02
5.656189999999999145e+02
5.081377499999999827e+02
4.468726249999999709e+02
3.938356250000000500e+02
3.521602500000000191e+02
3.134281250000000227e+02
2.732607499999999732e+02
2.272999999999999829e+02
1.895634999999999764e+02
1.231652499999999861e+02
9.326761249999999848e+01
8.008327500000001464e+01
6.801197500000000673e+01
5.997299999999999898e+01
5.398851249999999879e+01
4.948048750000000240e+01
4.594448749999999393e+01
4.316173750000000098e+01
3.969784999999999542e+01
3.667517500000000297e+01
3.564185000000000514e+01
3.642087500000000233e+01
3.896387500000000159e+01
4.264827500000000526e+01
4.554102500000000475e+01
4.478577500000000100e+01
3.960896250000000407e+01
3.243751250000000397e+01
2.583886250000000473e+01
2.077960000000000207e+01
1.597116249999999837e+01
1.212932499999999969e+01
9.955127499999999685e+00
8.606818750000000406e+00
7.881886249999999983e+00
7.502738749999998902e+00
7.078098750000000550e+00
6.693296249999999503e+00
6.509746250000000956e+00
6.546991250000001372e+00
6.851585000000000925e+00
7.350631249999999284e+00
7.924818750000000023e+00
8.752976249999999681e+00
9.959397499999999681e+00
1.104281250000000014e+01
1.186567499999999775e+01
1.271023749999999808e+01
1.383263750000000059e+01
1.500552500000000045e+01
1.632817500000000166e+01
1.786730000000000018e+01
1.949642500000000211e+01
2.126597500000000096e+01
2.304347500000000082e+01
2.477703749999999872e+01
2.640463749999999976e+01
2.765413749999999737e+01
2.871728749999999764e+01
2.904821249999999822e+01
2.871187500000000270e+01
2.568311250000000001e+01
2.129271250000000038e+01
1.693567499999999981e+01
1.231968750000000057e+01
8.468476250000001926e+00
5.968458749999999924e+00
4.637782500000000141e+00
3.936008750000000056e+00
3.378091249999999768e+00
3.011771249999999789e+00
2.933867499999999851e+00
3.337213749999999646e+00
5.968730000000000757e+00
2.144502500000000111e+01
3.439721250000000197e+01
6.498489999999999434e+00
2.848341250000000269e+00
2.267427500000000151e+00
2.101488750000000127e+00
2.125396249999999654e+00
2.463315000000000143e+00
3.212896250000000009e+00
3.657796249999999638e+00
3.882951250000000076e+00
4.897734999999999950e+00
6.673242500000000632e+00
1.270973750000000102e+01
9.905007499999999965e+00
3.647883749999999736e+01
6.148448750000000018e+00
4.518035000000000245e+00
7.688980000000000814e+01
4.429159999999999542e+00
4.121125000000000149e+00
2.533088749999999933e+01
2.197771250000000123e+02
4.286026250000000459e+01
2.030317499999999953e+01
7.566100000000000136e+01
8.353406250000000810e+00
6.483054999999998813e+01
1.823361249999999956e+01
9.265857500000000968e+00
1.991731249999999989e+02
1.201562500000000000e+02
7.822277500000000217e+00
8.115104999999999791e+00
1.608271249999999952e+01
2.344713750000000019e+01
3.255292500000000189e+01
8.003163749999998799e+00
2.051144999999999641e+01
1.203623750000000001e+02
2.385443749999999952e+01
3.039997499999999775e+01
4.191525000000000034e+01
6.751517500000000283e+00
1.102453749999999744e+01
2.319222500000000053e+01
7.085215000000000707e+00
3.659660000000000224e+01
1.128087499999999892e+02
8.376522500000000093e+01
9.761641250000000980e+01
6.294868749999999125e+00
1.572583750000000169e+00
6.638213750000000246e+00
8.498648749999999552e+01
1.252695000000000292e+01
4.087010000000000076e+01
2.332256249999999653e+01
1.261121250000000238e+01
1.003446375000000046e+01
2.213838750000000033e+01
2.163690000000000069e+01
3.624818750000000023e+01
3.574041249999999792e+01
8.071225000000000094e+00
3.003740000000000165e+01
6.623683749999999648e+00
9.850643749999999699e+00
5.829464999999999897e+00
8.866322500000000773e+00
1.403799999999999848e+01
6.466691249999999336e+00
7.197641249999999324e+00
1.080057499999999848e+01
2.179963749999999933e+01
1.513166250000000090e+01
1.167381250000000037e+01
9.099947499999998968e+00
7.624751250000000091e+00
1.244803749999999987e+01
7.706042499999999684e+00
8.752734999999999488e+00
2.178299999999999770e+01
1.174977499999999964e+01
7.429987500000000189e+00
4.520160000000000622e+00
5.997557500000000097e+00
5.007412500000000044e+00
5.794266249999999729e+00
4.764548750000000332e+00
4.703877499999999934e+00
3.487558750000000263e+00
3.364824999999999733e+00
3.246226249999999869e+00
3.571450000000000014e+00
3.146291249999999984e+00
1.977028749999999890e+00
1.765047499999999880e+00
1.631652499999999950e+00
1.625481249999999767e+00
1.338770000000000016e+00
1.210751249999999946e+00
1.225016249999999918e+00
9.758860000000000312e-01
8.857242499999999907e-01
7.799739999999999451e-01
7.048418749999999511e-01
6.350362500000000798e-01
5.648144999999998861e-01
5.352814999999999657e-01
5.559720000000000217e-01
5.177997500000000031e-01
5.154033749999999969e-01
4.799872500000000319e-01
4.613510000000000111e-01
4.370893750000000022e-01
3.961832499999999313e-01
3.557198749999999632e-01
3.182119999999999393e-01
2.688683749999999928e-01
2.253841249999999907e-01
2.034588749999999835e-01
1.892092499999999955e-01
1.827793749999999939e-01
1.746383750000000123e-01
1.667560000000000153e-01
1.577011249999999976e-01
1.500677499999999998e-01
1.457527499999999865e-01
1.386843749999999986e-01
1.335706249999999984e-01
1.287623749999999845e-01
1.211712500000000081e-01
1.162887499999999963e-01
1.147978750000000076e-01
1.141536250000000086e-01
1.131576250000000117e-01
1.100099999999999828e-01
1.051538750000000078e-01
1.001813750000000031e-01
9.660372500000000140e-02
9.364528750000000734e-02
9.105517500000000208e-02
8.903040000000000953e-02
8.577502500000000474e-02
7.542496249999999791e-02
5.610774999999999790e-02
4.358460000000000112e-02
3.479559999999999598e-02
1.766491250000000110e-02
7.451925000000000736e-03
4.523678750000000200e-03
2.584761249999999524e-03
2.174286249999999969e-03
1.970126249999999864e-03
3.535937499999999584e-04
3.004999999999999859e-04
2.142721249999999860e-04
5.721612499999999762e-05
4.414512500000000028e-05
