5.529137500000000927e+00
7.403445000000000498e+00
5.744117500000000653e+00
5.260141250000000213e+00
5.007697499999999025e+00
4.813536249999999406e+00
4.626244999999999941e+00
4.480698750000000175e+00
4.379067499999999669e+00
4.295011249999999947e+00
4.217581249999999393e+00
4.142929999999999779e+00
4.091213749999999649e+00
4.022508750000000077e+00
3.997290000000000010e+00
3.987331249999999994e+00
3.978323749999999936e+00
3.972096250000000328e+00
3.967260000000000009e+00
3.963331249999999528e+00
3.959954999999999892e+00
3.956993750000000087e+00
3.952398749999999961e+00
3.946616249999999493e+00
3.941423750000000226e+00
3.936573749999999983e+00
3.931919999999999860e+00
3.927411249999999576e+00
3.923011250000000061e+00
3.918657500000000127e+00
3.914357499999999490e+00
3.910099999999999909e+00
3.905872500000000080e+00
3.901646250000000204e+00
3.895448749999999905e+00
3.887035000000000018e+00
3.878631249999999753e+00
3.870152500000000106e+00
3.863750000000000018e+00
3.859520000000000284e+00
3.853146249999999551e+00
3.844664999999999999e+00
3.836030000000000051e+00
3.827363749999999953e+00
3.818689999999999696e+00
3.812032499999999491e+00
3.807584999999999997e+00
3.803178749999999830e+00
3.798770000000000202e+00
3.795645000000000380e+00
3.793808750000000174e+00
3.792003750000000561e+00
3.790173749999999675e+00
3.788342499999999724e+00
3.786526250000000093e+00
3.784698750000000445e+00
3.782868749999999558e+00
3.781055000000000277e+00
3.779228750000000137e+00
3.777412500000000062e+00
3.775588750000000271e+00
3.773765000000000036e+00
3.771937499999999943e+00
3.770117500000000454e+00
3.766916250000000410e+00
3.762367499999999865e+00
3.757813750000000397e+00
3.753246250000000117e+00
3.746177499999999938e+00
3.736711249999999929e+00
3.727171250000000047e+00
3.717530000000000445e+00
3.707975000000000243e+00
3.694272500000000292e+00
3.676157499999999967e+00
3.657872499999999860e+00
3.639001250000000187e+00
3.620828749999999818e+00
3.605703749999999985e+00
3.585794999999999622e+00
3.561506249999999429e+00
3.540491250000000090e+00
3.520939999999999959e+00
3.499813749999999946e+00
3.475393750000000281e+00
3.449661250000000123e+00
3.424748750000000452e+00
3.396817500000000489e+00
3.368071250000000294e+00
3.349622499999999725e+00
3.338058750000000074e+00
3.316691250000000313e+00
3.247677499999999995e+00
3.150042500000000079e+00
3.062080000000000357e+00
2.910382499999999872e+00
3.001649999999999707e+00
4.529422499999999907e+00
1.298867500000000064e+02
6.978727500000000816e+01
1.997172499999999928e+01
1.277438749999999956e+01
9.349283749999999671e+00
8.213538749999999666e+00
6.651994999999999436e+00
5.429522500000000029e+00
4.912448750000000253e+00
4.554332500000000117e+00
4.348482499999999362e+00
4.233357499999999440e+00
4.099081250000000232e+00
4.001784999999999926e+00
3.921424999999999716e+00
3.826466249999999736e+00
3.714338750000000022e+00
3.549596250000000452e+00
3.394178750000000022e+00
3.246616250000000203e+00
2.978949999999999765e+00
1.103472499999999989e+01
1.323288750000000036e+01
4.159709999999999575e+00
3.776079999999999881e+00
3.605502500000000055e+00
3.541508750000000205e+00
3.475441249999999371e+00
3.410266249999999832e+00
3.366462499999999913e+00
3.311578750000000237e+00
3.245300000000000296e+00
3.153673750000000275e+00
3.080976249999999972e+00
3.016758750000000600e+00
2.936342499999999855e+00
2.788110000000000088e+00
2.574575000000000280e+00
2.274531249999999893e+00
2.880114999999999981e+00
9.595803750000000321e+01
1.078754999999999953e+01
5.663538749999999844e+00
4.495983749999999723e+00
4.052075000000000315e+00
3.586766250000000156e+00
3.311382500000000118e+00
3.171059999999999768e+00
3.037822499999999870e+00
2.903066250000000181e+00
2.726055000000000117e+00
2.473613750000000167e+00
2.020116250000000058e+00
3.830373749999999688e+00
1.445646250000000066e+01
2.847574999999999967e+00
2.271593750000000078e+00
1.820113749999999975e+00
1.574458749999999796e+00
2.489428750000000079e+01
2.321702500000000224e+00
5.209313749999999743e+00
2.491393749999999851e+00
1.126520000000000152e+02
6.435143749999999940e+00
2.783367499999999950e+01
1.276057499999999933e+01
1.057692499999999924e+01
3.273234999999999673e+00
1.388436249999999994e+01
7.061486250000000631e+00
7.994245000000001156e+00
5.309298749999999956e+00
8.130321249999997946e+00
5.483617499999999367e+00
7.493839999999999613e+00
7.096077499999999816e+00
6.102166250000000680e+00
9.558593750000000000e+00
5.674062500000000675e+00
7.093133749999999793e+00
6.321896250000000883e+00
6.080637500000000806e+00
5.861168750000000927e+00
5.636393749999999869e+00
5.431390000000000384e+00
5.285222499999998824e+00
5.173906250000000817e+00
5.094669999999999810e+00
5.070792499999999592e+00
5.048510000000000275e+00
5.008312499999999723e+00
4.983961250000000121e+00
4.971493750000000489e+00
4.952577500000000299e+00
4.909057499999999408e+00
4.845581250000000395e+00
4.807447499999999430e+00
4.791556249999999295e+00
4.817518749999999628e+00
4.926215000000000011e+00
5.065126249999999608e+00
5.161182500000000672e+00
5.204881249999999682e+00
5.256928750000000150e+00
5.318820000000000547e+00
5.400506250000000286e+00
5.472865000000000535e+00
5.521630000000000038e+00
5.613017499999999771e+00
5.655901249999999436e+00
5.689783749999999252e+00
5.703208749999999938e+00
5.686275000000000190e+00
5.674145000000000216e+00
5.659464999999999080e+00
5.648304999999999687e+00
5.632878749999999712e+00
5.591658749999999678e+00
5.546803749999999589e+00
5.491181249999999459e+00
5.442872500000000002e+00
5.392366249999999361e+00
5.347287500000000193e+00
5.268510000000000026e+00
5.012763749999999519e+00
4.481107500000000243e+00
4.049292499999999961e+00
3.692317500000000141e+00
2.933526249999999891e+00
2.440613749999999804e+00
2.210403750000000223e+00
2.124439999999999884e+00
2.384457499999999897e+00
2.693049999999999944e+00
7.177975000000000882e-01
7.198512500000000536e-01
7.171650000000000524e-01
3.479300000000000170e-01
3.336200000000000276e-01
