2.267439999999999998e+02
2.700034999999999741e+02
1.844576250000000073e+02
1.553926250000000095e+02
1.387399999999999807e+02
1.248148750000000007e+02
1.100084999999999980e+02
9.723117500000000746e+01
8.723571249999999111e+01
7.800021250000000350e+01
6.849639999999999418e+01
5.778362499999999358e+01
4.915341250000000883e+01
3.444097500000000167e+01
2.779344999999999999e+01
2.474543749999999775e+01
2.185823750000000132e+01
1.982191249999999627e+01
1.825665000000000049e+01
1.703161250000000138e+01
1.603066249999999826e+01
1.520874999999999844e+01
1.403647499999999937e+01
1.274958750000000052e+01
1.178537500000000016e+01
1.103624999999999901e+01
1.041271249999999959e+01
9.904112500000000097e+00
9.478651250000000417e+00
9.101421250000001351e+00
8.771169999999999689e+00
8.486387499999999307e+00
8.231541249999999366e+00
8.003132500000001315e+00
7.718561249999999596e+00
7.389938749999999779e+00
7.115942500000000059e+00
6.887477500000001029e+00
6.714959999999999596e+00
6.619472500000000537e+00
6.503896250000000379e+00
6.350112500000000715e+00
6.216772500000000257e+00
6.106842499999999951e+00
6.000991250000001109e+00
5.938149999999999373e+00
5.899086249999999865e+00
5.860388750000000258e+00
5.821679999999999744e+00
5.797862500000000807e+00
5.789077500000001208e+00
5.780448750000000580e+00
5.771692500000000337e+00
5.762938749999999999e+00
5.754246250000000451e+00
5.745498749999999433e+00
5.736750000000000682e+00
5.728085000000000093e+00
5.719337499999999963e+00
5.710662499999998865e+00
5.701936250000000150e+00
5.693216250000000755e+00
5.684471250000000531e+00
5.675768749999998697e+00
5.660453749999999395e+00
5.638698749999999649e+00
5.616922500000000262e+00
5.595067500000000749e+00
5.578159999999999563e+00
5.566368749999999643e+00
5.554493749999999785e+00
5.542485000000000106e+00
5.530587499999999324e+00
5.535267500000000673e+00
5.557074999999999321e+00
5.580046249999999652e+00
5.629957499999999726e+00
5.688887499999998987e+00
5.737928750000000022e+00
5.832684999999999675e+00
5.965270000000000294e+00
6.079971249999999827e+00
6.186790000000001122e+00
6.336924999999999919e+00
6.535992500000000760e+00
6.745758750000000248e+00
6.950524999999999842e+00
7.239497499999999697e+00
7.564901250000000132e+00
7.773733749999998999e+00
7.904623749999998950e+00
8.149429999999998842e+00
9.165276249999999791e+00
1.098388749999999980e+01
1.327571250000000092e+01
2.308682500000000104e+01
4.751712500000000006e+01
1.126031250000000057e+02
2.483876250000000255e+03
9.822473750000000337e+02
1.683133750000000077e+02
7.477634999999999366e+01
3.677971250000000225e+01
2.578627499999999984e+01
1.300678750000000150e+01
5.143752499999999728e+00
2.849817499999999892e+00
1.755671250000000239e+00
1.298070000000000279e+00
1.113980000000000192e+00
9.517438750000000169e-01
8.728563749999999066e-01
8.337300000000000821e-01
8.205550000000000344e-01
8.536913750000000300e-01
1.020582499999999948e+00
1.322346249999999834e+00
1.834674999999999834e+00
3.452309999999999768e+00
1.829298749999999814e+02
1.234161250000000223e+02
1.174259999999999859e+00
5.087584999999998914e-01
3.684961250000000077e-01
3.366357500000000114e-01
3.154861250000000061e-01
2.996482499999999494e-01
2.958837500000000009e-01
2.935231249999999958e-01
3.008008750000000786e-01
3.189279999999999893e-01
3.476786249999999634e-01
3.828452499999999703e-01
4.412857499999999766e-01
5.967204999999999870e-01
9.724076250000001087e-01
1.955638749999999870e+00
1.558906250000000249e+01
4.893893750000000296e+02
1.889140000000000086e+01
3.327868749999999931e+00
1.214017500000000194e+00
6.672740000000001448e-01
3.030478749999999666e-01
1.769415000000000016e-01
1.476976249999999991e-01
1.340371249999999792e-01
1.384736250000000168e-01
1.759676249999999886e-01
3.852373750000000485e-01
3.867372500000000102e+00
2.372528750000000031e+01
4.835720000000000596e+01
2.859003749999999844e-01
3.016952499999999704e-01
6.189605000000000246e-01
2.050398750000000270e+00
2.814311249999999376e+01
1.133008749999999953e-01
1.578273750000000142e+01
9.637204999999999799e+00
3.683285000000000053e+01
3.475044999999999940e-01
2.428463749999999877e+01
8.337987500000000551e+00
5.843460000000000321e+00
8.619485000000000341e-02
4.874502500000000182e+00
3.921728750000000208e+00
3.229588750000000008e+00
3.100722500000000270e+00
2.469364999999999810e+00
1.461304999999999854e+00
1.911216250000000283e+00
1.747473750000000159e+00
1.818405000000000049e+00
1.750850000000000239e+00
1.215192500000000120e+00
1.371533749999999774e+00
1.119138750000000071e+00
9.833617500000001455e-01
8.668661250000001539e-01
7.488523750000000145e-01
6.358528749999999841e-01
5.481148750000001124e-01
4.708012499999999489e-01
4.108102500000000434e-01
3.916667500000000079e-01
3.731005000000000016e-01
3.395774999999999766e-01
3.195311250000000269e-01
3.094718749999999519e-01
2.966127499999999806e-01
2.735746250000000157e-01
2.356285000000000185e-01
2.072486249999999919e-01
1.792618750000000150e-01
1.531798749999999931e-01
1.356514999999999804e-01
1.279928750000000059e-01
1.239656250000000098e-01
1.229728749999999954e-01
1.217634999999999967e-01
1.203023750000000031e-01
1.192756249999999962e-01
1.188950000000000007e-01
1.186387499999999873e-01
1.138552500000000051e-01
1.088026250000000000e-01
1.033280000000000171e-01
9.286457500000000476e-02
8.581996249999999937e-02
8.260613749999999589e-02
8.039986250000000223e-02
7.830300000000001148e-02
7.449621249999999195e-02
6.847770000000000246e-02
6.192282500000000078e-02
5.649126250000000016e-02
5.220419999999999922e-02
4.888431249999999895e-02
4.635882499999999934e-02
4.194552500000000433e-02
3.364253749999999987e-02
2.355197500000000277e-02
1.811278749999999799e-02
1.439395000000000084e-02
8.246221249999999628e-03
3.885731250000000643e-03
1.945977500000000164e-03
9.033094999999998799e-04
8.835685000000000023e-04
1.063596250000000071e-03
2.570699999999999765e-04
2.441811249999999872e-04
2.161101250000000047e-04
6.575512499999999836e-05
4.232924999999999795e-05
