2.322729999999999961e+02
2.774069999999999823e+02
1.902017500000000041e+02
1.606528749999999945e+02
1.437477499999999964e+02
1.296286249999999995e+02
1.146347499999999968e+02
1.017118750000000063e+02
9.161478749999999138e+01
8.229522499999998786e+01
7.271398750000000177e+01
6.192657499999999260e+01
5.324461249999999524e+01
3.846350000000000335e+01
3.179072500000000190e+01
2.873278750000000059e+01
2.583653750000000215e+01
2.379400000000000048e+01
2.222392500000000126e+01
2.099493749999999892e+01
1.999062500000000142e+01
1.916575000000000273e+01
1.798886249999999976e+01
1.669619999999999749e+01
1.572678750000000214e+01
1.497282499999999850e+01
1.434463749999999749e+01
1.383153749999999960e+01
1.340167500000000089e+01
1.302008750000000070e+01
1.268551249999999975e+01
1.239648749999999922e+01
1.213739999999999952e+01
1.190477500000000077e+01
1.161401250000000118e+01
1.127697500000000019e+01
1.099457500000000110e+01
1.075763750000000130e+01
1.057871249999999996e+01
1.047898749999999879e+01
1.035704999999999920e+01
1.019478750000000034e+01
1.005278749999999910e+01
9.934202500000001379e+00
9.819680000000001741e+00
9.750185000000000102e+00
9.706672499999999815e+00
9.663567500000000976e+00
9.620448749999999549e+00
9.593509999999998428e+00
9.582887500000000003e+00
9.572456250000000111e+00
9.561866249999999567e+00
9.551282499999999231e+00
9.540772499999999212e+00
9.530197499999999877e+00
9.519619999999999749e+00
9.509141249999998990e+00
9.498561250000001621e+00
9.488074999999998482e+00
9.477527500000000771e+00
9.466981249999998127e+00
9.456406250000000568e+00
9.445885000000000531e+00
9.427369999999999806e+00
9.401064999999999117e+00
9.374736249999999771e+00
9.348317499999998503e+00
9.324334999999999596e+00
9.303078749999999175e+00
9.281665000000000276e+00
9.260016249999999616e+00
9.238562500000000455e+00
9.229538749999999681e+00
9.233229999999998938e+00
9.237919999999999021e+00
9.268959999999998089e+00
9.309713750000000232e+00
9.343632500000001784e+00
9.418481249999999250e+00
9.526776249999999280e+00
9.620461249999999964e+00
9.707731250000000145e+00
9.836740000000000705e+00
1.001138749999999966e+01
1.019543749999999882e+01
1.037527500000000025e+01
1.063631250000000072e+01
1.093296249999999858e+01
1.112335000000000029e+01
1.124268749999999883e+01
1.146612500000000168e+01
1.241296249999999901e+01
1.413394999999999868e+01
1.633778750000000102e+01
2.599721249999999628e+01
5.051876250000000113e+01
1.171327500000000015e+02
2.613763750000000073e+03
1.052035000000000082e+03
1.882851249999999936e+02
8.755073750000001098e+01
4.612898750000000092e+01
3.399981250000000443e+01
1.965877499999999856e+01
1.057326250000000023e+01
7.762265000000000192e+00
6.310003749999999911e+00
5.646552500000000308e+00
5.347335000000000171e+00
5.050823750000000167e+00
4.874641249999999815e+00
4.755152499999999449e+00
4.647018749999999976e+00
4.568029999999999369e+00
4.570179999999999687e+00
4.716524999999999856e+00
5.081291249999999593e+00
6.431258750000000468e+00
1.939647499999999809e+02
1.366493749999999920e+02
5.333971250000000275e+00
4.284838749999999585e+00
3.973997499999999850e+00
3.878143750000000445e+00
3.790926249999999609e+00
3.709917499999999979e+00
3.662345000000000184e+00
3.605101249999999702e+00
3.546100000000000474e+00
3.472603749999999767e+00
3.428653750000000056e+00
3.399604999999999766e+00
3.377627499999999561e+00
3.384830000000000005e+00
3.546981249999999974e+00
4.230170000000000208e+00
1.846914999999999907e+01
5.853473749999999427e+02
2.967896250000000080e+01
8.991406249999998934e+00
5.710002500000000758e+00
4.719350000000000378e+00
3.889814999999999579e+00
3.488323750000000167e+00
3.318757499999999361e+00
3.171857499999999774e+00
3.041542500000000260e+00
2.902023750000000124e+00
2.858849999999999891e+00
5.887490000000000556e+00
2.755565000000000353e+01
6.281368750000000034e+01
3.133474999999999788e+00
2.573288750000000125e+00
2.439071250000000024e+00
3.624857500000000510e+00
5.303742499999999893e+01
2.435002499999999959e+00
2.099203749999999857e+01
1.212858750000000008e+01
1.494847500000000196e+02
6.782646250000000876e+00
5.211831250000000182e+01
2.109857500000000385e+01
1.642037499999999994e+01
3.359430000000000138e+00
1.875887499999999619e+01
1.098321249999999871e+01
1.122382500000000149e+01
8.410019999999999385e+00
1.059967499999999774e+01
6.944923750000000062e+00
9.405054999999999055e+00
8.843551249999999087e+00
7.920569999999999666e+00
1.130946249999999864e+01
6.889253749999999954e+00
8.464667499999999123e+00
7.441037500000000193e+00
7.063998750000000548e+00
6.728033749999999813e+00
6.385247499999999299e+00
6.067242500000000760e+00
5.833338750000001127e+00
5.644708749999999498e+00
5.505478749999999977e+00
5.462460000000000093e+00
5.421608749999999866e+00
5.347889999999999588e+00
5.303490000000000038e+00
5.281028749999999938e+00
5.260429999999999495e+00
5.236755000000000493e+00
5.196994999999999365e+00
5.173798750000000446e+00
5.185875000000000234e+00
5.277708750000000393e+00
5.427052500000000279e+00
5.586792499999999606e+00
5.701208750000000158e+00
5.752170000000000449e+00
5.814226249999999929e+00
5.889193749999999561e+00
5.987611249999998719e+00
6.074482499999999341e+00
6.133027499999999854e+00
6.244207499999999911e+00
6.329311249999999944e+00
6.410920000000000840e+00
6.546089999999999520e+00
6.638127500000000403e+00
6.680818750000000250e+00
6.710126250000000070e+00
6.740547499999999914e+00
6.805227499999999985e+00
6.884611249999999849e+00
6.947847499999999954e+00
6.971426250000000380e+00
6.983573749999999691e+00
6.978169999999999540e+00
6.966523750000000348e+00
6.946175000000000210e+00
6.800152500000000266e+00
6.390963749999999166e+00
6.029054999999999609e+00
5.736282499999998841e+00
5.120503749999999243e+00
4.655973750000001132e+00
4.396081249999999940e+00
4.266373750000000520e+00
4.506463749999999990e+00
4.773813750000000411e+00
1.225162500000000154e+00
1.225736249999999972e+00
1.222026249999999870e+00
6.002862500000000212e-01
5.860837500000000144e-01
