1.800596250000000120e+00
2.144025000000000070e+00
1.464633749999999957e+00
1.233793749999999800e+00
1.101526250000000040e+00
9.909180000000001876e-01
8.733018749999998942e-01
7.717965000000001075e-01
6.923833750000000231e-01
6.189996250000000533e-01
5.434718750000000487e-01
4.583074999999999788e-01
3.896707500000000102e-01
2.725348750000000098e-01
2.195266250000000308e-01
1.951773750000000140e-01
1.720588750000000000e-01
1.557219999999999993e-01
1.431455000000000088e-01
1.332796249999999849e-01
1.251937499999999925e-01
1.185360000000000025e-01
1.090190000000000048e-01
9.852500000000000147e-02
9.061054999999999804e-02
8.441351250000000972e-02
7.922392500000000060e-02
7.491227499999998651e-02
7.124808750000000135e-02
6.813993749999999738e-02
6.532788750000000089e-02
6.286731250000000826e-02
6.064513750000000147e-02
5.863486249999999567e-02
5.608988749999999773e-02
5.309695000000000387e-02
5.054280000000000578e-02
4.835133749999999397e-02
4.669647500000000118e-02
4.575083750000000227e-02
4.455201249999999474e-02
4.295689999999999231e-02
4.151600000000000429e-02
4.025803749999999626e-02
3.903176249999999736e-02
3.823427499999999812e-02
3.772421249999999976e-02
3.721893750000000028e-02
3.671342500000000092e-02
3.638254999999999961e-02
3.622747500000000204e-02
3.607515000000000027e-02
3.592053749999999518e-02
3.576601249999999954e-02
3.561254999999999976e-02
3.545813750000000042e-02
3.530370000000000036e-02
3.515068749999999964e-02
3.499626249999999994e-02
3.484312500000000257e-02
3.468912499999999427e-02
3.453513750000000021e-02
3.438075000000000159e-02
3.422709999999999642e-02
3.395673750000000046e-02
3.357271249999999735e-02
3.318826249999999589e-02
3.280252499999999904e-02
3.232514999999999694e-02
3.176265000000000338e-02
3.119598750000000462e-02
3.062315000000000176e-02
3.005545000000000092e-02
2.937705000000000177e-02
2.857756250000000053e-02
2.777575000000000183e-02
2.708608750000000148e-02
2.647904999999999703e-02
2.597383749999999936e-02
2.546463749999999804e-02
2.493074999999999805e-02
2.446888750000000140e-02
2.403924999999999812e-02
2.360283749999999778e-02
2.311880000000000185e-02
2.260874999999999690e-02
2.211926249999999691e-02
2.172335000000000238e-02
2.138778750000000159e-02
2.117244999999999891e-02
2.103743749999999885e-02
2.078891249999999941e-02
2.004983749999999718e-02
1.917801250000000096e-02
1.857973749999999868e-02
1.744855000000000364e-02
1.648587500000000400e-02
1.597801249999999951e-02
1.528498749999999962e-02
1.469670000000000004e-02
1.439697499999999762e-02
1.416853749999999815e-02
1.387436250000000093e-02
1.368377500000000045e-02
1.317076250000000052e-02
1.238936250000000072e-02
1.174828749999999936e-02
1.109268750000000012e-02
1.061620000000000098e-02
1.028492500000000032e-02
9.924892500000000867e-03
9.651941250000000555e-03
9.412705000000000377e-03
9.164023749999999913e-03
8.897968749999998761e-03
8.558897500000000810e-03
8.324121250000000166e-03
8.159377499999998645e-03
7.973623749999998733e-03
7.752571249999999636e-03
7.434301249999999799e-03
7.028828750000000458e-03
6.690921249999999716e-03
6.485468750000000782e-03
6.391671250000000547e-03
6.285907500000000904e-03
6.178320000000000166e-03
6.103461249999999998e-03
6.013846249999999644e-03
5.930627499999999684e-03
5.821761249999999818e-03
5.742440000000000565e-03
5.678094999999998456e-03
5.605686250000001085e-03
5.494721250000000022e-03
5.391912500000000177e-03
5.307956249999999827e-03
5.219238749999999781e-03
5.124819999999999549e-03
5.060064999999999875e-03
4.992718749999999761e-03
4.926481249999999784e-03
4.864857499999999946e-03
4.708063749999999784e-03
4.536833750000000137e-03
4.411418749999999889e-03
4.299516250000000490e-03
4.182972499999999816e-03
4.043495000000000249e-03
3.930581250000000568e-03
3.854041250000000626e-03
3.726511249999999928e-03
3.529947500000000030e-03
3.357502500000000226e-03
3.238428750000000265e-03
3.148883749999999929e-03
3.091898750000000081e-03
2.727690000000000062e-03
2.388783749999999831e-03
2.311619999999999907e-03
2.257223750000000081e-03
2.164300000000000078e-03
1.979699999999999602e-03
1.853226249999999787e-03
1.547430000000000029e-03
1.269732499999999932e-03
1.217038749999999970e-03
1.161721249999999976e-03
1.147061250000000086e-03
1.282468750000000188e-03
1.496962499999999856e-03
1.798404999999999882e-03
2.218283749999999666e-01
6.659572499999999624e-03
2.650850000000000081e-02
6.185744999999999161e-01
4.372257499999999790e-03
5.354543749999999408e-03
4.457951250000000143e-01
2.639191249999999767e-01
7.004398750000000173e-02
7.297498750000000478e-02
4.145517500000000383e-02
4.244392500000000040e-02
4.514886250000000462e-02
3.561122499999999635e-02
5.853498750000000334e-02
6.972761250000000799e-04
1.698576249999999774e-02
2.339466249999999983e-02
3.388494999999999702e-02
3.290187499999999710e-02
3.204515000000000141e-02
3.092213749999999858e-02
2.894329999999999820e-02
2.773181249999999778e-02
2.714013749999999794e-02
2.640774999999999720e-02
2.514097500000000290e-02
2.460615000000000024e-02
2.422987500000000141e-02
2.402921250000000092e-02
2.379286249999999769e-02
2.353186250000000035e-02
2.331828749999999978e-02
2.320917499999999856e-02
2.314037500000000469e-02
2.301153749999999831e-02
2.291632500000000128e-02
2.281402500000000166e-02
2.261662500000000131e-02
2.247763749999999797e-02
2.241297499999999818e-02
2.236997500000000028e-02
2.248324999999999976e-02
1.934556249999999991e-02
1.453510000000000045e-02
1.386675000000000060e-02
1.338914999999999897e-02
1.344828749999999948e-02
1.375446250000000002e-02
1.399846250000000118e-02
1.435788749999999947e-02
1.316451249999999948e-02
1.256472499999999881e-02
1.274408750000000090e-02
1.171775000000000073e-02
9.438877499999999768e-03
6.593200000000000449e-03
4.661506250000000025e-03
2.066955000000000094e-03
9.222558750000000530e-04
8.865121250000000414e-04
2.624549999999999800e-04
2.548012500000000060e-04
2.442836250000000290e-04
1.154886249999999992e-04
1.151434999999999996e-04
