1.362286250000000010e+01
1.747006250000000094e+01
1.300148749999999964e+01
1.162154999999999916e+01
1.087735000000000163e+01
1.028853749999999856e+01
9.702303750000002225e+00
9.231736250000000865e+00
8.891916250000001298e+00
8.601843750000000455e+00
8.326140000000000541e+00
8.047956249999998590e+00
7.845978750000000446e+00
7.554335000000000022e+00
7.439386250000000089e+00
7.392121250000000643e+00
7.349584999999999368e+00
7.321009999999999351e+00
7.299843750000000853e+00
7.283742499999999787e+00
7.270863749999999293e+00
7.260500000000000398e+00
7.246028749999999796e+00
7.230512499999999676e+00
7.219125000000000014e+00
7.210401250000000317e+00
7.203216249999999654e+00
7.197336249999999325e+00
7.192393749999999031e+00
7.188240000000000407e+00
7.184511250000000793e+00
7.181277499999998426e+00
7.178372499999999157e+00
7.175758749999999964e+00
7.172460000000000058e+00
7.168612500000000054e+00
7.165341250000000883e+00
7.162545000000000606e+00
7.160433750000000153e+00
7.159228749999998698e+00
7.157702500000000079e+00
7.155671250000000150e+00
7.153833750000000435e+00
7.152228750000000801e+00
7.150662500000000144e+00
7.149638749999999376e+00
7.148983750000000192e+00
7.148333749999999931e+00
7.147683750000000558e+00
7.147258750000001548e+00
7.147054999999999936e+00
7.146855000000000402e+00
7.146650000000000169e+00
7.146450000000000635e+00
7.146250000000001101e+00
7.146050000000000679e+00
7.145847500000000352e+00
7.145646250000000421e+00
7.145443750000000982e+00
7.145241250000000655e+00
7.145041250000000232e+00
7.144841250000001587e+00
7.144641250000001165e+00
7.144437500000001329e+00
7.144082500000000557e+00
7.143583749999999455e+00
7.143078749999999921e+00
7.142575000000000784e+00
7.141937499999999162e+00
7.141181249999999814e+00
7.140418750000000259e+00
7.139648749999999211e+00
7.138881250000000733e+00
7.137951250000000414e+00
7.136838749999999898e+00
7.135722499999999968e+00
7.134738749999999463e+00
7.133860000000000312e+00
7.133132500000000320e+00
7.132357500000000350e+00
7.131522500000000875e+00
7.130798749999999409e+00
7.130127500000000396e+00
7.129443750000000968e+00
7.128685000000000827e+00
7.127888750000000329e+00
7.127121250000000074e+00
7.126451249999999682e+00
7.125851250000000192e+00
7.125463749999999763e+00
7.125223749999999967e+00
7.124778750000000827e+00
7.123457499999999776e+00
7.121828750000000596e+00
7.120604999999999407e+00
7.118207499999999577e+00
7.115999999999999659e+00
7.114702500000000818e+00
7.112802500000000805e+00
7.111191250000000963e+00
7.110297500000000603e+00
7.109538750000000462e+00
7.108562499999999673e+00
7.107928749999999241e+00
7.106131249999998900e+00
7.103062500000000057e+00
7.100209999999998800e+00
7.096779999999998978e+00
7.094052500000000094e+00
7.092111250000000311e+00
7.089607499999999618e+00
7.087600000000000122e+00
7.085838749999999742e+00
7.083744999999998626e+00
7.081323750000000139e+00
7.078093750000000739e+00
7.075553750000000974e+00
7.073738750000000408e+00
7.071432500000000232e+00
7.068129999999999136e+00
7.063374999999999737e+00
7.057318750000000307e+00
7.051363750000000152e+00
7.046867499999998508e+00
7.044813749999999430e+00
7.042497500000000521e+00
7.040142499999998194e+00
7.038504999999999789e+00
7.036457499999999143e+00
7.034061250000000598e+00
7.030842499999999440e+00
7.028497499999999398e+00
7.026593749999999972e+00
7.024453750000001051e+00
7.021172499999999594e+00
7.017787499999998957e+00
7.014616250000000441e+00
7.011261250000000445e+00
7.007688749999999800e+00
7.005243749999999991e+00
7.002627499999999117e+00
6.999509999999999899e+00
6.996464999999998824e+00
6.988707500000000294e+00
6.980234999999999523e+00
6.973618749999999089e+00
6.966503750000000217e+00
6.958871249999999620e+00
6.949684999999999668e+00
6.941026250000000175e+00
6.934716250000000137e+00
6.924061250000000278e+00
6.905227499999998741e+00
6.886125000000000718e+00
6.870863749999999825e+00
6.859384999999999621e+00
6.852079999999999949e+00
6.789800000000000502e+00
6.717307500000000431e+00
6.696843750000000206e+00
6.680495000000000516e+00
6.651094999999999757e+00
6.583928749999999219e+00
6.526537499999999881e+00
6.329002500000000531e+00
6.037363750000000806e+00
5.939164999999999139e+00
5.754467500000000513e+00
5.426579999999999515e+00
5.027261250000000459e+00
4.684058749999999272e+00
4.390948749999999734e+00
3.738363749999999541e+00
2.311426250000000238e+00
9.128762499999999447e-01
9.971442499999999143e+01
8.567930000000000490e+00
6.170888749999999590e+00
1.645017500000000155e+01
2.934418749999999676e+01
1.198208749999999867e+01
9.239380000000000592e+00
8.175851250000000903e+00
9.384618749999997789e+00
8.526595000000000368e+00
9.627315000000001177e+00
2.043049999999999855e+01
5.218404999999999738e+00
1.049158749999999962e+01
9.470842500000001607e+00
8.882988749999999101e+00
8.935603750000000289e+00
8.989477499999999566e+00
9.070523749999999552e+00
9.190374999999999517e+00
9.258366249999999908e+00
9.363043750000000998e+00
9.281201249999998737e+00
9.103272499999999212e+00
8.939273749999999907e+00
8.818231250000000188e+00
8.755451250000000130e+00
8.679003750000001460e+00
8.586678750000000804e+00
8.425727500000000703e+00
8.260225000000000151e+00
8.148691249999998831e+00
7.924346249999999259e+00
7.748573749999999372e+00
7.570791250000000083e+00
7.254911250000000145e+00
7.027768749999999010e+00
6.919095000000000439e+00
6.844493749999999821e+00
6.758356249999999399e+00
6.544796249999999205e+00
6.251764999999999795e+00
5.966807499999999820e+00
5.739372499999999988e+00
5.590748750000000378e+00
5.482404999999999085e+00
5.394677500000001125e+00
5.241362500000000146e+00
4.909978750000000502e+00
4.539118750000000091e+00
4.372849999999999682e+00
4.267830000000000013e+00
4.034695000000000142e+00
3.913237500000000146e+00
3.976707499999999840e+00
4.146522499999999667e+00
4.201685000000000336e+00
4.100564999999999571e+00
9.739162500000000389e-01
9.609812500000000091e-01
9.401524999999999466e-01
4.473737500000000145e-01
4.316937499999999872e-01
