1.182226250000000078e+01
1.532605000000000217e+01
1.153686249999999980e+01
1.038773749999999829e+01
9.775831250000001305e+00
9.297589999999999577e+00
8.829002499999999642e+00
8.459939999999997795e+00
8.199532500000000113e+00
7.982846250000000587e+00
7.782668749999999136e+00
7.589648750000001165e+00
7.456305000000000405e+00
7.281801249999999115e+00
7.219858750000000214e+00
7.196943749999999973e+00
7.177523750000000646e+00
7.165288750000000206e+00
7.156698750000000331e+00
7.150463750000000118e+00
7.145668750000000458e+00
7.141962499999999103e+00
7.137008750000001456e+00
7.131990000000000052e+00
7.128513749999999760e+00
7.125987500000000807e+00
7.123992499999999950e+00
7.122426249999999293e+00
7.121143749999999883e+00
7.120099999999999874e+00
7.119182499999999969e+00
7.118409999999999016e+00
7.117730000000000778e+00
7.117122500000000684e+00
7.116371250000000259e+00
7.115515000000000256e+00
7.114797500000000774e+00
7.114193750000000094e+00
7.113738750000000444e+00
7.113480000000000913e+00
7.113148749999999687e+00
7.112712499999999771e+00
7.112317499999999626e+00
7.111970000000000347e+00
7.111632499999999801e+00
7.111407499999999438e+00
7.111260000000000581e+00
7.111114999999999853e+00
7.110970000000000901e+00
7.110871249999998867e+00
7.110829999999999984e+00
7.110779999999999212e+00
7.110730000000001993e+00
7.110680000000001222e+00
7.110640000000001848e+00
7.110590000000001076e+00
7.110540000000000305e+00
7.110493749999999835e+00
7.110450000000000159e+00
7.110399999999999388e+00
7.110349999999998616e+00
7.110306249999999828e+00
7.110259999999998470e+00
7.110210000000001251e+00
7.110128749999999442e+00
7.110010000000000829e+00
7.109890000000000043e+00
7.109769999999999257e+00
7.109610000000001762e+00
7.109420000000000073e+00
7.109219999999999651e+00
7.109023749999999531e+00
7.108828749999998919e+00
7.108576250000000485e+00
7.108263749999999881e+00
7.107950000000000657e+00
7.107651249999999088e+00
7.107381249999999540e+00
7.107158750000000857e+00
7.106892500000000723e+00
7.106591249999999249e+00
7.106331250000000210e+00
7.106088750000001397e+00
7.105841249999999221e+00
7.105568749999999767e+00
7.105279999999999596e+00
7.105001250000000823e+00
7.104726250000000576e+00
7.104462500000001235e+00
7.104293750000000074e+00
7.104187500000000099e+00
7.103991249999998203e+00
7.103410000000000224e+00
7.102651249999999195e+00
7.102025000000000254e+00
7.100758749999999786e+00
7.099513750000001622e+00
7.098723749999999555e+00
7.097518750000000765e+00
7.096494999999999997e+00
7.095898749999999922e+00
7.095370000000000843e+00
7.094687499999999147e+00
7.094241249999999610e+00
7.092961250000000106e+00
7.090672500000001044e+00
7.088458749999999142e+00
7.085686249999999298e+00
7.083437500000000497e+00
7.081825000000000259e+00
7.079684999999999562e+00
7.077949999999999520e+00
7.076427500000001203e+00
7.074579999999999202e+00
7.072424999999999962e+00
7.069533749999999728e+00
7.067230000000000345e+00
7.065581250000000146e+00
7.063458749999999675e+00
7.060377500000001305e+00
7.055942499999999562e+00
7.050292499999999407e+00
7.044672499999999893e+00
7.040382499999999766e+00
7.038422499999999360e+00
7.036212500000000425e+00
7.033966249999999754e+00
7.032401250000000381e+00
7.030442500000000372e+00
7.028129999999999988e+00
7.025021249999999995e+00
7.022753750000000572e+00
7.020916249999999081e+00
7.018847499999999684e+00
7.015676249999998504e+00
7.012394999999999712e+00
7.009306249999999849e+00
7.006042499999999507e+00
7.002566250000000103e+00
7.000183749999999705e+00
6.997636250000000224e+00
6.994585000000000719e+00
6.991597499999999243e+00
6.983997500000000969e+00
6.975699999999999790e+00
6.969208749999999064e+00
6.962203749999999580e+00
6.954688750000000752e+00
6.945642500000000830e+00
6.937095000000000233e+00
6.930861249999999529e+00
6.920333750000000173e+00
6.901696250000000532e+00
6.882768749999999436e+00
6.867623749999999916e+00
6.856236250000001142e+00
6.848990000000000578e+00
6.787071250000000333e+00
6.714918750000000713e+00
6.694531249999999822e+00
6.678240000000000620e+00
6.648925000000000196e+00
6.581949999999999967e+00
6.524682499999999052e+00
6.327456249999999116e+00
6.036093750000000036e+00
5.937945000000000029e+00
5.753305000000000113e+00
5.425433749999999833e+00
5.025976250000000256e+00
4.682565000000000310e+00
4.389152499999999790e+00
3.516537500000000094e+00
2.304766250000000127e+00
8.863677500000000098e-01
9.909591249999999718e+01
8.563556249999999537e+00
6.165536250000000607e+00
1.600436249999999916e+01
2.908026249999999635e+01
1.191203750000000028e+01
9.166406249999999645e+00
8.134395000000001374e+00
9.342173750000000609e+00
8.481446249999999409e+00
9.591702500000000242e+00
2.037197500000000261e+01
5.217707499999999499e+00
1.047458750000000016e+01
9.447447499999999110e+00
8.849103749999999380e+00
8.902699999999999392e+00
8.957433749999999861e+00
9.039602500000000873e+00
9.161436250000001280e+00
9.230637500000000273e+00
9.335902499999999549e+00
9.254792499999998867e+00
9.078131249999998431e+00
8.914666249999999792e+00
8.794001249999999104e+00
8.731421250000000356e+00
8.655213749999999706e+00
8.563147499999999468e+00
8.402408749999999316e+00
8.237014999999999532e+00
8.125551249999999115e+00
7.901332499999999648e+00
7.725656250000000114e+00
7.547979999999999912e+00
7.232293750000000188e+00
7.005290000000000461e+00
6.896683750000000224e+00
6.822122499999999867e+00
6.735873750000001436e+00
6.393970000000000375e+00
5.828451249999999639e+00
5.362507500000000427e+00
4.990539999999999310e+00
4.770089999999999719e+00
4.626500000000000057e+00
4.510221249999999849e+00
4.285773750000000604e+00
3.752834999999999699e+00
3.050096250000000175e+00
2.632422500000000110e+00
2.449707500000000149e+00
2.144327500000000164e+00
2.064676249999999769e+00
2.179691250000000302e+00
2.346327500000000121e+00
2.432618749999999608e+00
2.353506249999999689e+00
5.410212500000000091e-01
5.266862500000000225e-01
5.053849999999999731e-01
2.295224999999999904e-01
2.135575000000000112e-01
