2.540734999999999673e+03
3.026311250000000200e+03
2.068076250000000073e+03
1.742609999999999673e+03
1.555313750000000027e+03
1.400141250000000127e+03
1.234289999999999964e+03
1.091171249999999873e+03
9.788918750000000273e+02
8.754012499999998909e+02
7.693432500000001255e+02
6.481561249999999745e+02
5.507821249999999509e+02
3.835350000000000250e+02
3.070767499999999472e+02
2.718649999999999523e+02
2.380552500000000009e+02
2.137886250000000246e+02
1.951491249999999980e+02
1.803801250000000209e+02
1.681848750000000052e+02
1.580417500000000075e+02
1.435149999999999864e+02
1.273711250000000064e+02
1.150759999999999934e+02
1.052988749999999811e+02
9.731411249999999313e+01
9.061234999999999218e+01
8.495533750000001305e+01
8.005530000000000257e+01
7.573631249999999682e+01
7.187820000000000675e+01
6.855561250000000939e+01
6.556503750000000252e+01
6.173910000000000053e+01
5.739766249999999559e+01
5.376456249999999670e+01
5.076107499999999817e+01
4.885143750000000296e+01
4.778062499999999346e+01
4.621418750000000131e+01
4.444365000000000521e+01
4.305236249999999387e+01
4.196766249999999587e+01
4.097455000000000069e+01
4.039430000000000121e+01
4.011772500000000008e+01
3.993422500000000497e+01
3.977159999999999940e+01
3.969591250000000571e+01
3.970834999999999582e+01
3.972059999999999746e+01
3.973298750000000723e+01
3.974542499999999734e+01
3.975772500000000065e+01
3.977011249999999620e+01
3.978251249999999573e+01
3.979478749999999820e+01
3.980721249999999856e+01
3.981947500000000417e+01
3.983186250000000683e+01
3.984972499999999940e+01
3.991285000000000593e+01
3.999755000000000393e+01
4.019558750000000202e+01
4.057332499999999698e+01
4.104571249999999338e+01
4.169853750000000048e+01
4.272865000000000180e+01
4.474047499999998934e+01
4.730982499999999646e+01
5.142071250000000049e+01
5.796528749999999519e+01
7.939584999999999582e+01
1.875486249999999870e+02
3.526146249999999327e+02
2.074942500000000223e+02
1.135026250000000090e+02
1.088060000000000116e+02
1.371727499999999793e+02
2.276116250000000036e+02
4.959164999999999850e+02
1.558843750000000000e+03
3.870153750000000400e+03
2.931278750000000400e+03
7.819540000000000646e+02
2.907128749999999968e+02
1.804882499999999936e+02
1.621433749999999918e+02
1.792956249999999727e+02
2.125104999999999507e+02
3.929586250000000405e+02
1.370868750000000091e+03
2.387497499999999775e+02
1.353462499999999864e+03
2.601915000000000191e+02
5.597523750000000575e+01
2.498857500000000087e+01
5.592717499999999831e+01
5.549072499999999764e+02
1.845422499999999673e+02
3.696335000000000548e+01
2.108683750000000146e+01
1.856620000000000203e+01
2.152424999999999855e+01
7.423122500000000628e+02
8.011851250000000846e+01
1.127286250000000081e+02
1.249211249999999836e+03
7.551299999999999102e+01
6.756727499999999509e+01
1.326343750000000021e+01
1.919341250000000088e+01
4.560210000000000719e+01
1.596832500000000152e+02
4.243771250000000350e+02
5.073322499999999877e+02
4.410468750000000000e+02
6.577118750000000773e+02
8.298933750000000487e+01
1.651935000000000286e+02
1.916456250000000239e+01
6.219191250000000082e+01
7.604258750000001044e+01
1.322444999999999879e+02
2.188037500000000080e+01
1.275801250000000131e+01
2.372513750000000243e+02
1.270311249999999887e+02
9.683846249999999145e+01
2.500857499999999902e+02
3.158181250000000091e+02
1.842797499999999999e+01
2.388667500000000032e+01
1.859356250000000159e+02
1.241157500000000056e+02
3.557705000000000695e+01
6.165766249999999360e+01
2.411232500000000130e+02
4.270064999999999600e+01
1.645747500000000230e+02
1.971585000000000036e+02
3.776175000000000068e+02
1.133558749999999975e+02
3.691487500000000068e+02
3.355421249999999986e+02
6.838445000000000107e+01
7.503964999999999463e+01
1.771490000000000009e+01
1.046278750000000031e+02
1.127451249999999874e+02
7.675473749999999029e+01
1.880235000000000127e+02
1.068698750000000217e+02
1.058474999999999966e+02
1.050791250000000048e+02
1.045900000000000034e+02
1.002828750000000042e+02
9.513772499999998900e+01
9.364636249999999507e+01
9.243346250000000452e+01
9.023687499999999773e+01
8.510468749999999716e+01
8.055691249999999570e+01
6.435036249999998859e+01
4.948646250000000890e+01
4.771345000000000169e+01
4.428490000000000038e+01
3.904855000000000587e+01
3.645729999999999649e+01
3.455326250000000243e+01
3.320956250000000409e+01
3.053243750000000034e+01
2.936942499999999612e+01
2.873397499999999738e+01
2.753663750000000121e+01
2.560205000000000197e+01
2.402787499999999810e+01
2.201151249999999848e+01
1.921226250000000135e+01
1.762888750000000115e+01
1.634026250000000147e+01
1.502667500000000089e+01
1.323395000000000010e+01
1.199188750000000070e+01
1.096413749999999965e+01
1.011303750000000079e+01
9.812757500000000022e+00
9.579126249999999843e+00
9.088725000000001941e+00
8.770732499999999376e+00
8.619423750000001050e+00
8.451715000000000089e+00
8.235514999999997698e+00
7.712368750000001327e+00
7.323958750000000073e+00
7.030377499999999280e+00
6.986702499999999816e+00
6.944622500000000365e+00
6.876502499999999962e+00
6.848977500000000163e+00
6.843928749999999894e+00
6.840038749999999723e+00
6.839386249999999556e+00
6.843298749999998876e+00
6.849512499999999449e+00
6.857099999999999085e+00
6.872574999999999434e+00
6.885367500000000085e+00
6.899841249999999704e+00
6.924078749999999616e+00
6.941586250000000291e+00
6.950031250000001215e+00
6.955830000000000624e+00
6.961768750000000949e+00
6.974016250000000916e+00
6.980817499999999676e+00
6.979051249999999484e+00
6.977638749999999668e+00
6.976530000000000342e+00
6.975578749999999495e+00
6.974808750000000224e+00
6.973461250000000611e+00
6.923981249999998866e+00
6.758580000000000254e+00
6.592365000000000030e+00
6.434760000000000701e+00
5.974273749999999161e+00
5.488631250000000072e+00
5.191846250000000218e+00
4.947306250000000460e+00
4.965842499999999937e+00
5.095178750000000534e+00
1.305553750000000068e+00
1.308537499999999909e+00
1.308306250000000004e+00
6.486887500000000362e-01
6.395825000000000538e-01
