1.190642499999999870e+01
1.617610000000000170e+01
1.270872500000000116e+01
1.171364999999999945e+01
1.119566249999999918e+01
1.080379999999999896e+01
1.042452499999999915e+01
1.013010000000000055e+01
9.923526250000000104e+00
9.752211250000000220e+00
9.593692499999999512e+00
9.434198750000000189e+00
9.319063749999999757e+00
9.134156250000000199e+00
9.041048749999999856e+00
8.986580000000000013e+00
8.922596249999999785e+00
8.865277499999999478e+00
8.811177500000001217e+00
8.759871249999999776e+00
8.710252499999999287e+00
8.662218750000000966e+00
8.581022499999999553e+00
8.469752500000000239e+00
8.363612500000000338e+00
8.261503750000001034e+00
8.163213750000000601e+00
8.068111249999999401e+00
7.976368749999999785e+00
7.887274999999999814e+00
7.800553749999998843e+00
7.716146249999999540e+00
7.634610000000000340e+00
7.554788750000000164e+00
7.441096249999999301e+00
7.292716249999999789e+00
7.150298750000000148e+00
7.012667500000000054e+00
6.912024999999999864e+00
6.847639999999999283e+00
6.751549999999999940e+00
6.626558750000000053e+00
6.503669999999999618e+00
6.383411250000000869e+00
6.263932500000000125e+00
6.174190000000000289e+00
6.114706250000000232e+00
6.055728750000000105e+00
5.996717499999999923e+00
5.955126249999999288e+00
5.931019999999999293e+00
5.907343750000000782e+00
5.883320000000000327e+00
5.859300000000000175e+00
5.835447499999999899e+00
5.811451250000000179e+00
5.787446250000001235e+00
5.763667500000000388e+00
5.739659999999999762e+00
5.715858750000000654e+00
5.691923749999999949e+00
5.667952500000000171e+00
5.643575000000000230e+00
5.619130000000000180e+00
5.575662499999999078e+00
5.512936250000000094e+00
5.449135000000000062e+00
5.383134999999999337e+00
5.283621250000000380e+00
5.145233750000000050e+00
5.000215000000000742e+00
4.839761250000000459e+00
4.662742499999999346e+00
4.365772500000000278e+00
3.996822499999999945e+00
4.500146250000000236e+00
4.733658750000000026e+00
4.125703750000000447e+00
3.643669999999999742e+00
3.080076250000000293e+00
2.471497499999999459e+00
2.863118749999999935e+00
1.119616249999999980e+01
4.259662500000000307e+01
4.690808750000000060e+01
2.218112500000000153e+01
1.315872500000000045e+01
9.788232499999999447e+00
8.004846249999999941e+00
7.221985000000000099e+00
6.913659999999999251e+00
7.381107500000000599e+00
2.165406249999999844e+01
8.083196250000000305e+00
2.213143749999999699e+01
1.515644999999999953e+01
8.542586249999999382e+00
7.506546250000000420e+00
5.994463750000000424e+00
8.738998750000000371e+00
9.806763749999998225e+00
7.599306249999999707e+00
6.649989999999999846e+00
6.253000000000001002e+00
5.227818749999999959e+00
3.331418750000000273e+01
1.292927500000000052e+01
7.395468749999999147e+00
5.457137500000000330e+01
1.136773750000000049e+01
8.031428749999999894e+00
6.829700000000000770e+00
5.860432500000000822e+00
5.368167500000000203e+00
5.978125000000000355e+00
1.889496250000000188e+01
2.259842499999999887e+01
3.879657499999999715e+01
8.266077500000000100e+01
1.082501249999999970e+01
1.540369999999999884e+01
8.410261249999999578e+00
8.010273750000001414e+00
6.702571250000000092e+00
1.093485000000000085e+01
6.883283750000000367e+00
5.373754999999999171e+00
1.795137499999999875e+01
1.590156250000000071e+01
8.046403749999999633e+00
1.406718750000000107e+01
3.459087499999999693e+01
1.023813750000000056e+01
7.404012500000000330e+00
1.608003749999999954e+01
1.341971250000000104e+01
7.348518750000000210e+00
6.234773749999999559e+00
2.009138750000000329e+01
9.311811249999998097e+00
9.754529999999999035e+00
1.980513750000000073e+01
3.584722500000000167e+01
1.968265000000000242e+01
9.953078749999998820e+01
7.051961250000000803e+01
1.542286249999999903e+01
1.519276250000000061e+01
9.463793750000000671e+00
1.867376250000000226e+01
1.426053750000000164e+01
1.455802500000000066e+01
4.585815000000000197e+01
2.182402500000000245e+01
2.177461249999999993e+01
2.173747499999999988e+01
2.171382499999999993e+01
2.150556249999999991e+01
2.125676250000000067e+01
2.118466249999999818e+01
2.112601250000000164e+01
2.101978749999999962e+01
2.077163749999999709e+01
2.055173749999999799e+01
1.976216249999999874e+01
1.889153749999999832e+01
1.870542500000000175e+01
1.834552499999999853e+01
1.777101249999999766e+01
1.737682500000000019e+01
1.708064999999999856e+01
1.687164999999999893e+01
1.643997500000000045e+01
1.619484999999999886e+01
1.603525000000000134e+01
1.573457499999999953e+01
1.524871249999999812e+01
1.485337500000000155e+01
1.419925000000000104e+01
1.313876250000000034e+01
1.244492499999999957e+01
1.182545000000000002e+01
1.115888750000000051e+01
1.022083750000000002e+01
9.477832499999999882e+00
8.841443749999999824e+00
8.242703750000000440e+00
8.016199999999999548e+00
7.847663750000000604e+00
7.467977499999999935e+00
7.210605000000000153e+00
7.087668749999998852e+00
6.948108750000000278e+00
6.784747499999999931e+00
6.376252500000000545e+00
6.046219999999999040e+00
5.699196250000000852e+00
5.263995000000000424e+00
4.955671249999999084e+00
4.743990000000000151e+00
4.632027499999999520e+00
4.590163750000000320e+00
4.542526249999999877e+00
4.495285000000000863e+00
4.440542500000000281e+00
4.399516250000000461e+00
4.377327499999999816e+00
4.333199999999999719e+00
4.301890000000000214e+00
4.269962500000000105e+00
4.206308749999999819e+00
4.159769999999999968e+00
4.137404999999999333e+00
4.122052500000000563e+00
4.105936249999999177e+00
4.071127500000000232e+00
4.033234999999999459e+00
4.004702500000000498e+00
3.981924999999999937e+00
3.963997500000000507e+00
3.948632499999999990e+00
3.936192500000000205e+00
3.914448750000000476e+00
3.839511250000000153e+00
3.676373749999999774e+00
3.528011250000000043e+00
3.387188749999999970e+00
3.001147500000000079e+00
2.617907500000000276e+00
2.391447499999999504e+00
2.242797499999999999e+00
2.322090000000000209e+00
2.493290000000000006e+00
6.621825000000000072e-01
6.665224999999999067e-01
6.672562499999999952e-01
3.269675000000000220e-01
3.162487500000000229e-01
