2.528828750000000127e+03
3.010134999999999764e+03
2.055367499999999836e+03
1.730896249999999782e+03
1.544120000000000346e+03
1.389339999999999691e+03
1.223867500000000064e+03
1.081037500000000136e+03
9.689681249999999864e+02
8.656492499999999382e+02
7.597493750000001000e+02
6.387221250000000055e+02
5.414632500000000164e+02
3.744006249999999909e+02
2.980356249999999818e+02
2.628785000000000309e+02
2.291324999999999648e+02
2.049232500000000243e+02
1.863378749999999968e+02
1.716201250000000300e+02
1.594748749999999973e+02
1.493793749999999818e+02
1.349341249999999945e+02
1.189011249999999933e+02
1.067125000000000057e+02
9.703728750000000502e+01
8.915091250000000400e+01
8.254422499999999729e+01
7.697897499999999127e+01
7.216803749999999695e+01
6.793574999999999875e+01
6.416205000000000780e+01
6.092098750000000251e+01
5.801027499999999293e+01
5.429799999999999471e+01
5.010496249999999918e+01
4.661426249999999527e+01
4.374838749999999976e+01
4.193941249999999599e+01
4.093297499999999900e+01
3.946264999999999645e+01
3.781706250000000580e+01
3.654868749999999977e+01
3.558424999999999727e+01
3.471062500000000028e+01
3.422011249999999905e+01
3.400302500000000805e+01
3.387848750000000564e+01
3.377487500000000153e+01
3.374077499999999930e+01
3.377732499999999760e+01
3.381324999999999648e+01
3.384967500000000484e+01
3.388609999999999900e+01
3.392228749999999593e+01
3.395868749999999636e+01
3.399506249999999596e+01
3.403111249999999188e+01
3.406753750000000025e+01
3.410362499999999386e+01
3.413992499999999808e+01
3.418178749999999866e+01
3.426926250000000351e+01
3.437843749999999687e+01
3.461993749999999892e+01
3.506037500000000762e+01
3.559657500000000141e+01
3.631539999999999679e+01
3.744502500000000111e+01
3.959523749999999609e+01
4.230962500000000404e+01
4.658093750000000455e+01
5.330256250000001472e+01
7.503006249999999966e+01
1.835519999999999925e+02
3.481146249999999895e+02
2.027608749999999986e+02
1.093766250000000042e+02
1.051622500000000002e+02
1.340926249999999982e+02
2.251398749999999893e+02
4.930534999999999286e+02
1.547647500000000036e+03
3.827556250000000091e+03
2.884371250000000146e+03
7.597732499999999618e+02
2.775540000000000305e+02
1.707001249999999857e+02
1.541387500000000159e+02
1.720735000000000241e+02
2.055967499999999859e+02
3.855773749999999609e+02
1.349215000000000146e+03
2.306665000000000134e+02
1.331328750000000127e+03
2.450351250000000221e+02
4.743267500000000325e+01
1.748202500000000015e+01
4.993273749999999467e+01
5.461682500000000573e+02
1.747354999999999734e+02
2.936403750000000201e+01
1.443684999999999974e+01
1.231320000000000014e+01
1.629642499999999927e+01
7.089981249999999591e+02
6.718925000000000125e+01
1.053330124999999953e+02
1.194641250000000127e+03
6.414528749999999491e+01
5.953586250000000035e+01
6.433745000000000047e+00
1.333296250000000072e+01
4.023395000000000010e+01
1.537050000000000125e+02
4.054821249999999964e+02
4.847338750000000687e+02
4.022502499999999941e+02
5.750508750000000191e+02
7.216432500000000516e+01
1.497896249999999725e+02
1.075430000000000064e+01
5.418162500000001103e+01
6.934001250000000027e+01
1.213097500000000082e+02
1.499709999999999965e+01
7.384240000000001025e+00
2.193000000000000114e+02
1.111295000000000215e+02
8.879207499999999698e+01
2.360187499999999829e+02
2.812269999999999754e+02
8.189851250000000249e+00
1.648264999999999958e+01
1.698555000000000064e+02
1.106959999999999980e+02
2.822852500000000475e+01
5.542287500000000477e+01
2.210318749999999852e+02
3.338885000000000502e+01
1.548203750000000127e+02
1.773533749999999998e+02
3.417702499999999759e+02
9.367307499999999720e+01
2.696181250000000205e+02
2.650226250000000050e+02
5.296158750000000737e+01
5.984688750000000113e+01
8.251117499999999438e+00
8.595401249999999038e+01
9.848475000000000534e+01
6.219671250000000384e+01
1.421655000000000086e+02
8.504561250000000427e+01
8.407293749999999477e+01
8.334150000000001057e+01
8.287598749999999370e+01
7.877742500000000803e+01
7.388093750000000171e+01
7.246170000000000755e+01
7.130746249999998554e+01
6.921708749999999100e+01
6.433305000000000007e+01
6.000521249999999895e+01
4.458818750000000364e+01
3.059493750000000034e+01
2.900802500000000350e+01
2.593938749999999871e+01
2.127755000000000152e+01
1.908046249999999944e+01
1.747261249999999677e+01
1.633790000000000120e+01
1.409247500000000031e+01
1.317458749999999945e+01
1.269872499999999960e+01
1.180208750000000073e+01
1.035334999999999894e+01
9.174478750000000460e+00
7.812273750000000128e+00
6.073491250000000008e+00
5.183971249999999920e+00
4.514786250000000223e+00
3.867801250000000302e+00
3.013097499999999762e+00
2.514052500000000023e+00
2.122695000000000221e+00
1.870344999999999924e+00
1.796560000000000157e+00
1.731462499999999904e+00
1.620747500000000230e+00
1.560130000000000017e+00
1.531756249999999930e+00
1.502308750000000082e+00
1.395883750000000090e+00
1.152895000000000003e+00
9.957746249999999133e-01
8.467329999999999579e-01
6.812072499999999309e-01
5.698553750000000528e-01
4.882548749999999771e-01
4.470691250000000116e-01
4.302630000000000621e-01
4.120471250000000141e-01
3.969737500000000141e-01
3.812093749999999615e-01
3.700836250000000271e-01
3.638771250000000235e-01
3.529111249999999922e-01
3.456961250000000208e-01
3.354821249999999644e-01
3.091158749999999844e-01
2.875935000000000019e-01
2.766897500000000121e-01
2.692043750000000513e-01
2.608792500000000070e-01
2.413605000000000056e-01
2.253375000000000239e-01
2.187824999999999909e-01
2.135496249999999929e-01
2.094311250000000235e-01
2.059012499999999801e-01
2.030429999999999735e-01
1.980482499999999813e-01
1.707511250000000036e-01
1.268107499999999999e-01
1.036807499999999882e-01
9.076004999999999490e-02
6.345083749999999578e-02
3.902153750000000171e-02
2.383249999999999605e-02
8.920086250000000549e-03
3.443235000000000219e-03
1.821272500000000035e-03
2.911850000000000115e-04
2.631874999999999666e-04
2.231167499999999946e-04
6.696449999999999896e-05
4.338762499999999949e-05
