6.095550000000000246e+00
8.265342499999999148e+00
6.483367499999999950e+00
5.971079999999999721e+00
5.705733750000000271e+00
5.502673749999999586e+00
5.307686249999999717e+00
5.156689999999999330e+00
5.051523749999999424e+00
4.964676250000000124e+00
4.884762499999999896e+00
4.807863750000000103e+00
4.754748749999999191e+00
4.685161250000000166e+00
4.660394999999999399e+00
4.651182499999999997e+00
4.643328750000000227e+00
4.638334999999999653e+00
4.634791249999999252e+00
4.632187499999999680e+00
4.630157500000001036e+00
4.628562499999999247e+00
4.626376249999999857e+00
4.624068749999999284e+00
4.622381249999999220e+00
4.621069999999999567e+00
4.619971250000000751e+00
4.619038749999999638e+00
4.618223750000000294e+00
4.617503750000000018e+00
4.616830000000000211e+00
4.616219999999999324e+00
4.615639999999999965e+00
4.615095000000000169e+00
4.614346249999999650e+00
4.613391250000000277e+00
4.612495000000000012e+00
4.611640000000000406e+00
4.610994999999999955e+00
4.610586250000000774e+00
4.609999999999999432e+00
4.609219999999999651e+00
4.608450000000000379e+00
4.607701250000000748e+00
4.606958749999999547e+00
4.606407499999999544e+00
4.606041249999999643e+00
4.605678750000000043e+00
4.605319999999999858e+00
4.605068750000000044e+00
4.604925000000000601e+00
4.604787500000000477e+00
4.604642500000000638e+00
4.604500000000000703e+00
4.604361250000000183e+00
4.604219999999998869e+00
4.604079999999999728e+00
4.603940000000000587e+00
4.603799999999999670e+00
4.603659999999998753e+00
4.603519999999999612e+00
4.603380000000000472e+00
4.603240000000000443e+00
4.603098750000000017e+00
4.602851249999999617e+00
4.602501249999999544e+00
4.602149999999999963e+00
4.601796249999999588e+00
4.601278749999999640e+00
4.600601250000000420e+00
4.599915000000000198e+00
4.599222499999999769e+00
4.598538749999999453e+00
4.597596250000000495e+00
4.596381249999999419e+00
4.595155000000000101e+00
4.593946250000000120e+00
4.592807500000000154e+00
4.591862499999999514e+00
4.590688749999999985e+00
4.589297500000000696e+00
4.588097500000000828e+00
4.586979999999999613e+00
4.585844999999999949e+00
4.584587499999999594e+00
4.583257500000000206e+00
4.581974999999999909e+00
4.580651249999998953e+00
4.579336249999999886e+00
4.578496250000000600e+00
4.577966250000000237e+00
4.576992500000000241e+00
4.574102499999999516e+00
4.570288749999999567e+00
4.567071249999999694e+00
4.560513750000000144e+00
4.553987499999999855e+00
4.549821249999999928e+00
4.543415000000000425e+00
4.537975000000000314e+00
4.534794999999999909e+00
4.531953750000000447e+00
4.528294999999999959e+00
4.525922500000000070e+00
4.519041249999999899e+00
4.506756249999999575e+00
4.494876249999999906e+00
4.479988749999999520e+00
4.467908749999999429e+00
4.459272499999999084e+00
4.447796249999999674e+00
4.438514999999999766e+00
4.430365000000000109e+00
4.420502499999999557e+00
4.408986249999999885e+00
4.393544999999999590e+00
4.381243749999999437e+00
4.372442500000000010e+00
4.361096250000000119e+00
4.344571250000000440e+00
4.320777500000000160e+00
4.290413749999999915e+00
4.259797500000001236e+00
4.236057500000000253e+00
4.225218749999998913e+00
4.212995000000000267e+00
4.200565000000000104e+00
4.191914999999999836e+00
4.180959999999999788e+00
4.167331250000000153e+00
4.148896249999999952e+00
4.135467499999999852e+00
4.124573750000000594e+00
4.112311250000000307e+00
4.093526250000000033e+00
4.073218750000000554e+00
4.053189999999999849e+00
4.031812500000000021e+00
4.007686249999999895e+00
3.990863749999999932e+00
3.972627500000000200e+00
3.948828750000000110e+00
3.924633749999999477e+00
3.855751249999999963e+00
3.767951250000000307e+00
3.677665000000000184e+00
3.548486249999999842e+00
3.317716250000000144e+00
2.667131250000000176e+00
6.685191249999999741e+01
8.248215000000000074e+00
5.069564999999999877e+00
4.300923749999999934e+00
4.062848750000000564e+00
3.945704999999999796e+00
3.875166249999999923e+00
3.834414999999999907e+00
3.542144999999999655e+00
3.209163750000000093e+00
3.102723749999999558e+00
3.010058749999999783e+00
2.817853749999999824e+00
2.093677500000000080e+00
5.693021249999999922e-01
5.841840000000000543e+01
4.788446249999999793e+00
3.790828750000000635e+00
1.210929999999999929e+01
3.302116250000000264e+01
1.572496250000000195e+01
4.674291249999999565e+00
3.686947499999999422e+01
6.539964999999999584e+00
2.658422499999999911e+00
9.678433749999999947e+00
5.608441249999999201e+01
1.293862500000000004e+01
4.990241249999999695e+01
1.192699999999999960e+01
2.694978750000000289e+01
2.740908749999999827e+01
1.716118749999999693e+01
1.799141249999999914e+01
1.441295000000000037e+01
1.310549999999999748e+01
1.184966250000000265e+01
1.092571249999999949e+01
1.062818750000000101e+01
1.033392500000000069e+01
9.791878750000000409e+00
9.454842499999999816e+00
9.281745000000000800e+00
9.106056249999999963e+00
8.854568749999998545e+00
8.264102499999999907e+00
7.686252500000000154e+00
7.042860000000000120e+00
6.334579999999999878e+00
5.835727499999999957e+00
5.564074999999998994e+00
5.402168749999999520e+00
5.359922499999998813e+00
5.308473750000000102e+00
5.246321250000000269e+00
5.181197499999999678e+00
5.133426249999999413e+00
5.101233749999999567e+00
5.063783749999999806e+00
5.042788749999999709e+00
4.932853749999999593e+00
4.848963750000000239e+00
4.905588749999999720e+00
4.867088749999999742e+00
4.726813749999999814e+00
4.636248750000000030e+00
4.608868749999999181e+00
4.547812500000000036e+00
4.493977499999999736e+00
4.455631249999999710e+00
4.434607500000000258e+00
4.416206249999999223e+00
4.401128749999999812e+00
4.362176250000000088e+00
4.260371249999999499e+00
4.034087500000000048e+00
3.823916249999999906e+00
3.617862500000000203e+00
3.042753749999999702e+00
2.505056249999999984e+00
2.222593749999999702e+00
2.105469999999999953e+00
2.312683750000000149e+00
2.632668749999999669e+00
7.280200000000000005e-01
7.370725000000000193e-01
7.452087499999999753e-01
3.720224999999999782e-01
3.644187500000000135e-01
