1.427221250000000019e+01
1.800152500000000089e+01
1.313438750000000077e+01
1.157381250000000072e+01
1.070783750000000012e+01
1.000249749999999871e+01
9.273398750000000135e+00
8.661449999999998539e+00
8.195651250000000942e+00
7.775543749999998866e+00
7.352633749999999857e+00
6.888998749999999838e+00
6.524212500000000858e+00
5.922668749999999704e+00
5.657159999999999300e+00
5.537312500000000526e+00
5.424500000000000099e+00
5.345318749999999675e+00
5.284612499999999713e+00
5.237170000000000769e+00
5.198430000000000106e+00
5.166611250000000766e+00
5.121177499999999938e+00
5.071173749999999814e+00
5.033513750000000897e+00
5.004059999999999953e+00
4.979358750000000278e+00
4.958818750000000719e+00
4.941343749999999702e+00
4.926500000000000767e+00
4.913046249999999837e+00
4.901236250000000183e+00
4.890547500000000269e+00
4.880848750000000180e+00
4.868516249999999879e+00
4.853938750000000191e+00
4.841416249999999977e+00
4.830577500000000413e+00
4.822395000000000209e+00
4.817677500000000279e+00
4.811626249999999771e+00
4.803575000000000372e+00
4.796241249999999567e+00
4.789764999999999162e+00
4.783433749999999485e+00
4.779250000000000220e+00
4.776561249999999426e+00
4.773895000000000444e+00
4.771229999999999194e+00
4.769470000000000098e+00
4.768620000000000303e+00
4.767786249999998560e+00
4.766938749999999558e+00
4.766093749999999574e+00
4.765251250000000383e+00
4.764405000000000001e+00
4.763557500000000111e+00
4.762719999999999843e+00
4.761875000000000746e+00
4.761036250000000081e+00
4.760192500000000493e+00
4.759350000000000414e+00
4.758503750000000920e+00
4.757661249999999065e+00
4.756178750000000122e+00
4.754073750000000764e+00
4.751969999999999139e+00
4.749856249999999669e+00
4.747154999999999347e+00
4.743906250000000213e+00
4.740631249999999852e+00
4.737319999999999531e+00
4.734041249999999756e+00
4.729998750000000918e+00
4.725128749999999656e+00
4.720238750000000039e+00
4.715877499999999500e+00
4.711959999999999482e+00
4.708699999999999442e+00
4.705192499999999001e+00
4.701357499999999412e+00
4.698038750000000263e+00
4.694949999999999513e+00
4.691816249999999577e+00
4.688337499999999380e+00
4.684672499999999573e+00
4.681145000000000778e+00
4.678002499999999841e+00
4.675146249999999171e+00
4.673315000000000552e+00
4.672166250000000076e+00
4.670051250000001097e+00
4.663762500000000699e+00
4.655940000000000190e+00
4.649966250000000301e+00
4.638198749999999926e+00
4.627232500000000748e+00
4.620723749999999797e+00
4.611113750000000344e+00
4.602956250000000082e+00
4.598392500000000105e+00
4.594493749999999821e+00
4.589471250000000779e+00
4.586218749999999567e+00
4.576966249999999903e+00
4.561068750000000449e+00
4.546223750000000230e+00
4.528313750000000582e+00
4.514038750000000100e+00
4.503876250000000248e+00
4.490755000000000052e+00
4.480231249999999221e+00
4.470987499999999670e+00
4.460002499999999870e+00
4.447292499999999649e+00
4.430333749999999959e+00
4.416998749999999418e+00
4.407473749999999413e+00
4.395290000000000141e+00
4.377727499999999772e+00
4.352492500000000319e+00
4.320666249999999486e+00
4.288927499999999782e+00
4.264546249999999539e+00
4.253413749999999993e+00
4.240863749999999932e+00
4.228094999999999715e+00
4.219213749999999763e+00
4.208001249999999693e+00
4.194272500000000292e+00
4.175732499999999625e+00
4.162222499999999492e+00
4.151264999999999539e+00
4.138931250000000617e+00
4.120036250000000955e+00
4.099771249999999867e+00
4.079948749999999791e+00
4.058821250000000269e+00
4.035198750000000167e+00
4.018763749999999746e+00
4.000987499999999919e+00
3.978038749999999624e+00
3.954823750000000082e+00
3.889748750000000310e+00
3.808561249999999898e+00
3.728257500000000224e+00
3.618367500000000181e+00
3.442458750000000123e+00
3.118040000000000145e+00
2.489451249999999902e+02
1.062085000000000079e+01
5.305622499999999242e+00
4.343415000000000248e+00
4.084322500000000744e+00
3.961881250000000243e+00
3.889276249999999990e+00
3.847582500000000127e+00
3.552751250000000027e+00
3.219662500000000538e+00
3.113923749999999657e+00
3.022054999999999936e+00
2.832228750000000517e+00
2.260353750000000161e+00
8.362133749999999255e-01
6.459052499999999952e+01
5.452509999999999302e+00
3.807956250000000153e+00
1.362543750000000031e+01
3.477352499999999935e+01
1.682632500000000064e+01
4.693037499999999973e+00
3.809552499999999498e+01
6.880179999999999296e+00
2.661942499999999878e+00
1.042690500000000142e+01
5.679988750000000408e+01
1.328108749999999993e+01
5.035755000000000337e+01
1.225187500000000007e+01
2.718408750000000040e+01
2.758406250000000171e+01
1.725934999999999775e+01
1.818524999999999991e+01
1.460430000000000028e+01
1.327229999999999954e+01
1.199594999999999878e+01
1.105928749999999994e+01
1.075808750000000025e+01
1.046063750000000070e+01
9.912881250000001643e+00
9.572466249999999732e+00
9.397660000000000124e+00
9.220229999999999038e+00
8.966931250000000020e+00
8.368057500000002591e+00
7.869858750000000569e+00
7.411152500000000032e+00
6.895043750000000138e+00
6.582511249999999592e+00
6.462948749999999798e+00
6.407675000000000232e+00
6.410118749999999643e+00
6.413088750000000005e+00
6.416682500000001177e+00
6.439242499999999758e+00
6.469683749999999733e+00
6.490197500000000730e+00
6.539698749999999450e+00
6.581003749999999819e+00
6.622779999999999667e+00
6.697426250000000358e+00
6.756746249999999954e+00
6.786797499999999594e+00
6.807430000000000092e+00
6.829411250000000599e+00
6.878158750000000765e+00
6.945823749999998853e+00
7.003250000000000419e+00
7.037990000000000634e+00
7.057920000000001082e+00
7.069958750000000514e+00
7.077392500000000197e+00
7.080054999999999765e+00
7.054938749999999814e+00
6.889497499999999164e+00
6.696602499999999125e+00
6.495192499999999036e+00
5.894350000000000200e+00
5.282357499999999817e+00
4.927908750000000282e+00
4.723763750000000705e+00
4.826406250000000675e+00
5.052744999999999820e+00
1.318148750000000202e+00
1.324572499999999931e+00
1.328253750000000011e+00
6.587125000000000341e-01
6.468512499999999887e-01
