8.176650000000000418e+00
9.736192499999999583e+00
6.651021250000001217e+00
5.602745000000000530e+00
5.002097500000000529e+00
4.499821249999999218e+00
3.965712499999999974e+00
3.504758750000000145e+00
3.144128750000000139e+00
2.810868749999999583e+00
2.467869999999999564e+00
2.081135000000000179e+00
1.769461249999999986e+00
1.237507500000000205e+00
9.967648749999999946e-01
8.861312500000000369e-01
7.811720000000000885e-01
7.069813750000000230e-01
6.498197500000000293e-01
6.049813750000000434e-01
5.682698750000000354e-01
5.380508749999999285e-01
4.948040000000000216e-01
4.471037499999999665e-01
4.111306249999999718e-01
3.829899999999999971e-01
3.593892500000000489e-01
3.397786249999999453e-01
3.231182499999999957e-01
3.089976249999999980e-01
2.962131249999999660e-01
2.850186249999999699e-01
2.749051250000000279e-01
2.657533750000000139e-01
2.541688749999999608e-01
2.405482500000000190e-01
2.289205000000000267e-01
2.189377500000000143e-01
2.113994999999999902e-01
2.070909999999999973e-01
2.016267499999999657e-01
1.943562500000000082e-01
1.877913750000000104e-01
1.820627500000000232e-01
1.764781249999999857e-01
1.728441250000000151e-01
1.705194999999999905e-01
1.682167499999999982e-01
1.659131249999999946e-01
1.644043749999999915e-01
1.636961249999999979e-01
1.630007499999999998e-01
1.622948750000000329e-01
1.615892500000000176e-01
1.608883750000000001e-01
1.601836249999999962e-01
1.594782499999999881e-01
1.587796250000000076e-01
1.580743749999999892e-01
1.573751250000000046e-01
1.566717499999999985e-01
1.559688750000000068e-01
1.552638750000000234e-01
1.545623749999999741e-01
1.533281250000000095e-01
1.515745000000000009e-01
1.498192500000000149e-01
1.480577499999999880e-01
1.458767499999999995e-01
1.433056250000000198e-01
1.407154999999999934e-01
1.380972500000000047e-01
1.355023750000000360e-01
1.324017499999999847e-01
1.287486250000000054e-01
1.250848749999999843e-01
1.219293749999999926e-01
1.191504999999999925e-01
1.168378749999999938e-01
1.145047500000000024e-01
1.120576249999999940e-01
1.099404999999999966e-01
1.079710000000000114e-01
1.059705000000000091e-01
1.037520000000000109e-01
1.014141249999999939e-01
9.917021250000000732e-02
9.735264999999999891e-02
9.581023749999999228e-02
9.482038749999999183e-02
9.419998749999999865e-02
9.305760000000000420e-02
8.966043749999999535e-02
8.565042500000000225e-02
8.289461249999999226e-02
7.768289999999999917e-02
7.324577499999999908e-02
7.090168749999999076e-02
6.769991250000000071e-02
6.498203750000000611e-02
6.359662499999998997e-02
6.253957500000000003e-02
6.117854999999999821e-02
6.029674999999999618e-02
5.792361249999999906e-02
5.431028749999999850e-02
5.134752499999999803e-02
4.832408750000000836e-02
4.613012500000000793e-02
4.460584999999999550e-02
4.295956250000000642e-02
4.171431249999999619e-02
4.062299999999999939e-02
3.949916249999999712e-02
3.830422499999999730e-02
3.678875000000000201e-02
3.575512500000000565e-02
3.503152500000000086e-02
3.419445000000000123e-02
3.315333749999999774e-02
3.171664999999999901e-02
3.025307499999999733e-02
2.913123750000000400e-02
2.848999999999999796e-02
2.819723749999999973e-02
2.786715000000000025e-02
2.753136249999999993e-02
2.729771250000000149e-02
2.704187499999999994e-02
2.694136249999999622e-02
2.683377500000000068e-02
2.675537499999999791e-02
2.669178750000000128e-02
2.662023750000000119e-02
2.651055000000000078e-02
2.655288750000000392e-02
2.675852500000000175e-02
2.700959999999999819e-02
2.751125000000000098e-02
2.790257500000000238e-02
2.835992500000000111e-02
2.920911250000000209e-02
3.018884999999999971e-02
3.399794999999999900e-02
4.060914999999999664e-02
5.059230000000000671e-02
6.987991249999998822e-02
1.247417499999999985e-01
4.509091250000000217e-01
1.820932499999999834e+02
2.372651250000000100e+00
2.360561250000000333e-01
4.248914999999999637e-02
2.147297499999999831e-02
1.617676250000000052e-02
1.410772500000000151e-02
1.316682500000000006e-02
1.060637499999999948e-02
1.049728750000000245e-02
1.119811249999999939e-02
1.199617500000000128e-02
1.437332499999999756e-02
1.666770000000000196e-01
2.669113750000000063e-01
6.172122500000000400e+00
6.640632499999999938e-01
1.712773750000000372e-02
1.516114999999999879e+00
1.752392500000000020e+00
1.101392499999999997e+00
1.874457500000000290e-02
1.226057499999999800e+00
3.402166249999999947e-01
3.520633750000000048e-03
7.484817499999999457e-01
7.154582500000001843e-01
3.424635000000000318e-01
4.551387500000000363e-01
3.248721250000000116e-01
2.342962499999999837e-01
1.749703749999999836e-01
9.815361250000001481e-02
1.938461249999999803e-01
1.913459999999999606e-01
1.668009999999999771e-01
1.462999999999999856e-01
1.335742500000000055e-01
1.299272499999999941e-01
1.266992500000000132e-01
1.210022499999999918e-01
1.176241249999999822e-01
1.159153750000000010e-01
1.141744999999999982e-01
1.123646249999999958e-01
1.039533750000000145e-01
5.857731249999999917e-02
5.316270000000000023e-02
4.829671250000000526e-02
4.277910000000000046e-02
4.046066250000000114e-02
3.901001249999999643e-02
3.843233749999999671e-02
3.772877500000000606e-02
3.687886250000000504e-02
3.611034999999999245e-02
3.563674999999999482e-02
3.531757500000000383e-02
3.481563749999999624e-02
3.446518750000000103e-02
3.416746250000000235e-02
3.360028749999999925e-02
3.107180000000000358e-02
2.923183750000000330e-02
2.796875000000000056e-02
2.668556249999999574e-02
2.405868750000000195e-02
2.122986249999999839e-02
1.913190000000000029e-02
1.777077500000000254e-02
1.721308749999999818e-02
1.676323750000000001e-02
1.641186249999999902e-02
1.540949999999999785e-02
1.338882500000000003e-02
1.079457499999999896e-02
9.195822499999999067e-03
8.045362500000000083e-03
5.280542499999999785e-03
2.828370000000000623e-03
1.500680000000000113e-03
5.219480000000000517e-04
3.469243749999999932e-04
6.873853750000000120e-04
2.551437500000000320e-04
2.523700000000000249e-04
2.198291249999999872e-04
6.493600000000000305e-05
4.054587499999999913e-05
