5.267462499999999714e+00
7.047808749999999733e+00
5.464597499999999997e+00
5.002439999999999110e+00
4.761283750000000481e+00
4.575757499999999922e+00
4.396763749999999860e+00
4.257659999999999556e+00
4.160540000000000127e+00
4.080244999999999678e+00
4.006328749999999772e+00
3.935191250000000363e+00
3.886063750000000372e+00
3.821751250000000599e+00
3.798898750000000213e+00
3.790427499999999839e+00
3.783234999999999904e+00
3.778688750000000152e+00
3.775483750000000249e+00
3.773147500000000321e+00
3.771339999999999471e+00
3.769936249999999767e+00
3.768041249999999565e+00
3.766091249999999668e+00
3.764710000000000445e+00
3.763680000000000359e+00
3.762844999999999995e+00
3.762168750000000284e+00
3.761600000000000499e+00
3.761109999999999509e+00
3.760670000000000623e+00
3.760290000000000354e+00
3.759938749999999885e+00
3.759609999999999452e+00
3.759189999999999809e+00
3.758669999999999511e+00
3.758208749999999654e+00
3.757781249999999851e+00
3.757461250000000419e+00
3.757269999999999222e+00
3.756998750000000165e+00
3.756637500000000074e+00
3.756291249999999859e+00
3.755961250000000362e+00
3.755638750000000137e+00
3.755405000000000104e+00
3.755250000000000199e+00
3.755099999999999660e+00
3.754946250000000152e+00
3.754840000000000622e+00
3.754779999999999784e+00
3.754729999999999457e+00
3.754670000000000396e+00
3.754610000000000003e+00
3.754551250000000451e+00
3.754500000000000171e+00
3.754439999999999777e+00
3.754380000000000273e+00
3.754323749999999738e+00
3.754269999999999108e+00
3.754210000000000047e+00
3.754149999999999654e+00
3.754095000000000848e+00
3.754039999999999822e+00
3.753938750000000102e+00
3.753794999999999327e+00
3.753649999999999931e+00
3.753509999999999458e+00
3.753299999999999859e+00
3.753033749999999280e+00
3.752759999999999430e+00
3.752487499999999976e+00
3.752217500000000427e+00
3.751847500000000668e+00
3.751375000000000792e+00
3.750900000000000567e+00
3.750438750000000709e+00
3.750001249999999953e+00
3.749639999999999418e+00
3.749191249999999975e+00
3.748668750000000216e+00
3.748213750000000122e+00
3.747791250000000574e+00
3.747362500000000374e+00
3.746886250000000196e+00
3.746384999999999188e+00
3.745901249999999294e+00
3.745403749999999921e+00
3.744913750000000263e+00
3.744599999999999262e+00
3.744403749999999587e+00
3.744039999999999146e+00
3.742960000000000065e+00
3.741542499999999993e+00
3.740347499999999936e+00
3.737919999999999465e+00
3.735510000000000552e+00
3.733973749999999647e+00
3.731619999999999937e+00
3.729621250000000110e+00
3.728456249999999805e+00
3.727413749999999304e+00
3.726073749999999851e+00
3.725208750000000180e+00
3.722693749999999913e+00
3.718215000000000270e+00
3.713896250000000343e+00
3.708510000000000417e+00
3.704148749999999435e+00
3.701035000000000075e+00
3.696918750000000031e+00
3.693593749999999787e+00
3.690676250000000103e+00
3.687162500000000342e+00
3.683071249999999797e+00
3.677599999999999980e+00
3.673271250000000432e+00
3.670176249999999918e+00
3.666207500000000064e+00
3.660472500000000018e+00
3.652239999999999931e+00
3.641874999999999751e+00
3.631639999999999979e+00
3.623859999999999637e+00
3.620307499999999568e+00
3.616301250000000245e+00
3.612227500000000369e+00
3.609389999999999876e+00
3.605843749999999570e+00
3.601669999999999927e+00
3.596060000000000478e+00
3.591968749999999932e+00
3.588651250000000292e+00
3.584919999999999884e+00
3.579198749999999762e+00
3.573247499999999910e+00
3.567612499999999631e+00
3.561653750000000063e+00
3.555309999999999970e+00
3.550961249999999847e+00
3.546296249999999706e+00
3.540578749999999886e+00
3.534948749999999862e+00
3.520518749999999919e+00
3.504381250000000225e+00
3.491398749999999662e+00
3.476662500000000211e+00
3.460191249999999830e+00
3.439075000000000326e+00
3.417178749999999710e+00
3.399577500000000363e+00
3.364197499999999952e+00
3.273575000000000124e+00
3.063022499999999759e+00
9.542228749999999593e+00
1.683932499999999877e+01
4.284976249999999709e+00
3.538386249999999844e+00
3.345641249999999900e+00
3.315438750000000212e+00
3.291966249999999761e+00
3.250882499999999897e+00
3.156136250000000310e+00
3.068346249999999831e+00
2.523728750000000076e+00
1.122402499999999890e+02
1.774461249999999879e+01
6.543126250000000255e+00
4.443307499999999521e+00
4.096456250000001020e+00
3.951742499999999936e+00
3.876163749999999464e+00
5.541436250000000285e+00
4.089164999999999495e+00
3.857260000000000133e+00
3.893158750000000445e+00
4.939846250000000438e+00
1.005049875000000270e+01
9.304669999999999774e+00
8.722681250000000830e+00
8.243539999999999424e+00
7.819341250000000798e+00
7.353333750000000002e+00
6.940662500000000179e+00
6.582936250000000378e+00
6.319746249999999677e+00
6.123154999999999681e+00
6.061896250000000208e+00
6.003288750000000285e+00
5.896984999999999921e+00
5.832295000000000229e+00
5.799631250000000016e+00
5.768001249999999303e+00
5.722421250000000015e+00
5.687596250000000353e+00
5.774413749999999901e+00
5.864503750000000792e+00
5.951437499999999936e+00
6.045288750000000100e+00
6.147845000000000226e+00
6.220805000000001250e+00
6.252252499999999991e+00
6.290552499999999547e+00
6.336817500000000436e+00
6.394822500000000076e+00
6.444411249999999036e+00
6.477833749999999391e+00
6.537098750000000180e+00
6.564801250000000366e+00
6.399067499999999242e+00
6.279490000000000016e+00
6.226883749999998940e+00
6.208214999999999151e+00
6.195393749999999145e+00
6.181370000000000253e+00
6.148878749999999727e+00
6.090781250000000036e+00
6.020463750000000225e+00
5.952771250000000514e+00
5.896451250000000144e+00
5.817524999999999835e+00
5.731325000000000003e+00
5.584356250000000799e+00
5.209624999999999950e+00
4.474273750000000049e+00
3.878927499999999640e+00
3.364613750000000181e+00
2.430065000000000364e+00
2.004824999999999857e+00
1.949131249999999982e+00
2.071415000000000006e+00
2.304176249999999815e+00
2.503862499999999880e+00
6.512700000000000156e-01
6.523862499999999454e-01
6.524262499999999854e-01
3.244512500000000244e-01
3.228325000000000222e-01
