3.540467500000000101e+00
4.215728750000000247e+00
2.879859999999999864e+00
2.425962499999999800e+00
2.165883749999999885e+00
1.948397500000000004e+00
1.717131249999999998e+00
1.517541250000000064e+00
1.361386250000000020e+00
1.217087500000000100e+00
1.068572500000000147e+00
9.011127500000000179e-01
7.661532500000001189e-01
5.358125000000000249e-01
4.315671249999999959e-01
3.836652499999999577e-01
3.382092499999999613e-01
3.060801250000000362e-01
2.813295000000000101e-01
2.619137500000000007e-01
2.460130000000000094e-01
2.329221249999999521e-01
2.141932500000000017e-01
1.935350000000000126e-01
1.779547499999999949e-01
1.657626249999999968e-01
1.555402500000000188e-01
1.470453749999999782e-01
1.398278750000000181e-01
1.337087500000000151e-01
1.281691249999999949e-01
1.233183749999999940e-01
1.189363749999999831e-01
1.149709999999999899e-01
1.099512500000000004e-01
1.040480000000000016e-01
9.900773749999999818e-02
9.468023750000000016e-02
9.141243749999999890e-02
8.954444999999999766e-02
8.717517499999999364e-02
8.402272500000000643e-02
8.117532500000000650e-02
7.868981249999999761e-02
7.626660000000001771e-02
7.468963750000000290e-02
7.368082500000000534e-02
7.268141250000001441e-02
7.168163749999999224e-02
7.102691250000001122e-02
7.071956249999999944e-02
7.041763750000001876e-02
7.011126249999999338e-02
6.980500000000000593e-02
6.950083750000000948e-02
6.919485000000000219e-02
6.888876249999999202e-02
6.858556250000000243e-02
6.827942500000000470e-02
6.797595000000000720e-02
6.767073749999999444e-02
6.736558750000000428e-02
6.705964999999999843e-02
6.675512499999999849e-02
6.621932499999999555e-02
6.545818750000000075e-02
6.469628750000000483e-02
6.393180000000001084e-02
6.298481250000000087e-02
6.186825000000000657e-02
6.074342499999999673e-02
5.960635000000000239e-02
5.847940000000000083e-02
5.713232500000000463e-02
5.554446250000000945e-02
5.395189999999999708e-02
5.258023750000000163e-02
5.137191249999999848e-02
5.036626250000000166e-02
4.935125000000000622e-02
4.828593749999999379e-02
4.736437500000000023e-02
4.650713750000000368e-02
4.563632499999999842e-02
4.467053750000000295e-02
4.365285000000000692e-02
4.267608750000000117e-02
4.188418749999999607e-02
4.121167500000000317e-02
4.078009999999999968e-02
4.050961250000000707e-02
4.001155000000000683e-02
3.853036249999999829e-02
3.678106250000000299e-02
3.557751250000000531e-02
3.330023750000000310e-02
3.135907500000000014e-02
3.033215000000000217e-02
2.892806250000000412e-02
2.773615000000000455e-02
2.712782499999999430e-02
2.666286250000000219e-02
2.606416250000000157e-02
2.567627500000000187e-02
2.463133749999999941e-02
2.303663749999999844e-02
2.172547500000000104e-02
2.038180000000000200e-02
1.940412499999999776e-02
1.872431249999999964e-02
1.798518749999999944e-02
1.742476249999999963e-02
1.693357499999999932e-02
1.642385000000000025e-02
1.587916250000000196e-02
1.518580000000000103e-02
1.470752499999999907e-02
1.437209999999999877e-02
1.397976249999999948e-02
1.348279999999999965e-02
1.279245000000000035e-02
1.206089999999999940e-02
1.145635000000000056e-02
1.107206250000000204e-02
1.089662500000000006e-02
1.069878749999999927e-02
1.049756249999999995e-02
1.035754999999999836e-02
1.019233750000000070e-02
1.005274999999999919e-02
9.872564999999999813e-03
9.741272500000000209e-03
9.634772500000001252e-03
9.514916249999999867e-03
9.331255000000000105e-03
9.175983750000001743e-03
9.066891249999998667e-03
8.951706250000000115e-03
8.829122499999999749e-03
8.745051250000000082e-03
8.660413750000000091e-03
8.599354999999999499e-03
8.548601249999999291e-03
8.444997499999998963e-03
8.422362500000000682e-03
8.463502500000000955e-03
8.608446250000000369e-03
8.857261249999999822e-03
9.340174999999999172e-03
1.004678750000000120e-02
1.078811250000000048e-02
1.291669999999999971e-02
2.202323749999999733e-02
6.768842499999999651e-02
3.678322500000000161e+01
4.639976250000000135e+01
2.175146249999999892e-01
1.617542500000000022e-02
3.293325000000000159e-03
3.026935000000000129e-03
2.875399999999999744e-03
2.703802499999999678e-03
2.549365000000000051e-03
2.612642499999999826e-03
5.920368750000000110e-03
3.372988750000000202e+00
1.542828749999999860e-01
1.441783750000000079e-02
9.271909999999999527e-04
3.337492500000000233e-04
2.006743750000000162e-04
1.858348749999999831e-04
2.837257499999999988e-01
9.836606249999998042e-04
2.252521249999999927e-04
1.611116249999999805e-01
1.321931250000000224e-01
3.875104999999999800e-01
1.296933749999999996e-01
1.122563750000000055e-01
9.746262499999999718e-02
8.414030000000000120e-02
6.949210000000000109e-02
5.697946250000000129e-02
4.654288749999999780e-02
4.011897500000000116e-02
3.574641249999999798e-02
3.446482499999999755e-02
3.331017499999999742e-02
3.143007500000000176e-02
3.035131250000000155e-02
2.977085000000000148e-02
2.919777500000000220e-02
2.835924999999999904e-02
2.721982499999999958e-02
2.621946249999999867e-02
2.483132500000000131e-02
2.296632500000000271e-02
2.138490000000000182e-02
2.089121249999999902e-02
2.074200000000000002e-02
2.083372500000000085e-02
2.094545000000000087e-02
2.108041250000000297e-02
2.141208749999999952e-02
2.179594999999999796e-02
2.205463750000000167e-02
2.271628749999999794e-02
2.276632500000000392e-02
1.748948750000000121e-02
1.519675000000000192e-02
1.455737499999999914e-02
1.441367499999999906e-02
1.431501249999999822e-02
1.425693750000000051e-02
1.428782500000000052e-02
1.448635000000000027e-02
1.482958749999999971e-02
1.519190000000000124e-02
1.547995000000000100e-02
1.518189999999999991e-02
1.454440000000000073e-02
1.342961250000000023e-02
1.147592500000000140e-02
1.031070000000000077e-02
9.032897500000001273e-03
7.113428750000000238e-03
2.818554999999999498e-03
9.019365000000000542e-04
4.134364999999999980e-04
1.872813750000000175e-04
2.723794999999999559e-04
4.204113750000000030e-04
1.199272499999999960e-04
1.203217500000000004e-04
1.194874999999999974e-04
5.476325000000000122e-05
5.161425000000000138e-05
