8.807925000000000892e+00
1.126353749999999820e+01
8.344457500000000749e+00
7.428401250000000289e+00
6.927168749999999875e+00
6.524155000000000371e+00
6.113894999999999413e+00
5.775196249999999587e+00
5.521923750000000020e+00
5.297328750000000142e+00
5.074898750000000014e+00
4.836302500000000393e+00
4.652218749999999403e+00
4.357562499999999339e+00
4.230466250000000095e+00
4.174093749999999936e+00
4.121443750000000072e+00
4.084768750000000281e+00
4.056813749999999885e+00
4.035061250000000044e+00
4.017352500000000326e+00
4.002858749999999688e+00
3.982233750000000239e+00
3.959624999999999950e+00
3.942666249999999817e+00
3.929443749999999902e+00
3.918384999999999785e+00
3.909214999999999662e+00
3.901425000000000143e+00
3.894819999999999727e+00
3.888841250000000471e+00
3.883607500000000101e+00
3.878872499999999945e+00
3.874584999999999724e+00
3.869139999999999358e+00
3.862721249999999884e+00
3.857216250000000457e+00
3.852463750000000076e+00
3.848877500000000396e+00
3.846812500000000412e+00
3.844172500000000881e+00
3.840661250000000138e+00
3.837467499999999809e+00
3.834654999999999703e+00
3.831905000000000339e+00
3.830093750000000519e+00
3.828932500000000072e+00
3.827778750000000230e+00
3.826628750000000245e+00
3.825866249999999802e+00
3.825503750000000203e+00
3.825143750000000509e+00
3.824780000000000069e+00
3.824417500000000025e+00
3.824053750000000029e+00
3.823692499999999495e+00
3.823328749999999498e+00
3.822966250000000343e+00
3.822603750000000300e+00
3.822241250000000257e+00
3.821881250000000119e+00
3.821520000000000028e+00
3.821154999999999635e+00
3.820793749999999989e+00
3.820158750000000492e+00
3.819251250000000208e+00
3.818347499999999783e+00
3.817440000000000389e+00
3.816284999999999705e+00
3.814901250000000132e+00
3.813505000000000145e+00
3.812092499999999884e+00
3.810695000000000388e+00
3.808981250000000429e+00
3.806922499999999765e+00
3.804853750000000367e+00
3.803018750000000114e+00
3.801371249999999868e+00
3.800005000000000077e+00
3.798544999999999838e+00
3.796956249999999589e+00
3.795578750000000223e+00
3.794298749999999831e+00
3.792998749999999752e+00
3.791557500000000136e+00
3.790038750000000345e+00
3.788576249999999757e+00
3.787288750000000093e+00
3.786125000000000185e+00
3.785378750000000014e+00
3.784912499999999902e+00
3.784052500000000041e+00
3.781491250000000193e+00
3.778322499999999806e+00
3.775926249999999484e+00
3.771218750000000064e+00
3.766866249999999638e+00
3.764306250000000187e+00
3.760546249999999979e+00
3.757355000000000000e+00
3.755581250000000537e+00
3.754077500000000178e+00
3.752140000000000253e+00
3.750883749999999850e+00
3.747325000000000461e+00
3.741251250000000361e+00
3.735624999999999751e+00
3.728892499999999721e+00
3.723552499999999821e+00
3.719757499999999606e+00
3.714903749999999949e+00
3.711021250000000382e+00
3.707608749999999898e+00
3.703586250000000302e+00
3.698952499999999421e+00
3.692788750000000064e+00
3.687981249999999989e+00
3.684548750000000261e+00
3.680186250000000214e+00
3.673956249999999812e+00
3.665029999999999788e+00
3.653933749999999758e+00
3.643097500000000100e+00
3.634931249999999725e+00
3.631204999999999572e+00
3.626998749999999827e+00
3.622723750000000020e+00
3.619747499999999452e+00
3.616036249999999619e+00
3.611723750000000344e+00
3.605931250000000254e+00
3.601709999999999745e+00
3.598287500000000527e+00
3.594434999999999825e+00
3.588529999999999998e+00
3.582424999999999748e+00
3.576678750000000129e+00
3.570606250000000426e+00
3.564140000000000086e+00
3.559706250000000516e+00
3.554957499999999548e+00
3.549178749999999827e+00
3.543497499999999967e+00
3.528966249999999860e+00
3.512803749999999781e+00
3.499866249999999290e+00
3.485268750000000360e+00
3.469048750000000236e+00
3.448417500000000135e+00
3.427226249999999919e+00
3.410363749999999250e+00
3.377115000000000311e+00
3.295596250000000449e+00
3.130713750000000406e+00
4.632546249999999333e+01
6.323912500000000136e+01
4.502488750000000373e+00
3.554558749999999989e+00
3.348934999999999551e+00
3.318465000000000664e+00
3.294843750000000071e+00
3.253586249999999680e+00
3.158685000000000187e+00
3.070958749999999959e+00
2.529648749999999779e+00
1.156132500000000221e+02
1.789891250000000156e+01
6.557545000000000179e+00
4.444236249999999444e+00
4.096788749999999979e+00
3.951942499999999470e+00
3.876351250000000359e+00
5.825162499999999355e+00
4.090146250000000094e+00
3.857483749999999656e+00
4.054271250000001103e+00
5.072041250000000723e+00
1.043800624999999904e+01
9.434363749999999271e+00
8.834936250000000157e+00
8.341001249999997924e+00
7.903481250000000458e+00
7.422826250000000847e+00
6.997639999999999638e+00
6.629480000000000928e+00
6.359863750000000593e+00
6.158899999999999153e+00
6.096363750000000081e+00
6.036599999999999966e+00
5.928415000000000212e+00
5.862647499999999567e+00
5.829402500000000487e+00
5.797199999999999243e+00
5.750777500000000764e+00
5.714814999999999756e+00
5.800636250000000160e+00
5.889336249999999495e+00
5.974402499999999172e+00
6.066673749999999643e+00
6.168736250000001142e+00
6.241546249999999851e+00
6.273087500000000816e+00
6.311497500000000649e+00
6.357897499999999980e+00
6.416237500000000260e+00
6.466208749999999839e+00
6.499886250000000310e+00
6.559813750000000887e+00
6.604077500000000711e+00
6.640778750000000841e+00
6.699178749999999738e+00
6.735485000000000610e+00
6.751287500000000108e+00
6.762138750000000975e+00
6.772008750000000354e+00
6.788078749999999495e+00
6.797375000000000611e+00
6.791751250000000795e+00
6.769465000000000288e+00
6.748277500000000373e+00
6.722951249999999490e+00
6.697281249999999631e+00
6.650117499999999460e+00
6.461476249999999588e+00
6.033294999999999852e+00
5.684477499999999850e+00
5.424810000000000798e+00
4.930112499999999898e+00
4.604453750000000234e+00
4.483109999999999928e+00
4.489634999999999820e+00
4.684608750000000654e+00
4.837102500000000305e+00
1.206170000000000186e+00
1.200388750000000115e+00
1.190325000000000077e+00
5.829212499999999464e-01
5.722237500000000310e-01
