1.257450000000000045e+01
1.806631250000000222e+01
1.482126249999999956e+01
1.394259999999999877e+01
1.349597499999999783e+01
1.316375000000000028e+01
1.284603749999999955e+01
1.260186249999999930e+01
1.243245000000000111e+01
1.229279999999999973e+01
1.216435000000000066e+01
1.204067500000000202e+01
1.195548750000000027e+01
1.184382500000000071e+01
1.180417500000000075e+01
1.178952500000000114e+01
1.177715000000000245e+01
1.176931249999999984e+01
1.176385000000000147e+01
1.175990000000000002e+01
1.175680000000000014e+01
1.175450000000000017e+01
1.175130000000000052e+01
1.174813749999999857e+01
1.174599999999999866e+01
1.174440000000000062e+01
1.174310000000000009e+01
1.174219999999999864e+01
1.174140000000000050e+01
1.174080000000000013e+01
1.174019999999999975e+01
1.173980000000000068e+01
1.173940000000000161e+01
1.173900000000000254e+01
1.173860000000000170e+01
1.173810000000000109e+01
1.173770000000000202e+01
1.173739999999999739e+01
1.173719999999999963e+01
1.173699999999999832e+01
1.173690000000000211e+01
1.173670000000000080e+01
1.173649999999999949e+01
1.173640000000000150e+01
1.173619999999999841e+01
1.173610000000000042e+01
1.173610000000000042e+01
1.173600000000000243e+01
1.173600000000000243e+01
1.173590000000000089e+01
1.173590000000000089e+01
1.173590000000000089e+01
1.173590000000000089e+01
1.173579999999999934e+01
1.173579999999999934e+01
1.173579999999999934e+01
1.173579999999999934e+01
1.173579999999999934e+01
1.173569999999999780e+01
1.173569999999999780e+01
1.173569999999999780e+01
1.173569999999999780e+01
1.173560000000000159e+01
1.173560000000000159e+01
1.173560000000000159e+01
1.173550000000000004e+01
1.173550000000000004e+01
1.173550000000000004e+01
1.173540000000000028e+01
1.173529999999999873e+01
1.173520000000000252e+01
1.173520000000000252e+01
1.173510000000000097e+01
1.173499999999999943e+01
1.173489999999999789e+01
1.173479999999999990e+01
1.173470000000000191e+01
1.173460000000000036e+01
1.173460000000000036e+01
1.173449999999999882e+01
1.173440000000000083e+01
1.173430000000000106e+01
1.173419999999999952e+01
1.173419999999999952e+01
1.173409999999999975e+01
1.173399999999999821e+01
1.173390000000000200e+01
1.173390000000000200e+01
1.173380000000000045e+01
1.173380000000000045e+01
1.173370000000000068e+01
1.173370000000000068e+01
1.173359999999999737e+01
1.173340000000000138e+01
1.173319999999999830e+01
1.173290000000000077e+01
1.173269999999999769e+01
1.173249999999999993e+01
1.173229999999999862e+01
1.173199999999999932e+01
1.173189999999999777e+01
1.173179999999999978e+01
1.173170000000000179e+01
1.173160000000000025e+01
1.173130000000000095e+01
1.173090000000000188e+01
1.173040000000000127e+01
1.173010000000000019e+01
1.173000000000000220e+01
1.172990000000000066e+01
1.172988750000000024e+01
1.172979999999999912e+01
1.172969999999999757e+01
1.172960000000000136e+01
1.172949999999999982e+01
1.172940000000000005e+01
1.172929999999999851e+01
1.172929999999999851e+01
1.172920000000000229e+01
1.172899999999999920e+01
1.172889999999999766e+01
1.172860000000000014e+01
1.172840000000000060e+01
1.172819999999999929e+01
1.172809999999999953e+01
1.172809999999999953e+01
1.172799999999999798e+01
1.172790000000000177e+01
1.172780000000000022e+01
1.172770000000000046e+01
1.172759999999999891e+01
1.172749999999999915e+01
1.172740000000000116e+01
1.172740000000000116e+01
1.172719999999999807e+01
1.172710000000000008e+01
1.172700000000000209e+01
1.172679999999999900e+01
1.172669999999999746e+01
1.172660000000000124e+01
1.172649999999999970e+01
1.172639999999999993e+01
1.172620000000000218e+01
1.172589999999999755e+01
1.172560000000000002e+01
1.172530000000000250e+01
1.172499999999999787e+01
1.172470000000000034e+01
1.172429999999999950e+01
1.172400000000000198e+01
1.172369999999999735e+01
1.172329999999999828e+01
1.172249999999999837e+01
1.172199999999999775e+01
1.172180000000000000e+01
1.172170000000000023e+01
1.172170000000000023e+01
1.172117499999999879e+01
1.172049999999999947e+01
1.172029999999999816e+01
1.172020000000000195e+01
1.171989999999999910e+01
1.171930000000000227e+01
1.171879999999999988e+01
1.171671249999999986e+01
1.171349999999999802e+01
1.171240000000000059e+01
1.171017499999999956e+01
1.170449999999999768e+01
1.169154999999999944e+01
1.168141249999999864e+01
1.167427500000000151e+01
1.165859999999999985e+01
1.164633749999999957e+01
1.163723750000000123e+01
1.162002500000000182e+01
1.159223749999999953e+01
1.156961249999999986e+01
1.151826249999999874e+01
1.141654999999999909e+01
1.132981249999999918e+01
1.121167499999999784e+01
1.103889999999999816e+01
1.086019999999999897e+01
1.067053750000000001e+01
1.040272500000000022e+01
1.015867500000000057e+01
1.007051249999999953e+01
9.962337500000000290e+00
9.733216249999999903e+00
9.562331249999997951e+00
9.478081250000000679e+00
9.388663749999999197e+00
9.245910000000002071e+00
8.844409999999998107e+00
8.446818750000000264e+00
7.951133749999999445e+00
7.224560000000000315e+00
6.489006249999999199e+00
5.810591249999999874e+00
5.391761250000000061e+00
5.230146250000000663e+00
5.043645000000000600e+00
4.850144999999999484e+00
4.602083750000000251e+00
4.389838750000000012e+00
4.254631249999999199e+00
4.063594999999999402e+00
3.938657500000000589e+00
3.812293750000000259e+00
3.630544999999999689e+00
3.523285000000000000e+00
3.468943749999999326e+00
3.431638749999999849e+00
3.388563749999999875e+00
3.282198750000000054e+00
3.166951249999999884e+00
3.080726250000000555e+00
3.053441250000000551e+00
3.099718750000000078e+00
3.139378750000000107e+00
3.171496250000000128e+00
3.227616250000000075e+00
3.395884999999999820e+00
3.747658750000000261e+00
4.091207499999999442e+00
4.398978749999999494e+00
4.599423750000000588e+00
4.411137500000000600e+00
4.238721250000000218e+00
3.918686249999999482e+00
3.420347500000000096e+00
3.151896250000000066e+00
8.228575000000000195e-01
8.304025000000000434e-01
8.418862499999999471e-01
4.337900000000000089e-01
4.440525000000000166e-01
