2.076163750000000073e+04
2.472421250000000146e+04
1.689267499999999927e+04
1.423232500000000073e+04
1.270133749999999964e+04
1.143356250000000000e+04
1.007804624999999942e+04
8.907846250000000509e+03
7.992081249999999272e+03
7.145802500000000691e+03
6.275162500000000364e+03
5.293358750000000327e+03
4.502841250000000400e+03
3.153435000000000400e+03
2.541136250000000473e+03
2.260119999999999891e+03
1.994125000000000000e+03
1.806325000000000273e+03
1.662638750000000073e+03
1.548956249999999955e+03
1.455335000000000264e+03
1.378241250000000264e+03
1.268342499999999973e+03
1.147382499999999936e+03
1.055970000000000027e+03
9.843067499999999654e+02
9.245498750000000427e+02
8.754626249999998890e+02
8.345088749999998754e+02
7.977774999999999181e+02
7.650491250000000036e+02
7.365149999999999864e+02
7.108024999999998954e+02
6.875613749999998845e+02
6.579660000000000082e+02
6.232941250000000082e+02
5.938234999999999673e+02
5.686437500000000682e+02
5.496316249999999854e+02
5.382567500000000109e+02
5.236348749999999654e+02
5.063366250000000264e+02
4.906557499999999550e+02
4.761449999999999818e+02
4.619922500000000127e+02
4.527566249999999854e+02
4.468436249999999745e+02
4.409855000000000018e+02
4.351257499999999823e+02
4.313012499999999250e+02
4.295262499999999477e+02
4.277826249999999959e+02
4.260135000000000787e+02
4.242452499999999986e+02
4.224884999999999309e+02
4.207218750000000114e+02
4.189542499999999450e+02
4.172032500000000255e+02
4.154354999999999905e+02
4.136829999999999927e+02
4.119205000000000609e+02
4.101586250000000291e+02
4.083917500000000587e+02
4.066331250000000068e+02
4.037652500000000373e+02
4.000320000000000391e+02
3.964285000000000423e+02
3.928774999999999409e+02
3.878863750000000437e+02
3.815247499999999832e+02
3.752048750000000155e+02
3.693745000000000118e+02
3.636913750000000505e+02
3.564123749999999973e+02
3.478278749999999491e+02
3.397839999999999918e+02
3.327391249999999445e+02
3.264511249999999905e+02
3.212176249999999982e+02
3.154518749999999727e+02
3.090459999999999923e+02
3.035046250000000327e+02
2.983517500000000382e+02
2.937931249999999750e+02
2.892655000000000314e+02
2.844946249999999850e+02
2.798918750000000273e+02
2.754873749999999859e+02
2.716223750000000337e+02
2.692218750000000114e+02
2.677332499999999982e+02
2.650058750000000032e+02
2.577067499999999995e+02
2.489597500000000139e+02
2.425246250000000146e+02
2.303728749999999934e+02
2.203270000000000266e+02
2.147082500000000209e+02
2.068064999999999998e+02
2.007733750000000157e+02
1.976744999999999948e+02
1.952345000000000255e+02
1.920927499999999952e+02
1.900571250000000134e+02
1.844118749999999807e+02
1.758431249999999864e+02
1.688176250000000209e+02
1.607764999999999986e+02
1.545372500000000002e+02
1.501883750000000077e+02
1.453699999999999761e+02
1.416913749999999936e+02
1.384654999999999916e+02
1.350733749999999986e+02
1.315427500000000123e+02
1.272368749999999977e+02
1.241519999999999868e+02
1.219756250000000080e+02
1.194161250000000081e+02
1.161468749999999943e+02
1.116125000000000114e+02
1.068546250000000128e+02
1.027630000000000052e+02
1.000045500000000089e+02
9.874530000000000030e+01
9.732533750000000339e+01
9.588087500000000318e+01
9.487583750000000293e+01
9.367883750000000020e+01
9.254165000000000418e+01
9.104631249999999909e+01
8.996308750000000032e+01
8.915024999999999977e+01
8.827512500000000273e+01
8.693410000000000082e+01
8.564973750000000052e+01
8.455115000000000691e+01
8.339001250000001164e+01
8.215425000000000466e+01
8.130674999999999386e+01
8.042669999999999675e+01
7.957203749999999332e+01
7.877992499999999154e+01
7.676454999999999984e+01
7.456351250000000164e+01
7.294589999999999463e+01
7.148638749999999220e+01
6.996336249999998813e+01
6.814151250000000459e+01
6.668562500000000171e+01
6.570565000000000566e+01
6.407176250000000550e+01
6.153705000000000069e+01
5.933733749999999674e+01
5.785251249999999601e+01
5.673592499999999461e+01
5.602531249999999829e+01
5.138441249999999627e+01
4.710719999999999175e+01
4.612417500000000103e+01
4.542617500000000064e+01
4.423013749999999789e+01
4.187620000000000431e+01
4.021233750000000384e+01
3.592364999999999498e+01
3.159496249999999762e+01
3.054397499999999965e+01
2.896528749999999874e+01
2.693287499999999923e+01
2.547998749999999646e+01
2.438112500000000082e+01
2.360567500000000152e+01
2.209326250000000158e+01
2.155362500000000026e+01
2.131093749999999787e+01
2.085382500000000050e+01
2.007318749999999952e+01
1.941696249999999679e+01
1.817027500000000018e+01
1.731638749999999760e+01
1.692377500000000268e+01
1.632661249999999953e+01
1.538468750000000007e+01
1.472042499999999876e+01
1.432502500000000190e+01
1.380491249999999859e+01
1.329852499999999971e+01
1.319802499999999768e+01
1.312182499999999941e+01
1.296426250000000024e+01
1.284611250000000027e+01
1.279450000000000109e+01
1.274221250000000083e+01
1.265875000000000128e+01
1.213202499999999873e+01
1.150592499999999951e+01
1.096103750000000154e+01
1.032183749999999911e+01
9.883752499999999941e+00
9.113500000000000156e+00
8.613041249999998428e+00
8.415903750000001793e+00
8.200217500000000825e+00
8.014775000000000205e+00
7.783633749999999019e+00
7.586660000000001070e+00
7.460906249999999851e+00
7.278516250000000909e+00
7.157184999999999242e+00
7.034471250000001064e+00
6.862336249999999360e+00
6.765327499999999716e+00
6.716181249999999991e+00
6.682443750000000016e+00
6.643486249999998705e+00
6.547863750000000316e+00
6.495884999999999465e+00
6.511732499999999924e+00
6.561715000000000408e+00
6.661929999999999907e+00
6.747819999999999929e+00
6.817367500000000469e+00
6.938902500000000195e+00
7.101613750000000280e+00
7.323561249999999134e+00
7.555561250000000229e+00
7.764745000000000452e+00
7.720341249999998823e+00
7.267744999999999678e+00
6.861237500000000544e+00
6.406613749999999996e+00
6.348131250000000669e+00
6.177582500000000643e+00
1.596368749999999892e+00
1.607617499999999922e+00
1.624730000000000008e+00
8.260925000000000074e-01
8.366025000000000267e-01
