4.244506250000000364e+03
5.053941250000000764e+03
3.452537500000000364e+03
2.908501249999999800e+03
2.595409999999999854e+03
2.336128749999999854e+03
2.058901249999999891e+03
1.819573750000000246e+03
1.632276250000000118e+03
1.459187500000000000e+03
1.281115000000000009e+03
1.080302500000000009e+03
9.186108749999999645e+02
6.426030000000000655e+02
5.173642499999999700e+02
4.598866250000000377e+02
4.054802500000000123e+02
3.670686249999999973e+02
3.376787500000000364e+02
3.144278749999999718e+02
2.952779999999999632e+02
2.795096250000000282e+02
2.570312500000000000e+02
2.322898750000000518e+02
2.135923749999999757e+02
1.989343749999999886e+02
1.867118750000000205e+02
1.766713749999999834e+02
1.682943750000000023e+02
1.607813749999999970e+02
1.540870000000000175e+02
1.482504999999999882e+02
1.429912500000000080e+02
1.382371249999999918e+02
1.321835000000000093e+02
1.250917499999999905e+02
1.190640000000000214e+02
1.139134999999999991e+02
1.100246250000000146e+02
1.076981249999999903e+02
1.047073749999999990e+02
1.011691250000000082e+02
9.796181249999997931e+01
9.499366249999999923e+01
9.208487500000001091e+01
9.012331249999998306e+01
8.885555000000000803e+01
8.759957500000001573e+01
8.634315000000000850e+01
8.542166249999999650e+01
8.483543749999999761e+01
8.425962499999999977e+01
8.367530000000000712e+01
8.309121249999999748e+01
8.251111249999999586e+01
8.192749999999998067e+01
8.134375000000000000e+01
8.076545000000001551e+01
8.018165000000001896e+01
7.960281249999999886e+01
7.902071250000000191e+01
7.843869999999999720e+01
7.785521249999999327e+01
7.727443750000000477e+01
7.631826250000000300e+01
7.505556250000000773e+01
7.384167499999999507e+01
7.266055000000000064e+01
7.104802500000000975e+01
6.902634999999999366e+01
6.701829999999999643e+01
6.516840000000000543e+01
6.336567500000000308e+01
6.109361249999999899e+01
5.845665000000000333e+01
5.602487500000000153e+01
5.390831249999999386e+01
5.202373750000000285e+01
5.045524999999999949e+01
4.880814999999999770e+01
4.703258749999999822e+01
4.549652500000000543e+01
4.406838750000000715e+01
4.282747499999999263e+01
4.161537500000000023e+01
4.033811250000000825e+01
3.910739999999999839e+01
3.796112500000000267e+01
3.692937499999999318e+01
3.630703749999999985e+01
3.593087500000000034e+01
3.524207499999999982e+01
3.343213749999999607e+01
3.131201250000000158e+01
2.981313749999999629e+01
2.696791250000000773e+01
2.467557499999999848e+01
2.347898750000000234e+01
2.183162500000000250e+01
2.063533749999999856e+01
2.001875000000000071e+01
1.952585000000000193e+01
1.889116250000000008e+01
1.847996249999999918e+01
1.736928749999999866e+01
1.579904999999999937e+01
1.457102500000000234e+01
1.356237499999999940e+01
1.298821249999999772e+01
1.258843749999999950e+01
1.214910000000000068e+01
1.181468750000000156e+01
1.152142499999999892e+01
1.121310000000000073e+01
1.089211249999999964e+01
1.050068750000000151e+01
1.022023749999999964e+01
1.002238750000000067e+01
9.789730000000000487e+00
9.492516249999999545e+00
9.080326249999998822e+00
8.647801250000000550e+00
8.275869999999999393e+00
8.025126249999999573e+00
7.910650000000000404e+00
7.781572500000000225e+00
7.650263750000000584e+00
7.558902500000000302e+00
7.450091249999999832e+00
7.346720000000000361e+00
7.210790000000000255e+00
7.112325000000000230e+00
7.038436250000000172e+00
6.958889999999999354e+00
6.836990000000000123e+00
6.720239999999999547e+00
6.620379999999999932e+00
6.514834999999999710e+00
6.402504999999999669e+00
6.325467500000001131e+00
6.245472499999999094e+00
6.167787499999999312e+00
6.095788750000000533e+00
5.912602500000000205e+00
5.712538750000000221e+00
5.565507499999998942e+00
5.432852500000000973e+00
5.294422499999999587e+00
5.128833750000000968e+00
4.996512499999999690e+00
4.907448750000000359e+00
4.758952500000000363e+00
4.528622499999999995e+00
4.330208749999999718e+00
4.197998750000000001e+00
4.098577499999999318e+00
4.035307499999999159e+00
3.621286250000000262e+00
3.239011250000000786e+00
3.151001250000000642e+00
3.088449999999999918e+00
2.981223749999999839e+00
2.769946249999999832e+00
2.620371249999999819e+00
2.233971249999999742e+00
1.842800000000000216e+00
1.747572499999999973e+00
1.604308749999999728e+00
1.418693750000000087e+00
1.282055000000000167e+00
1.178565000000000085e+00
1.105535000000000156e+00
9.631286250000000715e-01
9.124553749999999575e-01
8.897390000000000576e-01
8.469530000000000669e-01
7.782727499999999576e-01
7.225681250000000055e-01
6.149336250000000392e-01
5.268363750000000234e-01
4.776985000000000259e-01
4.184990000000000099e-01
3.442931249999999777e-01
2.902460000000000040e-01
2.635642499999999999e-01
2.225479999999999958e-01
1.877478749999999807e-01
1.784759999999999958e-01
1.696576250000000063e-01
1.581549999999999900e-01
1.500496249999999920e-01
1.478875000000000051e-01
1.462859999999999716e-01
1.437291250000000131e-01
1.298641249999999969e-01
1.131343750000000092e-01
9.974105000000001164e-02
8.952429999999998722e-02
8.548569999999999780e-02
7.663490000000000579e-02
6.977850000000000719e-02
6.736330000000000096e-02
6.468243750000000902e-02
6.224575000000000247e-02
6.000637500000000069e-02
5.854295000000000332e-02
5.755678750000000482e-02
5.390826249999999820e-02
5.054059999999999803e-02
4.713459999999999872e-02
4.263776250000000240e-02
4.040548750000000355e-02
3.927458749999999943e-02
3.849818749999999595e-02
3.760175000000000323e-02
3.537871249999999940e-02
3.212451249999999370e-02
2.879350000000000312e-02
2.650532499999999972e-02
2.530934999999999435e-02
2.428435000000000316e-02
2.345434999999999881e-02
2.200395000000000129e-02
1.899312499999999959e-02
1.466592499999999979e-02
1.250012500000000082e-02
1.074279999999999853e-02
8.725081249999998984e-03
8.231036250000000470e-03
7.268639999999999823e-03
4.718164999999999859e-03
2.866986250000000055e-03
2.102024999999999987e-03
5.870825000000000089e-04
6.004012500000000582e-04
6.206725000000000176e-04
3.330137499999999895e-04
3.511300000000000076e-04
