2.344409999999999883e+01
2.948145000000000238e+01
2.147092500000000115e+01
1.891712500000000219e+01
1.750922499999999715e+01
1.637120000000000175e+01
1.520734999999999992e+01
1.424319999999999986e+01
1.352074999999999960e+01
1.287966249999999846e+01
1.224490000000000123e+01
1.156461249999999907e+01
1.104036249999999875e+01
1.020286250000000017e+01
9.842181249999999437e+00
9.682426250000000678e+00
9.533257500000001272e+00
9.429412499999997976e+00
9.350326250000001949e+00
9.288803749999999582e+00
9.238712500000000105e+00
9.197708750000000322e+00
9.139420000000001210e+00
9.075549999999998008e+00
9.027652500000000302e+00
8.990299999999999514e+00
8.959096249999999984e+00
8.933218749999998209e+00
8.911238750000000763e+00
8.892604999999999649e+00
8.875742499999999424e+00
8.860981250000000031e+00
8.847641250000000568e+00
8.835558750000000572e+00
8.820221250000001234e+00
8.802134999999998044e+00
8.786633750000000020e+00
8.773260000000000502e+00
8.763161249999999569e+00
8.757353750000000048e+00
8.749932499999999891e+00
8.740053750000001287e+00
8.731072499999999792e+00
8.723157499999999231e+00
8.715431249999999963e+00
8.710338750000000019e+00
8.707068749999999469e+00
8.703833750000001146e+00
8.700592499999999063e+00
8.698458750000000350e+00
8.697431249999999281e+00
8.696426250000000024e+00
8.695406249999999559e+00
8.694383750000000077e+00
8.693368749999999423e+00
8.692349999999999355e+00
8.691330000000000666e+00
8.690319999999999823e+00
8.689297500000000340e+00
8.688287499999999497e+00
8.687271250000000222e+00
8.686251249999999757e+00
8.685231249999999292e+00
8.684216250000000414e+00
8.682428750000001472e+00
8.679892499999999345e+00
8.677353749999999977e+00
8.674803750000000591e+00
8.671566250000001475e+00
8.667682499999999735e+00
8.663769999999999527e+00
8.659815000000000040e+00
8.655896249999999625e+00
8.651088750000001326e+00
8.645318749999999497e+00
8.639525000000000787e+00
8.634383750000001356e+00
8.629783749999999642e+00
8.625953750000000753e+00
8.621875000000001066e+00
8.617434999999998624e+00
8.613595000000000113e+00
8.610026249999998882e+00
8.606398750000000319e+00
8.602373749999999930e+00
8.598135000000000971e+00
8.594055000000000888e+00
8.590472499999998846e+00
8.587243750000000730e+00
8.585172500000000539e+00
8.583874999999999034e+00
8.581485000000000696e+00
8.574377499999998875e+00
8.565609999999999502e+00
8.559020000000000294e+00
8.546144999999999214e+00
8.534357500000000485e+00
8.527541249999998740e+00
8.517680000000000362e+00
8.510078750000001691e+00
8.506032499999999885e+00
8.502397499999998942e+00
8.498274999999999579e+00
8.496180000000000732e+00
8.492634999999999934e+00
8.525614999999998389e+00
1.187641250000000070e+01
8.830898750000001129e+00
8.433757500000000462e+00
8.412191249999999343e+00
8.391780000000000683e+00
8.378550000000000608e+00
8.367863749999999712e+00
8.356042499999999151e+00
8.344588749999999777e+00
8.359478749999999181e+00
9.018698749999998654e+00
8.736699999999999022e+00
8.304114999999999469e+00
8.269001250000000525e+00
8.238606250000000131e+00
8.203672499999999701e+00
8.169591249999999860e+00
8.143631249999998545e+00
8.131800000000000139e+00
8.118498750000000541e+00
8.105050000000000310e+00
8.095816250000000380e+00
8.084546249999998935e+00
8.072427499999999867e+00
8.061423749999999444e+00
8.066974999999999341e+00
8.096411250000000948e+00
8.325793749999998994e+00
4.432311250000000769e+01
1.748053749999999695e+01
8.475259999999998684e+00
8.218812499999998522e+00
8.114945000000000519e+00
8.074397500000001671e+00
8.043005000000000848e+00
8.012172500000001918e+00
7.987487499999999407e+00
7.936269999999999492e+00
7.887912500000000549e+00
7.854273749999999943e+00
7.819656249999999531e+00
7.783666249999999565e+00
7.742431250000000098e+00
7.705241250000000264e+00
7.678622499999999462e+00
7.633882500000000348e+00
7.558380000000000543e+00
7.485223750000000287e+00
7.429187500000001165e+00
7.387049999999999450e+00
7.360463750000000083e+00
7.374579999999999913e+00
6.935353749999999984e+00
6.880019999999999136e+00
6.853522499999999518e+00
7.099251250000000013e+00
6.593584999999999141e+00
6.461238749999999698e+00
6.657090000000000174e+00
6.520298749999999366e+00
5.672612499999999613e+00
5.583059999999999690e+00
6.606892499999998947e+00
1.367308750000000117e+01
5.553031250000000085e+00
7.109308749999999399e+00
5.190204999999999735e+00
4.934118749999999665e+00
4.764641250000000383e+00
5.205092500000000122e+00
1.213843750000000021e+01
1.846381249999999952e+01
9.713915000000000077e+00
1.113845000000000063e+01
9.809003750000000466e+00
8.363536249999999228e+00
8.116894999999999527e+00
7.611128750000000664e+00
7.644409999999999705e+00
7.724746250000000813e+00
7.818161250000000173e+00
7.855227499999998919e+00
7.898785000000000167e+00
7.983830000000000204e+00
8.043770000000000309e+00
8.077989999999999782e+00
8.111921249999999972e+00
8.161729999999998597e+00
8.348818749999999511e+00
8.427694999999999936e+00
8.472791250000000218e+00
8.485477500000000006e+00
8.322066250000000664e+00
8.133224999999999483e+00
7.995989999999999931e+00
7.934485000000000454e+00
7.859757499999999730e+00
7.770382500000000192e+00
7.651453749999999943e+00
7.545049999999999812e+00
7.472987499999999450e+00
7.336469999999998493e+00
7.230418750000000117e+00
7.125098749999999370e+00
6.946225000000000982e+00
6.811110000000000220e+00
6.744411249999999747e+00
6.698580000000000645e+00
6.646952499999999375e+00
6.524464999999999293e+00
6.341796249999999802e+00
6.154793750000001396e+00
6.014057499999999834e+00
5.911338749999999642e+00
5.828240000000000087e+00
5.760950000000000237e+00
5.643363749999999790e+00
5.331472500000000281e+00
4.844044999999999490e+00
4.524525000000000574e+00
4.307680000000000398e+00
3.941230000000000011e+00
3.793683749999999577e+00
3.852805000000000035e+00
4.050855000000000317e+00
4.213972499999999677e+00
4.222631249999999170e+00
1.022029999999999994e+00
1.011516250000000117e+00
9.946850000000000414e-01
4.781774999999999776e-01
4.641012500000000207e-01
