1.346689999999999898e+01
1.760132499999999922e+01
1.335532499999999878e+01
1.208061249999999909e+01
1.140563750000000098e+01
1.088048749999999920e+01
1.036832499999999868e+01
9.966657500000000169e+00
9.684242500000001641e+00
9.449793750000001324e+00
9.233520000000002170e+00
9.025147500000000989e+00
8.881218750000000384e+00
8.692791249999999081e+00
8.625842499999999191e+00
8.601031250000000128e+00
8.579961249999998429e+00
8.566644999999999399e+00
8.557259999999999422e+00
8.550420000000000798e+00
8.545133749999999750e+00
8.541022500000000406e+00
8.535478749999999337e+00
8.529776250000001170e+00
8.525748749999999987e+00
8.522741249999999269e+00
8.520303750000000065e+00
8.518331249999999244e+00
8.516664999999999708e+00
8.515257499999998814e+00
8.513983750000001294e+00
8.512868749999999096e+00
8.511850000000000804e+00
8.510916250000001071e+00
8.509688750000000468e+00
8.508198750000001809e+00
8.506862500000000438e+00
8.505643750000000836e+00
8.504725000000000534e+00
8.504162500000001401e+00
8.503387499999998766e+00
8.502356250000001836e+00
8.501366250000000235e+00
8.500429999999999708e+00
8.499499999999999389e+00
8.498829999999999885e+00
8.498391250000000952e+00
8.497953750000000639e+00
8.497517500000000723e+00
8.497218750000000043e+00
8.497049999999999770e+00
8.496890000000000498e+00
8.496727499999998656e+00
8.496560000000000556e+00
8.496399999999999508e+00
8.496236249999999046e+00
8.496070000000001343e+00
8.495910000000000295e+00
8.495743749999999039e+00
8.495580000000002130e+00
8.495419999999997529e+00
8.495255000000000223e+00
8.495091249999997984e+00
8.494928749999997919e+00
8.494641250000000809e+00
8.494233749999999361e+00
8.493825000000001069e+00
8.493415000000000603e+00
8.492823749999999450e+00
8.492061249999999006e+00
8.491288749999998942e+00
8.490508750000000049e+00
8.489734999999997811e+00
8.488685000000000258e+00
8.487341250000000059e+00
8.485986249999999842e+00
8.484663749999999283e+00
8.483417499999999833e+00
8.482383750000000333e+00
8.481116249999999468e+00
8.479617499999999808e+00
8.478321250000000475e+00
8.477118749999998926e+00
8.475892500000000496e+00
8.474537500000000279e+00
8.473105000000000331e+00
8.471723749999998887e+00
8.470306250000000148e+00
8.468905000000001237e+00
8.468007499999998799e+00
8.467443750000001046e+00
8.466404999999999959e+00
8.463321249999999907e+00
8.459258750000000049e+00
8.455845000000000056e+00
8.448886250000001041e+00
8.441972500000000323e+00
8.437561250000001678e+00
8.430773750000000177e+00
8.425031249999999972e+00
8.421675000000000466e+00
8.418660000000000920e+00
8.414786250000000578e+00
8.412283750000002058e+00
8.405018749999999983e+00
8.392042499999998739e+00
8.379736250000000553e+00
8.363773750000000007e+00
8.350978749999999451e+00
8.341873750000001309e+00
8.329735000000001222e+00
8.319927500000000364e+00
8.311325000000000074e+00
8.300891249999999388e+00
8.288696249999999210e+00
8.272353749999998840e+00
8.259313750000000454e+00
8.249969999999999359e+00
8.237902499999998795e+00
8.220273750000000490e+00
8.194707499999999811e+00
8.161462500000000730e+00
8.127363749999998888e+00
8.099931249999999139e+00
8.086788750000001968e+00
8.071146249999999966e+00
8.054357500000000059e+00
8.041855000000001752e+00
8.025011250000000373e+00
8.001787500000000719e+00
7.962712500000000304e+00
7.922117500000000589e+00
7.874508750000000390e+00
7.762822499999999515e+00
7.684334999999999916e+00
8.645476249999999752e+00
8.193631249999999255e+00
8.100425000000001319e+00
8.047068749999999326e+00
8.021388749999999845e+00
7.998996250000000252e+00
7.975323750000000267e+00
7.954947499999999394e+00
7.909825000000000550e+00
7.865331249999998775e+00
7.833441249999999911e+00
7.800246249999999826e+00
7.765559999999999796e+00
7.725530000000000008e+00
7.689231249999999740e+00
7.663194999999999979e+00
7.619414999999999161e+00
7.545268750000000857e+00
7.473229999999999151e+00
7.417923749999999927e+00
7.376332500000000181e+00
7.350084999999999091e+00
7.148033749999998854e+00
6.928298750000000616e+00
6.872101250000000050e+00
6.827803750000001060e+00
6.753501250000000233e+00
6.589178750000000306e+00
6.457469999999999821e+00
6.146831249999999969e+00
5.801388749999999206e+00
5.669620000000000992e+00
5.391988749999999442e+00
5.448032500000000056e+00
1.204795000000000016e+01
5.548810000000000464e+00
6.431072499999999970e+00
5.086729999999999308e+00
4.890866250000000193e+00
4.751473749999999718e+00
4.791946250000000518e+00
1.119235000000000113e+01
1.772208750000000066e+01
9.168546250000000342e+00
1.063652500000000067e+01
9.307182499999999692e+00
7.975419999999999732e+00
7.794928750000000406e+00
7.361023750000000199e+00
7.438943749999999966e+00
7.558850000000001401e+00
7.679312499999999098e+00
7.724498750000000413e+00
7.775257500000000377e+00
7.871502500000000069e+00
7.937832500000000735e+00
7.975647500000000889e+00
8.012573749999999606e+00
8.066142499999999771e+00
8.260623749999998822e+00
8.343351249999999553e+00
8.391281250000000469e+00
8.406496250000001780e+00
8.244547499999999474e+00
8.054907500000000553e+00
7.915696249999999878e+00
7.852629999999999555e+00
7.776403750000000059e+00
7.645876250000000596e+00
7.334341249999999590e+00
7.079878750000000664e+00
6.906868750000000112e+00
6.656757500000000327e+00
6.489108749999999759e+00
6.337012500000000159e+00
6.108298750000000332e+00
5.946643750000000672e+00
5.869425000000000558e+00
5.816527499999999407e+00
5.757868750000000091e+00
5.604461250000000838e+00
5.349258749999999729e+00
5.059091249999999818e+00
4.804448750000000601e+00
4.645863750000000181e+00
4.535842500000000221e+00
4.446751250000000155e+00
4.291062499999999780e+00
3.860876249999999565e+00
3.171298750000000055e+00
2.590681249999999824e+00
2.237478750000000183e+00
1.839091249999999844e+00
1.698608750000000001e+00
1.754768749999999766e+00
1.982763749999999936e+00
2.200693750000000115e+00
2.248084999999999667e+00
5.341750000000000664e-01
5.243275000000000574e-01
5.083087499999999759e-01
2.357724999999999960e-01
2.224275000000000002e-01
