9.977187500000001208e+00
1.188013750000000002e+01
8.115604999999998626e+00
6.836494999999999322e+00
6.103587499999999721e+00
5.490711250000000376e+00
4.838993749999999316e+00
4.276540000000000674e+00
3.836506250000000229e+00
3.429877499999999912e+00
3.011371250000000277e+00
2.539466250000000258e+00
2.159142499999999742e+00
1.510073750000000103e+00
1.216336249999999897e+00
1.081400000000000139e+00
9.532983750000000311e-01
8.627691250000000256e-01
7.930648750000000025e-01
7.383834999999999704e-01
6.935777499999998819e-01
6.566867499999999858e-01
6.039414999999999090e-01
5.457727499999999177e-01
5.019041249999999232e-01
4.675612500000000393e-01
4.387911249999999486e-01
4.148865000000001024e-01
3.945740000000000358e-01
3.773466250000000466e-01
3.617574999999999541e-01
3.481142500000000140e-01
3.357915000000000205e-01
3.246431249999999769e-01
3.105318750000000128e-01
2.939360000000000306e-01
2.797718750000000032e-01
2.676173750000000462e-01
2.584388750000000123e-01
2.531942500000000096e-01
2.465448749999999967e-01
2.376974999999999782e-01
2.297065000000000357e-01
2.227308750000000226e-01
2.159311250000000015e-01
2.115091249999999923e-01
2.086808750000000157e-01
2.058790000000000064e-01
2.030758749999999890e-01
2.012411249999999929e-01
2.003813750000000005e-01
1.995363750000000158e-01
1.986791249999999842e-01
1.978222500000000328e-01
1.969710000000000072e-01
1.961148750000000218e-01
1.952585000000000293e-01
1.944101249999999892e-01
1.935533749999999997e-01
1.927042500000000214e-01
1.918502500000000277e-01
1.909963749999999960e-01
1.901402499999999829e-01
1.892881250000000015e-01
1.877891250000000012e-01
1.856592499999999979e-01
1.835275000000000101e-01
1.813882500000000009e-01
1.787418749999999945e-01
1.756241250000000198e-01
1.724831249999999871e-01
1.693081249999999760e-01
1.661613749999999723e-01
1.624036249999999959e-01
1.579768749999999888e-01
1.535376249999999831e-01
1.497220000000000217e-01
1.463641250000000116e-01
1.435698749999999857e-01
1.407601250000000137e-01
1.378188750000000073e-01
1.352744999999999920e-01
1.329077499999999912e-01
1.305037500000000017e-01
1.278372500000000134e-01
1.250276250000000033e-01
1.223317499999999891e-01
1.201655000000000084e-01
1.183389999999999997e-01
1.171668750000000037e-01
1.164325000000000082e-01
1.150796250000000048e-01
1.110570000000000029e-01
1.063493749999999960e-01
1.031753749999999997e-01
9.725666249999999347e-02
9.238647500000000956e-02
8.998147499999999133e-02
8.690678749999999897e-02
8.504713750000000849e-02
8.435717500000000646e-02
8.373786249999999598e-02
8.348962499999998399e-02
8.389403750000000437e-02
8.761773750000000083e-02
1.335732500000000045e-01
3.496680000000000454e+00
4.671266249999999620e-01
8.278057499999999513e-02
7.031844999999999068e-02
6.204374999999999474e-02
5.862221249999999967e-02
5.653640000000000054e-02
5.515300000000000064e-02
5.589374999999999899e-02
8.712451250000000091e-02
7.593867500000001103e-01
4.867311250000000422e-01
6.621093749999999722e-02
4.872654999999999348e-02
4.389785000000000215e-02
4.220772500000000149e-02
4.222795000000000021e-02
4.370270000000000404e-02
4.501083749999999772e-02
4.735228749999999959e-02
5.069281250000000349e-02
5.396028750000000235e-02
5.953358750000000560e-02
7.064006249999998932e-02
9.871217500000001310e-02
1.448572499999999930e-01
2.219023750000000128e-01
5.629741249999999919e-01
3.663877500000000254e+01
8.835051250000001133e+00
2.816265000000000018e-01
1.183872499999999856e-01
6.787473750000000416e-02
5.301120000000000831e-02
4.400641250000000143e-02
3.685206249999999767e-02
3.253868749999999643e-02
2.644505000000000119e-02
2.258208750000000042e-02
2.083524999999999960e-02
1.940959999999999908e-02
1.810557499999999875e-02
1.689875000000000058e-02
1.600808750000000044e-02
1.542843750000000118e-02
1.446951250000000008e-02
1.311133750000000042e-02
1.199476250000000056e-02
1.126502500000000143e-02
1.071626250000000044e-02
1.037820000000000062e-02
2.265451250000000138e-01
7.050871249999999223e-03
7.922722500000001569e-03
2.571760000000000018e-02
3.457505000000000162e-01
4.406583749999999113e-03
3.768098750000000580e-03
5.102605000000000057e-01
7.189071249999999802e-01
2.990426249999999890e-03
1.910687500000000094e-01
1.158862499999999907e+00
1.625141250000000204e+00
4.221961250000000505e-03
6.782366249999999264e-01
1.034769249999999974e-01
4.325427500000000175e-02
1.316978749999999851e-02
4.131478749999999422e-01
9.460954999999998671e-01
7.417007499999999087e-01
5.453733750000000491e-01
5.019272500000000470e-01
5.018158749999999113e-01
3.881166250000000484e-01
3.219662500000000094e-01
2.501048750000000043e-01
2.054672500000000179e-01
1.658943750000000106e-01
1.388484999999999858e-01
1.307308749999999686e-01
1.235258749999999933e-01
1.123271250000000138e-01
1.059377499999999972e-01
1.023437499999999972e-01
9.934586250000000673e-02
9.559061250000000509e-02
8.819559999999998512e-02
8.434396249999999429e-02
8.151080000000000825e-02
7.897945000000000659e-02
7.751881250000000612e-02
7.831487500000000601e-02
8.029132499999999673e-02
8.185372500000000218e-02
8.335337499999999344e-02
7.689819999999999989e-02
6.148952499999999627e-02
5.803149999999999975e-02
5.687341249999999793e-02
5.570202500000000223e-02
5.508918750000000447e-02
5.440087499999999437e-02
5.337166250000000001e-02
5.278441249999999557e-02
5.250409999999999799e-02
5.215857499999999869e-02
5.167756250000000301e-02
5.037892499999999801e-02
4.829496249999999657e-02
4.608547500000000074e-02
4.432157500000000194e-02
4.310112499999999708e-02
4.216037499999999300e-02
4.139861250000000104e-02
4.006741250000000337e-02
3.729633749999999859e-02
3.304922500000000152e-02
3.105427499999999924e-02
2.941427500000000014e-02
2.186317500000000205e-02
1.296708750000000014e-02
7.243315000000000170e-03
2.227446249999999982e-03
8.320998749999999628e-04
8.505598750000000537e-04
2.952587499999999960e-04
3.105074999999999676e-04
3.278975000000000162e-04
1.750687499999999965e-04
1.783350000000000061e-04
