1.101156250000000000e+03
1.311136250000000018e+03
8.956276249999999663e+02
7.544406249999999545e+02
6.735398750000000518e+02
6.058862500000000182e+02
5.339415000000000191e+02
4.718477499999999623e+02
4.232643750000000296e+02
3.783650000000000091e+02
3.321492499999999950e+02
2.800277499999999691e+02
2.380108750000000271e+02
1.662446249999999850e+02
1.337318750000000023e+02
1.187711249999999836e+02
1.045596249999999969e+02
9.450176249999998390e+01
8.674378749999999627e+01
8.065014999999999645e+01
7.565342499999999859e+01
7.153416249999999366e+01
6.563111250000000041e+01
5.910446249999999679e+01
5.416716249999999633e+01
5.029161249999999939e+01
4.703392499999999643e+01
4.431879999999999598e+01
4.200545000000000329e+01
4.003806249999999523e+01
3.825333750000000066e+01
3.668625000000000114e+01
3.526731250000000273e+01
3.398010000000000019e+01
3.234458750000000293e+01
3.041363750000000010e+01
2.875799999999999557e+01
2.732950000000000301e+01
2.625078750000000127e+01
2.563159999999999883e+01
2.484161250000000010e+01
2.379052499999999881e+01
2.283771249999999853e+01
2.200197499999999806e+01
2.118649999999999878e+01
2.065293750000000017e+01
2.031102499999999722e+01
1.997232499999999789e+01
1.963348750000000109e+01
1.941111250000000155e+01
1.930591249999999803e+01
1.920256249999999554e+01
1.909772500000000051e+01
1.899291250000000275e+01
1.888881250000000023e+01
1.878407500000000141e+01
1.867932499999999862e+01
1.857556250000000020e+01
1.847078750000000014e+01
1.836691249999999798e+01
1.826246250000000160e+01
1.815801249999999811e+01
1.805332499999999740e+01
1.794908750000000097e+01
1.776568750000000207e+01
1.750521250000000251e+01
1.724443750000000009e+01
1.698280000000000101e+01
1.665662499999999824e+01
1.627037500000000136e+01
1.588124999999999964e+01
1.548789999999999978e+01
1.509803750000000022e+01
1.462998749999999859e+01
1.407652500000000018e+01
1.352133749999999779e+01
1.304152500000000003e+01
1.261803749999999980e+01
1.226557499999999834e+01
1.188460000000000072e+01
1.146628749999999997e+01
1.110439999999999827e+01
1.076792500000000175e+01
1.046770000000000067e+01
1.016726249999999965e+01
9.850706249999999997e+00
9.546386250000001183e+00
9.282357499999999817e+00
9.046883749999999225e+00
8.895768750000000225e+00
8.801054999999999851e+00
8.626652500000000501e+00
8.108022499999998800e+00
7.498646250000001068e+00
7.084081249999999663e+00
6.304868750000000688e+00
5.651138750000000321e+00
5.296654999999999447e+00
4.822593750000000234e+00
4.472591249999999796e+00
4.296647500000000619e+00
4.160926249999999271e+00
3.986172499999999896e+00
3.872955000000000148e+00
3.573704999999999909e+00
3.192051250000000007e+00
3.025242500000000501e+00
3.951500000000000234e+00
1.441767500000000091e+01
1.026802500000000009e+02
4.801395000000000302e+00
2.357477499999999893e+00
1.835740000000000149e+00
1.529031250000000064e+00
1.312317500000000026e+00
1.129150000000000098e+00
1.010066249999999943e+00
9.415488750000000628e-01
8.636701250000000663e-01
7.720134999999999081e-01
6.641478749999999431e-01
5.556274999999999409e-01
4.774665000000000159e-01
4.321523750000000330e-01
4.159201249999999739e-01
4.009933749999999852e-01
3.923833750000000342e-01
3.892038749999999769e-01
3.961718750000000067e-01
4.344798749999999599e-01
7.308827500000000255e-01
1.410397500000000015e+01
1.659982499999999916e+01
1.557155000000000067e+00
3.242542499999999706e+01
6.550657499999999800e+00
4.777291249999999767e-01
3.024907499999999749e-01
2.413372499999999754e-01
2.216532499999999684e-01
2.113039999999999918e-01
2.113068750000000051e-01
2.311969999999999859e-01
8.769777500000000003e+00
2.814752500000000102e-01
1.423379999999999923e-01
1.067252499999999937e-01
9.038300000000000500e-02
7.836616250000000283e-02
7.074584999999999901e-02
6.677213749999999504e-02
6.366625000000000756e-02
8.368044999999998956e-02
2.082042500000000018e+01
5.890439999999999010e-01
7.325208750000000713e-02
5.126969999999999444e-02
6.170729999999999826e+00
3.228996250000000146e+01
3.122194999999999965e+01
3.053461250000000504e+01
2.940841250000000429e+01
2.677708750000000038e+01
2.446395000000000408e+01
1.990763749999999987e+01
1.526918749999999925e+01
1.427781249999999957e+01
1.266642500000000027e+01
1.061129999999999995e+01
9.167623750000000626e+00
8.134832500000001687e+00
7.701809999999999157e+00
6.813245000000000218e+00
6.329417499999999919e+00
6.021531249999999780e+00
5.441397499999998999e+00
4.765327499999999716e+00
4.343228749999999749e+00
3.705452500000000260e+00
2.910201250000000073e+00
2.520702499999999624e+00
2.164738750000000156e+00
1.740414999999999823e+00
1.441446249999999818e+00
1.201307499999999973e+00
1.031253750000000302e+00
9.022682500000001049e-01
8.613936250000000516e-01
8.216007499999999908e-01
7.276528749999999768e-01
6.661652499999999311e-01
6.405190000000000605e-01
6.165944999999999343e-01
5.831877499999998937e-01
5.022112499999999979e-01
4.460056250000000166e-01
3.855023750000000082e-01
2.559622500000000023e-01
1.718105000000000049e-01
1.364404999999999923e-01
1.196232500000000004e-01
1.133721250000000041e-01
1.064183750000000095e-01
9.772482499999998740e-02
8.914355000000000195e-02
8.332779999999999354e-02
7.982000000000000206e-02
7.417201250000000912e-02
7.005958750000000623e-02
6.666773750000000442e-02
6.155013750000000450e-02
5.809693750000000795e-02
5.652338750000000106e-02
5.550208750000000524e-02
5.438518749999998736e-02
5.188666249999999980e-02
4.835746249999999663e-02
4.507690000000000308e-02
4.277582499999999649e-02
4.108213750000000442e-02
3.969190000000000218e-02
3.864187499999999914e-02
3.695062500000000083e-02
3.239818750000000164e-02
2.508056250000000043e-02
2.000436250000000096e-02
1.693071250000000028e-02
1.005720499999999962e-02
4.843077500000000923e-03
2.763243749999999901e-03
1.430508749999999862e-03
1.100967500000000175e-03
9.915383749999999441e-04
2.473978749999999763e-04
2.505476249999999947e-04
2.575312500000000019e-04
1.395125000000000098e-04
1.505037500000000038e-04
