3.157911250000000081e+01
4.231521250000000123e+01
3.285237500000000210e+01
3.009456250000000210e+01
2.865661250000000138e+01
2.755083750000000009e+01
2.648433749999999876e+01
2.565553749999999766e+01
2.507660000000000267e+01
2.459752500000000097e+01
2.415578749999999886e+01
2.372876250000000198e+01
2.343155000000000143e+01
2.302846250000000339e+01
2.287392499999999984e+01
2.280814999999999770e+01
2.274466249999999690e+01
2.269717500000000143e+01
2.265751249999999928e+01
2.262314999999999898e+01
2.259194999999999709e+01
2.256313749999999629e+01
2.251624999999999943e+01
2.245390000000000086e+01
2.239528749999999491e+01
2.233892499999999615e+01
2.228396249999999768e+01
2.223006249999999540e+01
2.217713749999999706e+01
2.212489999999999668e+01
2.207307500000000289e+01
2.202194999999999681e+01
2.197128750000000252e+01
2.192082500000000067e+01
2.184752500000000097e+01
2.174887499999999818e+01
2.165181249999999835e+01
2.155529999999999902e+01
2.148242499999999922e+01
2.143518750000000139e+01
2.136535000000000295e+01
2.127243750000000233e+01
2.117970000000000397e+01
2.108843750000000128e+01
2.099757500000000121e+01
2.092996250000000202e+01
2.088504999999999967e+01
2.084061249999999887e+01
2.079610000000000269e+01
2.076519999999999655e+01
2.074788750000000093e+01
2.073086249999999708e+01
2.071358749999999915e+01
2.069632500000000164e+01
2.067917500000000075e+01
2.066192500000000010e+01
2.064468749999999986e+01
2.062760000000000105e+01
2.061033749999999642e+01
2.059323749999999720e+01
2.057603750000000176e+01
2.055882499999999879e+01
2.054159999999999897e+01
2.052443749999999767e+01
2.049423749999999700e+01
2.045133750000000106e+01
2.040840000000000387e+01
2.036531250000000171e+01
2.030260000000000176e+01
2.022115000000000151e+01
2.013908749999999870e+01
2.005616249999999923e+01
1.997396249999999895e+01
1.986296249999999830e+01
1.972114999999999796e+01
1.957842500000000285e+01
1.944082500000000024e+01
1.931241250000000065e+01
1.920553749999999482e+01
1.907663749999999681e+01
1.892599999999999838e+01
1.879565000000000197e+01
1.867441249999999897e+01
1.855549999999999855e+01
1.842692500000000067e+01
1.829141249999999985e+01
1.816072499999999934e+01
1.803201250000000044e+01
1.790790000000000148e+01
1.782826250000000101e+01
1.777832499999999882e+01
1.768639999999999901e+01
1.741303749999999795e+01
1.706654999999999944e+01
1.679261250000000061e+01
1.625143750000000153e+01
1.574406249999999829e+01
1.543966250000000073e+01
1.499559999999999782e+01
1.463928749999999823e+01
1.444309999999999938e+01
1.427684999999999960e+01
1.406278749999999889e+01
1.392411250000000145e+01
1.353434999999999988e+01
1.289960000000000129e+01
1.233557500000000040e+01
1.164182499999999898e+01
1.091382499999999922e+01
1.174647500000000022e+01
1.106492499999999701e+01
1.065569999999999951e+01
1.039023749999999957e+01
1.011087500000000006e+01
9.818123749999999816e+00
9.474072499999998342e+00
9.218257499999998217e+00
9.049383750000000504e+00
8.844762499999999861e+00
8.574856249999999847e+00
8.225462499999999011e+00
7.831206249999999258e+00
7.494150000000000311e+00
7.260772499999999852e+00
7.160340000000000593e+00
7.049701250000000030e+00
6.940897499999999276e+00
6.865826249999999575e+00
6.771341249999999867e+00
6.652928749999999170e+00
6.450023749999999723e+00
6.222433749999999542e+00
6.868848749999999725e+00
6.409394999999999953e+00
6.217376250000000049e+00
6.895087499999998926e+00
6.410871249999999577e+00
6.249808749999999691e+00
6.124672499999999964e+00
6.050733750000000022e+00
5.977540000000000298e+00
5.892640000000000100e+00
5.808791250000000517e+00
5.776573750000000729e+00
5.677592500000001152e+00
5.525171249999999645e+00
5.405883750000000099e+00
5.298782500000000617e+00
5.185231250000000180e+00
5.087327499999998892e+00
5.020136250000000189e+00
4.912910000000000110e+00
4.713578749999999928e+00
5.777773749999998820e+00
5.054453749999999523e+00
4.699930000000000163e+00
4.624387500000000095e+00
5.339061250000000314e+00
1.361106249999999918e+01
1.354299999999999926e+01
1.349822499999999970e+01
1.342395000000000138e+01
1.325042500000000167e+01
1.309707500000000202e+01
1.263286249999999811e+01
1.202112499999999784e+01
1.184798749999999856e+01
1.154628750000000004e+01
1.110963749999999806e+01
1.070941249999999911e+01
1.041453749999999978e+01
1.026162500000000044e+01
9.941267500000000368e+00
9.742477499999999679e+00
9.607327499999998466e+00
9.352679999999997662e+00
9.021920000000001494e+00
8.792312499999999531e+00
8.394866249999999752e+00
7.815184999999999604e+00
7.473782500000000439e+00
7.099672499999999609e+00
6.591260000000000119e+00
6.175994999999999457e+00
5.821922500000000333e+00
5.552751250000000027e+00
5.345727500000000632e+00
5.279436249999999831e+00
5.213909999999999378e+00
5.039481249999999690e+00
4.919637500000000330e+00
4.870702499999999269e+00
4.823967500000000186e+00
4.757398750000000121e+00
4.681152499999999606e+00
4.610248750000000229e+00
4.541862500000000580e+00
4.288127499999999870e+00
4.177827499999999361e+00
4.202185000000000059e+00
4.241537499999999739e+00
4.260308750000000089e+00
4.284226249999999681e+00
4.307073749999999812e+00
4.344472499999999293e+00
4.381402500000000089e+00
4.405243750000000347e+00
4.453582500000000444e+00
4.489110000000000156e+00
4.522046249999999823e+00
4.575272499999999631e+00
4.610236249999999814e+00
4.625979999999999315e+00
4.636495000000000033e+00
4.646905000000000285e+00
4.666926250000000387e+00
4.681506249999999980e+00
4.685287499999999383e+00
4.688101249999999887e+00
4.676159999999999428e+00
4.657633749999999573e+00
4.643227500000000063e+00
4.619232499999999852e+00
4.495548750000000204e+00
4.145776249999999941e+00
3.803168749999999765e+00
3.559768749999999926e+00
2.938240000000000407e+00
2.410327500000000178e+00
2.193824999999999914e+00
2.178381249999999714e+00
2.450868749999999707e+00
2.741238749999999946e+00
7.259675000000000988e-01
7.297287500000000371e-01
7.278412499999999952e-01
3.536900000000000044e-01
3.414849999999999830e-01
