1.132735000000000127e+03
1.353449999999999818e+03
9.284800000000000182e+02
7.845352500000001328e+02
7.021962500000000773e+02
6.334370000000000118e+02
5.604258750000000191e+02
4.975031250000000682e+02
4.483408749999999259e+02
4.029625000000000341e+02
3.563048749999999814e+02
3.037567500000000109e+02
2.614423750000000268e+02
1.892732500000000186e+02
1.566058750000000259e+02
1.415793749999999989e+02
1.273046249999999873e+02
1.171988750000000010e+02
1.094014999999999986e+02
1.032733750000000015e+02
9.824537499999999568e+01
9.409731249999998681e+01
8.814737499999998249e+01
8.155837499999999807e+01
7.656244999999999834e+01
7.263052499999999156e+01
6.931789999999999452e+01
6.654886249999999848e+01
6.418256249999998886e+01
6.216294999999999504e+01
6.032640000000000668e+01
5.870819999999999794e+01
5.723858750000000128e+01
5.590093749999999773e+01
5.419207500000000266e+01
5.216249999999999432e+01
5.040979999999999706e+01
4.888478750000000161e+01
4.773321250000000049e+01
4.706677499999999270e+01
4.620696249999999594e+01
4.506296249999999759e+01
4.401741249999999894e+01
4.309038749999999851e+01
4.218411249999999768e+01
4.158286249999999740e+01
4.119608750000000441e+01
4.081293749999999676e+01
4.042959999999999354e+01
4.017630000000000479e+01
4.005377499999999458e+01
3.993343749999999659e+01
3.981128750000000593e+01
3.968922500000000042e+01
3.956797500000000412e+01
3.944601249999999482e+01
3.932401250000000203e+01
3.920313749999999686e+01
3.908112500000000011e+01
3.896014999999999873e+01
3.883847500000000252e+01
3.871684999999999377e+01
3.859488749999999868e+01
3.847352500000000219e+01
3.825993749999999949e+01
3.795653749999999604e+01
3.765286249999999768e+01
3.734810000000000230e+01
3.695921249999999958e+01
3.649151249999999891e+01
3.602035000000000053e+01
3.554404999999999859e+01
3.507199999999999562e+01
3.449296249999999731e+01
3.379769999999999186e+01
3.309975000000000023e+01
3.248238750000000152e+01
3.193045000000000044e+01
3.147111250000000027e+01
3.096123749999999575e+01
3.039227499999999793e+01
2.990005000000000024e+01
2.944232500000000030e+01
2.902321249999999253e+01
2.859418750000000031e+01
2.814212500000000361e+01
2.770710000000000406e+01
2.731437500000000540e+01
2.695478749999999479e+01
2.672401250000000061e+01
2.657937499999999886e+01
2.631304999999999694e+01
2.552107500000000329e+01
2.456516249999999957e+01
2.387668750000000273e+01
2.255631249999999710e+01
2.139521249999999952e+01
2.073631250000000392e+01
1.981822499999999820e+01
1.911187499999999773e+01
1.873975000000000080e+01
1.843778750000000244e+01
1.804898750000000263e+01
1.779706249999999912e+01
1.710804999999999865e+01
1.609166249999999820e+01
1.536082499999999840e+01
1.559335000000000093e+01
2.533146250000000066e+01
1.144266249999999872e+02
1.586631249999999937e+01
1.301318750000000080e+01
1.222596250000000140e+01
1.163988750000000039e+01
1.113042500000000068e+01
1.060323750000000231e+01
1.022832500000000167e+01
9.990931249999999153e+00
9.708431250000000290e+00
9.346869999999999123e+00
8.889611250000001519e+00
8.386833749999999199e+00
7.971617499999999801e+00
7.692923750000000283e+00
7.576261249999999947e+00
7.450694999999999624e+00
7.333283749999999657e+00
7.255030000000000534e+00
7.167513749999999462e+00
7.087408749999999813e+00
7.180905000000000094e+00
2.032641249999999999e+01
2.346868749999999793e+01
7.966549999999999798e+00
3.864282499999999487e+01
1.344574999999999854e+01
6.888599999999999390e+00
6.552298749999999394e+00
6.366007499999998487e+00
6.272387499999998894e+00
6.188847500000001389e+00
6.103946249999999907e+00
6.039986249999999224e+00
1.454636249999999897e+01
5.959071250000000042e+00
5.667510000000000048e+00
5.512610000000001342e+00
5.389166249999998826e+00
5.263597500000000373e+00
5.158075000000000188e+00
5.086908749999999202e+00
4.976576249999999924e+00
4.797257499999999730e+00
2.659821250000000248e+01
5.643500000000000405e+00
4.773182499999999884e+00
4.675653750000000386e+00
1.150980000000000025e+01
4.590105000000000501e+01
4.476493750000000205e+01
4.403281249999999147e+01
4.283233750000000128e+01
4.002751250000000027e+01
3.756100000000000705e+01
3.254050000000000153e+01
2.729031250000000242e+01
2.612578749999999772e+01
2.421272499999999894e+01
2.172092500000000115e+01
1.987703750000000014e+01
1.854936249999999731e+01
1.796345000000000169e+01
1.675452500000000100e+01
1.607189999999999941e+01
1.562884999999999991e+01
1.479407499999999942e+01
1.378725000000000023e+01
1.313555000000000206e+01
1.210031249999999936e+01
1.072538750000000007e+01
9.994482499999998382e+00
9.302004999999999413e+00
8.622896250000000151e+00
7.978624999999999190e+00
7.387728750000000844e+00
6.944366249999999852e+00
6.605102499999999210e+00
6.497181249999998798e+00
6.392166249999999827e+00
6.174223750000000344e+00
6.054827500000000029e+00
6.011241249999999425e+00
5.959471249999999998e+00
5.873756249999999568e+00
5.746177500000000826e+00
5.640997500000000997e+00
5.568391250000000348e+00
5.541471249999999849e+00
5.596226250000000846e+00
5.689568750000000286e+00
5.768024999999999736e+00
5.803723749999999626e+00
5.848843749999999453e+00
5.904946250000000063e+00
5.981930000000000192e+00
6.051097500000000018e+00
6.096619999999999706e+00
6.185893749999999969e+00
6.253237500000000004e+00
6.317072499999999202e+00
6.423163749999999617e+00
6.497876250000000908e+00
6.532960000000000989e+00
6.556374999999999176e+00
6.581180000000000696e+00
6.634741250000001145e+00
6.695204999999999629e+00
6.741972499999999258e+00
6.776882500000000142e+00
6.784547500000001286e+00
6.779532500000000184e+00
6.775713749999999536e+00
6.769493749999999643e+00
6.679454999999999920e+00
6.363097500000000295e+00
6.035578750000000881e+00
5.803698749999999684e+00
5.173663750000001116e+00
4.596638749999999440e+00
4.335975000000000357e+00
4.279153749999999867e+00
4.533618749999999586e+00
4.765163750000000142e+00
1.224662499999999987e+00
1.230194999999999927e+00
1.234841250000000112e+00
6.108050000000000423e-01
5.975549999999999473e-01
