-40.957452	-95.567388	182.627644	9.0	1
-13.652484	-95.567388	182.627644	9.0	2
-27.304968	-109.219872	182.627644	9.0	3
13.652484	-95.567388	182.627644	9.0	4
0.000000	-109.219872	182.627644	9.0	5
40.957452	-95.567388	182.627644	9.0	6
27.304968	-109.219872	182.627644	9.0	7
-68.262420	-68.262420	182.627644	9.0	8
-40.957452	-68.262420	182.627644	9.0	9
-54.609936	-81.914904	182.627644	9.0	10
-13.652484	-68.262420	182.627644	9.0	11
-27.304968	-81.914904	182.627644	9.0	12
13.652484	-68.262420	182.627644	9.0	13
0.000000	-81.914904	182.627644	9.0	14
40.957452	-68.262420	182.627644	9.0	15
27.304968	-81.914904	182.627644	9.0	16
68.262420	-68.262420	182.627644	9.0	17
54.609936	-81.914904	182.627644	9.0	18
-95.567388	-40.957452	182.627644	9.0	19
-68.262420	-40.957452	182.627644	9.0	20
-81.914904	-54.609936	182.627644	9.0	21
-40.957452	-40.957452	182.627644	9.0	22
-54.609936	-54.609936	182.627644	9.0	23
-13.652484	-40.957452	182.627644	9.0	24
-27.304968	-54.609936	182.627644	9.0	25
13.652484	-40.957452	182.627644	9.0	26
0.000000	-54.609936	182.627644	9.0	27
40.957452	-40.957452	182.627644	9.0	28
27.304968	-54.609936	182.627644	9.0	29
68.262420	-40.957452	182.627644	9.0	30
54.609936	-54.609936	182.627644	9.0	31
95.567388	-40.957452	182.627644	9.0	32
81.914904	-54.609936	182.627644	9.0	33
-95.567388	-13.652484	182.627644	9.0	34
-109.219872	-27.304968	182.627644	9.0	35
-68.262420	-13.652484	182.627644	9.0	36
-81.914904	-27.304968	182.627644	9.0	37
-40.957452	-13.652484	182.627644	9.0	38
-54.609936	-27.304968	182.627644	9.0	39
-13.652484	-13.652484	182.627644	9.0	40
-27.304968	-27.304968	182.627644	9.0	41
13.652484	-13.652484	182.627644	9.0	42
0.000000	-27.304968	182.627644	9.0	43
40.957452	-13.652484	182.627644	9.0	44
27.304968	-27.304968	182.627644	9.0	45
68.262420	-13.652484	182.627644	9.0	46
54.609936	-27.304968	182.627644	9.0	47
95.567388	-13.652484	182.627644	9.0	48
81.914904	-27.304968	182.627644	9.0	49
109.219872	-27.304968	182.627644	9.0	50
-95.567388	13.652484	182.627644	9.0	51
-109.219872	0.000000	182.627644	9.0	52
-68.262420	13.652484	182.627644	9.0	53
-81.914904	0.000000	182.627644	9.0	54
-40.957452	13.652484	182.627644	9.0	55
-54.609936	0.000000	182.627644	9.0	56
-13.652484	13.652484	182.627644	9.0	57
-27.304968	0.000000	182.627644	9.0	58
13.652484	13.652484	182.627644	9.0	59
0.000000	0.000000	182.627644	9.0	60
40.957452	13.652484	182.627644	9.0	61
27.304968	0.000000	182.627644	9.0	62
68.262420	13.652484	182.627644	9.0	63
54.609936	0.000000	182.627644	9.0	64
95.567388	13.652484	182.627644	9.0	65
81.914904	0.000000	182.627644	9.0	66
109.219872	0.000000	182.627644	9.0	67
-95.567388	40.957452	182.627644	9.0	68
-109.219872	27.304968	182.627644	9.0	69
-68.262420	40.957452	182.627644	9.0	70
-81.914904	27.304968	182.627644	9.0	71
-40.957452	40.957452	182.627644	9.0	72
-54.609936	27.304968	182.627644	9.0	73
-13.652484	40.957452	182.627644	9.0	74
-27.304968	27.304968	182.627644	9.0	75
13.652484	40.957452	182.627644	9.0	76
0.000000	27.304968	182.627644	9.0	77
40.957452	40.957452	182.627644	9.0	78
27.304968	27.304968	182.627644	9.0	79
68.262420	40.957452	182.627644	9.0	80
54.609936	27.304968	182.627644	9.0	81
95.567388	40.957452	182.627644	9.0	82
81.914904	27.304968	182.627644	9.0	83
109.219872	27.304968	182.627644	9.0	84
-68.262420	68.262420	182.627644	9.0	85
-81.914904	54.609936	182.627644	9.0	86
-40.957452	68.262420	182.627644	9.0	87
-54.609936	54.609936	182.627644	9.0	88
-13.652484	68.262420	182.627644	9.0	89
-27.304968	54.609936	182.627644	9.0	90
13.652484	68.262420	182.627644	9.0	91
0.000000	54.609936	182.627644	9.0	92
40.957452	68.262420	182.627644	9.0	93
27.304968	54.609936	182.627644	9.0	94
68.262420	68.262420	182.627644	9.0	95
54.609936	54.609936	182.627644	9.0	96
81.914904	54.609936	182.627644	9.0	97
-40.957452	95.567388	182.627644	9.0	98
-54.609936	81.914904	182.627644	9.0	99
-13.652484	95.567388	182.627644	9.0	100
-27.304968	81.914904	182.627644	9.0	101
13.652484	95.567388	182.627644	9.0	102
0.000000	81.914904	182.627644	9.0	103
40.957452	95.567388	182.627644	9.0	104
27.304968	81.914904	182.627644	9.0	105
54.609936	81.914904	182.627644	9.0	106
-27.304968	109.219872	182.627644	9.0	107
0.000000	109.219872	182.627644	9.0	108
27.304968	109.219872	182.627644	9.0	109
-40.957452	-95.567388	209.932612	9.0	110
-54.609936	-95.567388	196.280128	9.0	111
-13.652484	-95.567388	209.932612	9.0	112
-13.652484	-109.219872	196.280128	9.0	113
-27.304968	-95.567388	196.280128	9.0	114
-27.304968	-109.219872	209.932612	9.0	115
13.652484	-95.567388	209.932612	9.0	116
13.652484	-109.219872	196.280128	9.0	117
0.000000	-95.567388	196.280128	9.0	118
0.000000	-109.219872	209.932612	9.0	119
40.957452	-95.567388	209.932612	9.0	120
27.304968	-95.567388	196.280128	9.0	121
27.304968	-109.219872	209.932612	9.0	122
54.609936	-95.567388	196.280128	9.0	123
-68.262420	-68.262420	209.932612	9.0	124
-68.262420	-81.914904	196.280128	9.0	125
-81.914904	-68.262420	196.280128	9.0	126
-40.957452	-68.262420	209.932612	9.0	127
-40.957452	-81.914904	196.280128	9.0	128
-54.609936	-68.262420	196.280128	9.0	129
-54.609936	-81.914904	209.932612	9.0	130
-13.652484	-68.262420	209.932612	9.0	131
-13.652484	-81.914904	196.280128	9.0	132
-27.304968	-68.262420	196.280128	9.0	133
-27.304968	-81.914904	209.932612	9.0	134
13.652484	-68.262420	209.932612	9.0	135
13.652484	-81.914904	196.280128	9.0	136
0.000000	-68.262420	196.280128	9.0	137
0.000000	-81.914904	209.932612	9.0	138
40.957452	-68.262420	209.932612	9.0	139
40.957452	-81.914904	196.280128	9.0	140
27.304968	-68.262420	196.280128	9.0	141
27.304968	-81.914904	209.932612	9.0	142
68.262420	-68.262420	209.932612	9.0	143
68.262420	-81.914904	196.280128	9.0	144
54.609936	-68.262420	196.280128	9.0	145
54.609936	-81.914904	209.932612	9.0	146
81.914904	-68.262420	196.280128	9.0	147
-95.567388	-40.957452	209.932612	9.0	148
-95.567388	-54.609936	196.280128	9.0	149
-68.262420	-40.957452	209.932612	9.0	150
-68.262420	-54.609936	196.280128	9.0	151
-81.914904	-40.957452	196.280128	9.0	152
-81.914904	-54.609936	209.932612	9.0	153
-40.957452	-40.957452	209.932612	9.0	154
-40.957452	-54.609936	196.280128	9.0	155
-54.609936	-40.957452	196.280128	9.0	156
-54.609936	-54.609936	209.932612	9.0	157
-13.652484	-40.957452	209.932612	9.0	158
-13.652484	-54.609936	196.280128	9.0	159
-27.304968	-40.957452	196.280128	9.0	160
-27.304968	-54.609936	209.932612	9.0	161
13.652484	-40.957452	209.932612	9.0	162
13.652484	-54.609936	196.280128	9.0	163
0.000000	-40.957452	196.280128	9.0	164
0.000000	-54.609936	209.932612	9.0	165
40.957452	-40.957452	209.932612	9.0	166
40.957452	-54.609936	196.280128	9.0	167
27.304968	-40.957452	196.280128	9.0	168
27.304968	-54.609936	209.932612	9.0	169
68.262420	-40.957452	209.932612	9.0	170
68.262420	-54.609936	196.280128	9.0	171
54.609936	-40.957452	196.280128	9.0	172
54.609936	-54.609936	209.932612	9.0	173
95.567388	-40.957452	209.932612	9.0	174
95.567388	-54.609936	196.280128	9.0	175
81.914904	-40.957452	196.280128	9.0	176
81.914904	-54.609936	209.932612	9.0	177
-95.567388	-13.652484	209.932612	9.0	178
-95.567388	-27.304968	196.280128	9.0	179
-109.219872	-13.652484	196.280128	9.0	180
-109.219872	-27.304968	209.932612	9.0	181
-68.262420	-13.652484	209.932612	9.0	182
-68.262420	-27.304968	196.280128	9.0	183
-81.914904	-13.652484	196.280128	9.0	184
-81.914904	-27.304968	209.932612	9.0	185
-40.957452	-13.652484	209.932612	9.0	186
-40.957452	-27.304968	196.280128	9.0	187
-54.609936	-13.652484	196.280128	9.0	188
-54.609936	-27.304968	209.932612	9.0	189
-13.652484	-13.652484	209.932612	9.0	190
-13.652484	-27.304968	196.280128	9.0	191
-27.304968	-13.652484	196.280128	9.0	192
-27.304968	-27.304968	209.932612	9.0	193
13.652484	-13.652484	209.932612	9.0	194
13.652484	-27.304968	196.280128	9.0	195
0.000000	-13.652484	196.280128	9.0	196
0.000000	-27.304968	209.932612	9.0	197
40.957452	-13.652484	209.932612	9.0	198
40.957452	-27.304968	196.280128	9.0	199
27.304968	-13.652484	196.280128	9.0	200
27.304968	-27.304968	209.932612	9.0	201
68.262420	-13.652484	209.932612	9.0	202
68.262420	-27.304968	196.280128	9.0	203
54.609936	-13.652484	196.280128	9.0	204
54.609936	-27.304968	209.932612	9.0	205
95.567388	-13.652484	209.932612	9.0	206
95.567388	-27.304968	196.280128	9.0	207
81.914904	-13.652484	196.280128	9.0	208
81.914904	-27.304968	209.932612	9.0	209
109.219872	-13.652484	196.280128	9.0	210
109.219872	-27.304968	209.932612	9.0	211
-95.567388	13.652484	209.932612	9.0	212
-95.567388	0.000000	196.280128	9.0	213
-109.219872	13.652484	196.280128	9.0	214
-109.219872	0.000000	209.932612	9.0	215
-68.262420	13.652484	209.932612	9.0	216
-68.262420	0.000000	196.280128	9.0	217
-81.914904	13.652484	196.280128	9.0	218
-81.914904	0.000000	209.932612	9.0	219
-40.957452	13.652484	209.932612	9.0	220
-40.957452	0.000000	196.280128	9.0	221
-54.609936	13.652484	196.280128	9.0	222
-54.609936	0.000000	209.932612	9.0	223
-13.652484	13.652484	209.932612	9.0	224
-13.652484	0.000000	196.280128	9.0	225
-27.304968	13.652484	196.280128	9.0	226
-27.304968	0.000000	209.932612	9.0	227
13.652484	13.652484	209.932612	9.0	228
13.652484	0.000000	196.280128	9.0	229
0.000000	13.652484	196.280128	9.0	230
0.000000	0.000000	209.932612	9.0	231
40.957452	13.652484	209.932612	9.0	232
40.957452	0.000000	196.280128	9.0	233
27.304968	13.652484	196.280128	9.0	234
27.304968	0.000000	209.932612	9.0	235
68.262420	13.652484	209.932612	9.0	236
68.262420	0.000000	196.280128	9.0	237
54.609936	13.652484	196.280128	9.0	238
54.609936	0.000000	209.932612	9.0	239
95.567388	13.652484	209.932612	9.0	240
95.567388	0.000000	196.280128	9.0	241
81.914904	13.652484	196.280128	9.0	242
81.914904	0.000000	209.932612	9.0	243
109.219872	13.652484	196.280128	9.0	244
109.219872	0.000000	209.932612	9.0	245
-95.567388	40.957452	209.932612	9.0	246
-95.567388	27.304968	196.280128	9.0	247
-109.219872	27.304968	209.932612	9.0	248
-68.262420	40.957452	209.932612	9.0	249
-68.262420	27.304968	196.280128	9.0	250
-81.914904	40.957452	196.280128	9.0	251
-81.914904	27.304968	209.932612	9.0	252
-40.957452	40.957452	209.932612	9.0	253
-40.957452	27.304968	196.280128	9.0	254
-54.609936	40.957452	196.280128	9.0	255
-54.609936	27.304968	209.932612	9.0	256
-13.652484	40.957452	209.932612	9.0	257
-13.652484	27.304968	196.280128	9.0	258
-27.304968	40.957452	196.280128	9.0	259
-27.304968	27.304968	209.932612	9.0	260
13.652484	40.957452	209.932612	9.0	261
13.652484	27.304968	196.280128	9.0	262
0.000000	40.957452	196.280128	9.0	263
0.000000	27.304968	209.932612	9.0	264
40.957452	40.957452	209.932612	9.0	265
40.957452	27.304968	196.280128	9.0	266
27.304968	40.957452	196.280128	9.0	267
27.304968	27.304968	209.932612	9.0	268
68.262420	40.957452	209.932612	9.0	269
68.262420	27.304968	196.280128	9.0	270
54.609936	40.957452	196.280128	9.0	271
54.609936	27.304968	209.932612	9.0	272
95.567388	40.957452	209.932612	9.0	273
95.567388	27.304968	196.280128	9.0	274
81.914904	40.957452	196.280128	9.0	275
81.914904	27.304968	209.932612	9.0	276
109.219872	27.304968	209.932612	9.0	277
-95.567388	54.609936	196.280128	9.0	278
-68.262420	68.262420	209.932612	9.0	279
-68.262420	54.609936	196.280128	9.0	280
-81.914904	68.262420	196.280128	9.0	281
-81.914904	54.609936	209.932612	9.0	282
-40.957452	68.262420	209.932612	9.0	283
-40.957452	54.609936	196.280128	9.0	284
-54.609936	68.262420	196.280128	9.0	285
-54.609936	54.609936	209.932612	9.0	286
-13.652484	68.262420	209.932612	9.0	287
-13.652484	54.609936	196.280128	9.0	288
-27.304968	68.262420	196.280128	9.0	289
-27.304968	54.609936	209.932612	9.0	290
13.652484	68.262420	209.932612	9.0	291
13.652484	54.609936	196.280128	9.0	292
0.000000	68.262420	196.280128	9.0	293
0.000000	54.609936	209.932612	9.0	294
40.957452	68.262420	209.932612	9.0	295
40.957452	54.609936	196.280128	9.0	296
27.304968	68.262420	196.280128	9.0	297
27.304968	54.609936	209.932612	9.0	298
68.262420	68.262420	209.932612	9.0	299
68.262420	54.609936	196.280128	9.0	300
54.609936	68.262420	196.280128	9.0	301
54.609936	54.609936	209.932612	9.0	302
95.567388	54.609936	196.280128	9.0	303
81.914904	68.262420	196.280128	9.0	304
81.914904	54.609936	209.932612	9.0	305
-68.262420	81.914904	196.280128	9.0	306
-40.957452	95.567388	209.932612	9.0	307
-40.957452	81.914904	196.280128	9.0	308
-54.609936	95.567388	196.280128	9.0	309
-54.609936	81.914904	209.932612	9.0	310
-13.652484	95.567388	209.932612	9.0	311
-13.652484	81.914904	196.280128	9.0	312
-27.304968	95.567388	196.280128	9.0	313
-27.304968	81.914904	209.932612	9.0	314
13.652484	95.567388	209.932612	9.0	315
13.652484	81.914904	196.280128	9.0	316
0.000000	95.567388	196.280128	9.0	317
0.000000	81.914904	209.932612	9.0	318
40.957452	95.567388	209.932612	9.0	319
40.957452	81.914904	196.280128	9.0	320
27.304968	95.567388	196.280128	9.0	321
27.304968	81.914904	209.932612	9.0	322
68.262420	81.914904	196.280128	9.0	323
54.609936	95.567388	196.280128	9.0	324
54.609936	81.914904	209.932612	9.0	325
-13.652484	109.219872	196.280128	9.0	326
-27.304968	109.219872	209.932612	9.0	327
13.652484	109.219872	196.280128	9.0	328
0.000000	109.219872	209.932612	9.0	329
27.304968	109.219872	209.932612	9.0	330
-40.957452	-95.567388	237.237580	9.0	331
-54.609936	-95.567388	223.585096	9.0	332
-13.652484	-95.567388	237.237580	9.0	333
-13.652484	-109.219872	223.585096	9.0	334
-27.304968	-95.567388	223.585096	9.0	335
-27.304968	-109.219872	237.237580	9.0	336
13.652484	-95.567388	237.237580	9.0	337
13.652484	-109.219872	223.585096	9.0	338
0.000000	-95.567388	223.585096	9.0	339
0.000000	-109.219872	237.237580	9.0	340
40.957452	-95.567388	237.237580	9.0	341
27.304968	-95.567388	223.585096	9.0	342
27.304968	-109.219872	237.237580	9.0	343
54.609936	-95.567388	223.585096	9.0	344
-68.262420	-68.262420	237.237580	9.0	345
-68.262420	-81.914904	223.585096	9.0	346
-81.914904	-68.262420	223.585096	9.0	347
-40.957452	-68.262420	237.237580	9.0	348
-40.957452	-81.914904	223.585096	9.0	349
-54.609936	-68.262420	223.585096	9.0	350
-54.609936	-81.914904	237.237580	9.0	351
-13.652484	-68.262420	237.237580	9.0	352
-13.652484	-81.914904	223.585096	9.0	353
-27.304968	-68.262420	223.585096	9.0	354
-27.304968	-81.914904	237.237580	9.0	355
13.652484	-68.262420	237.237580	9.0	356
13.652484	-81.914904	223.585096	9.0	357
0.000000	-68.262420	223.585096	9.0	358
0.000000	-81.914904	237.237580	9.0	359
40.957452	-68.262420	237.237580	9.0	360
40.957452	-81.914904	223.585096	9.0	361
27.304968	-68.262420	223.585096	9.0	362
27.304968	-81.914904	237.237580	9.0	363
68.262420	-68.262420	237.237580	9.0	364
68.262420	-81.914904	223.585096	9.0	365
54.609936	-68.262420	223.585096	9.0	366
54.609936	-81.914904	237.237580	9.0	367
81.914904	-68.262420	223.585096	9.0	368
-95.567388	-40.957452	237.237580	9.0	369
-95.567388	-54.609936	223.585096	9.0	370
-68.262420	-40.957452	237.237580	9.0	371
-68.262420	-54.609936	223.585096	9.0	372
-81.914904	-40.957452	223.585096	9.0	373
-81.914904	-54.609936	237.237580	9.0	374
-40.957452	-40.957452	237.237580	9.0	375
-40.957452	-54.609936	223.585096	9.0	376
-54.609936	-40.957452	223.585096	9.0	377
-54.609936	-54.609936	237.237580	9.0	378
-13.652484	-40.957452	237.237580	9.0	379
-13.652484	-54.609936	223.585096	9.0	380
-27.304968	-40.957452	223.585096	9.0	381
-27.304968	-54.609936	237.237580	9.0	382
13.652484	-40.957452	237.237580	9.0	383
13.652484	-54.609936	223.585096	9.0	384
0.000000	-40.957452	223.585096	9.0	385
0.000000	-54.609936	237.237580	9.0	386
40.957452	-40.957452	237.237580	9.0	387
40.957452	-54.609936	223.585096	9.0	388
27.304968	-40.957452	223.585096	9.0	389
27.304968	-54.609936	237.237580	9.0	390
68.262420	-40.957452	237.237580	9.0	391
68.262420	-54.609936	223.585096	9.0	392
54.609936	-40.957452	223.585096	9.0	393
54.609936	-54.609936	237.237580	9.0	394
95.567388	-40.957452	237.237580	9.0	395
95.567388	-54.609936	223.585096	9.0	396
81.914904	-40.957452	223.585096	9.0	397
81.914904	-54.609936	237.237580	9.0	398
-95.567388	-13.652484	237.237580	9.0	399
-95.567388	-27.304968	223.585096	9.0	400
-109.219872	-13.652484	223.585096	9.0	401
-109.219872	-27.304968	237.237580	9.0	402
-68.262420	-13.652484	237.237580	9.0	403
-68.262420	-27.304968	223.585096	9.0	404
-81.914904	-13.652484	223.585096	9.0	405
-81.914904	-27.304968	237.237580	9.0	406
-40.957452	-13.652484	237.237580	9.0	407
-40.957452	-27.304968	223.585096	9.0	408
-54.609936	-13.652484	223.585096	9.0	409
-54.609936	-27.304968	237.237580	9.0	410
-13.652484	-13.652484	237.237580	9.0	411
-13.652484	-27.304968	223.585096	9.0	412
-27.304968	-13.652484	223.585096	9.0	413
-27.304968	-27.304968	237.237580	9.0	414
13.652484	-13.652484	237.237580	9.0	415
13.652484	-27.304968	223.585096	9.0	416
0.000000	-13.652484	223.585096	9.0	417
0.000000	-27.304968	237.237580	9.0	418
40.957452	-13.652484	237.237580	9.0	419
40.957452	-27.304968	223.585096	9.0	420
27.304968	-13.652484	223.585096	9.0	421
27.304968	-27.304968	237.237580	9.0	422
68.262420	-13.652484	237.237580	9.0	423
68.262420	-27.304968	223.585096	9.0	424
54.609936	-13.652484	223.585096	9.0	425
54.609936	-27.304968	237.237580	9.0	426
95.567388	-13.652484	237.237580	9.0	427
95.567388	-27.304968	223.585096	9.0	428
81.914904	-13.652484	223.585096	9.0	429
81.914904	-27.304968	237.237580	9.0	430
109.219872	-13.652484	223.585096	9.0	431
109.219872	-27.304968	237.237580	9.0	432
-95.567388	13.652484	237.237580	9.0	433
-95.567388	0.000000	223.585096	9.0	434
-109.219872	13.652484	223.585096	9.0	435
-109.219872	0.000000	237.237580	9.0	436
-68.262420	13.652484	237.237580	9.0	437
-68.262420	0.000000	223.585096	9.0	438
-81.914904	13.652484	223.585096	9.0	439
-81.914904	0.000000	237.237580	9.0	440
-40.957452	13.652484	237.237580	9.0	441
-40.957452	0.000000	223.585096	9.0	442
-54.609936	13.652484	223.585096	9.0	443
-54.609936	0.000000	237.237580	9.0	444
-13.652484	13.652484	237.237580	9.0	445
-13.652484	0.000000	223.585096	9.0	446
-27.304968	13.652484	223.585096	9.0	447
-27.304968	0.000000	237.237580	9.0	448
13.652484	13.652484	237.237580	9.0	449
13.652484	0.000000	223.585096	9.0	450
0.000000	13.652484	223.585096	9.0	451
0.000000	0.000000	237.237580	9.0	452
40.957452	13.652484	237.237580	9.0	453
40.957452	0.000000	223.585096	9.0	454
27.304968	13.652484	223.585096	9.0	455
27.304968	0.000000	237.237580	9.0	456
68.262420	13.652484	237.237580	9.0	457
68.262420	0.000000	223.585096	9.0	458
54.609936	13.652484	223.585096	9.0	459
54.609936	0.000000	237.237580	9.0	460
95.567388	13.652484	237.237580	9.0	461
95.567388	0.000000	223.585096	9.0	462
81.914904	13.652484	223.585096	9.0	463
81.914904	0.000000	237.237580	9.0	464
109.219872	13.652484	223.585096	9.0	465
109.219872	0.000000	237.237580	9.0	466
-95.567388	40.957452	237.237580	9.0	467
-95.567388	27.304968	223.585096	9.0	468
-109.219872	27.304968	237.237580	9.0	469
-68.262420	40.957452	237.237580	9.0	470
-68.262420	27.304968	223.585096	9.0	471
-81.914904	40.957452	223.585096	9.0	472
-81.914904	27.304968	237.237580	9.0	473
-40.957452	40.957452	237.237580	9.0	474
-40.957452	27.304968	223.585096	9.0	475
-54.609936	40.957452	223.585096	9.0	476
-54.609936	27.304968	237.237580	9.0	477
-13.652484	40.957452	237.237580	9.0	478
-13.652484	27.304968	223.585096	9.0	479
-27.304968	40.957452	223.585096	9.0	480
-27.304968	27.304968	237.237580	9.0	481
13.652484	40.957452	237.237580	9.0	482
13.652484	27.304968	223.585096	9.0	483
0.000000	40.957452	223.585096	9.0	484
0.000000	27.304968	237.237580	9.0	485
40.957452	40.957452	237.237580	9.0	486
40.957452	27.304968	223.585096	9.0	487
27.304968	40.957452	223.585096	9.0	488
27.304968	27.304968	237.237580	9.0	489
68.262420	40.957452	237.237580	9.0	490
68.262420	27.304968	223.585096	9.0	491
54.609936	40.957452	223.585096	9.0	492
54.609936	27.304968	237.237580	9.0	493
95.567388	40.957452	237.237580	9.0	494
95.567388	27.304968	223.585096	9.0	495
81.914904	40.957452	223.585096	9.0	496
81.914904	27.304968	237.237580	9.0	497
109.219872	27.304968	237.237580	9.0	498
-95.567388	54.609936	223.585096	9.0	499
-68.262420	68.262420	237.237580	9.0	500
-68.262420	54.609936	223.585096	9.0	501
-81.914904	68.262420	223.585096	9.0	502
-81.914904	54.609936	237.237580	9.0	503
-40.957452	68.262420	237.237580	9.0	504
-40.957452	54.609936	223.585096	9.0	505
-54.609936	68.262420	223.585096	9.0	506
-54.609936	54.609936	237.237580	9.0	507
-13.652484	68.262420	237.237580	9.0	508
-13.652484	54.609936	223.585096	9.0	509
-27.304968	68.262420	223.585096	9.0	510
-27.304968	54.609936	237.237580	9.0	511
13.652484	68.262420	237.237580	9.0	512
13.652484	54.609936	223.585096	9.0	513
0.000000	68.262420	223.585096	9.0	514
0.000000	54.609936	237.237580	9.0	515
40.957452	68.262420	237.237580	9.0	516
40.957452	54.609936	223.585096	9.0	517
27.304968	68.262420	223.585096	9.0	518
27.304968	54.609936	237.237580	9.0	519
68.262420	68.262420	237.237580	9.0	520
68.262420	54.609936	223.585096	9.0	521
54.609936	68.262420	223.585096	9.0	522
54.609936	54.609936	237.237580	9.0	523
95.567388	54.609936	223.585096	9.0	524
81.914904	68.262420	223.585096	9.0	525
81.914904	54.609936	237.237580	9.0	526
-68.262420	81.914904	223.585096	9.0	527
-40.957452	95.567388	237.237580	9.0	528
-40.957452	81.914904	223.585096	9.0	529
-54.609936	95.567388	223.585096	9.0	530
-54.609936	81.914904	237.237580	9.0	531
-13.652484	95.567388	237.237580	9.0	532
-13.652484	81.914904	223.585096	9.0	533
-27.304968	95.567388	223.585096	9.0	534
-27.304968	81.914904	237.237580	9.0	535
13.652484	95.567388	237.237580	9.0	536
13.652484	81.914904	223.585096	9.0	537
0.000000	95.567388	223.585096	9.0	538
0.000000	81.914904	237.237580	9.0	539
40.957452	95.567388	237.237580	9.0	540
40.957452	81.914904	223.585096	9.0	541
27.304968	95.567388	223.585096	9.0	542
27.304968	81.914904	237.237580	9.0	543
68.262420	81.914904	223.585096	9.0	544
54.609936	95.567388	223.585096	9.0	545
54.609936	81.914904	237.237580	9.0	546
-13.652484	109.219872	223.585096	9.0	547
-27.304968	109.219872	237.237580	9.0	548
13.652484	109.219872	223.585096	9.0	549
0.000000	109.219872	237.237580	9.0	550
27.304968	109.219872	237.237580	9.0	551
-40.957452	-95.567388	264.542548	9.0	552
-54.609936	-95.567388	250.890064	9.0	553
-13.652484	-95.567388	264.542548	9.0	554
-13.652484	-109.219872	250.890064	9.0	555
-27.304968	-95.567388	250.890064	9.0	556
-27.304968	-109.219872	264.542548	9.0	557
13.652484	-95.567388	264.542548	9.0	558
13.652484	-109.219872	250.890064	9.0	559
0.000000	-95.567388	250.890064	9.0	560
0.000000	-109.219872	264.542548	9.0	561
40.957452	-95.567388	264.542548	9.0	562
27.304968	-95.567388	250.890064	9.0	563
27.304968	-109.219872	264.542548	9.0	564
54.609936	-95.567388	250.890064	9.0	565
-68.262420	-68.262420	264.542548	9.0	566
-68.262420	-81.914904	250.890064	9.0	567
-81.914904	-68.262420	250.890064	9.0	568
-40.957452	-68.262420	264.542548	9.0	569
-40.957452	-81.914904	250.890064	9.0	570
-54.609936	-68.262420	250.890064	9.0	571
-54.609936	-81.914904	264.542548	9.0	572
-13.652484	-68.262420	264.542548	9.0	573
-13.652484	-81.914904	250.890064	9.0	574
-27.304968	-68.262420	250.890064	9.0	575
-27.304968	-81.914904	264.542548	9.0	576
13.652484	-68.262420	264.542548	9.0	577
13.652484	-81.914904	250.890064	9.0	578
0.000000	-68.262420	250.890064	9.0	579
0.000000	-81.914904	264.542548	9.0	580
40.957452	-68.262420	264.542548	9.0	581
40.957452	-81.914904	250.890064	9.0	582
27.304968	-68.262420	250.890064	9.0	583
27.304968	-81.914904	264.542548	9.0	584
68.262420	-68.262420	264.542548	9.0	585
68.262420	-81.914904	250.890064	9.0	586
54.609936	-68.262420	250.890064	9.0	587
54.609936	-81.914904	264.542548	9.0	588
81.914904	-68.262420	250.890064	9.0	589
-95.567388	-40.957452	264.542548	9.0	590
-95.567388	-54.609936	250.890064	9.0	591
-68.262420	-40.957452	264.542548	9.0	592
-68.262420	-54.609936	250.890064	9.0	593
-81.914904	-40.957452	250.890064	9.0	594
-81.914904	-54.609936	264.542548	9.0	595
-40.957452	-40.957452	264.542548	9.0	596
-40.957452	-54.609936	250.890064	9.0	597
-54.609936	-40.957452	250.890064	9.0	598
-54.609936	-54.609936	264.542548	9.0	599
-13.652484	-40.957452	264.542548	9.0	600
-13.652484	-54.609936	250.890064	9.0	601
-27.304968	-40.957452	250.890064	9.0	602
-27.304968	-54.609936	264.542548	9.0	603
13.652484	-40.957452	264.542548	9.0	604
13.652484	-54.609936	250.890064	9.0	605
0.000000	-40.957452	250.890064	9.0	606
0.000000	-54.609936	264.542548	9.0	607
40.957452	-40.957452	264.542548	9.0	608
40.957452	-54.609936	250.890064	9.0	609
27.304968	-40.957452	250.890064	9.0	610
27.304968	-54.609936	264.542548	9.0	611
68.262420	-40.957452	264.542548	9.0	612
68.262420	-54.609936	250.890064	9.0	613
54.609936	-40.957452	250.890064	9.0	614
54.609936	-54.609936	264.542548	9.0	615
95.567388	-40.957452	264.542548	9.0	616
95.567388	-54.609936	250.890064	9.0	617
81.914904	-40.957452	250.890064	9.0	618
81.914904	-54.609936	264.542548	9.0	619
-95.567388	-13.652484	264.542548	9.0	620
-95.567388	-27.304968	250.890064	9.0	621
-109.219872	-13.652484	250.890064	9.0	622
-109.219872	-27.304968	264.542548	9.0	623
-68.262420	-13.652484	264.542548	9.0	624
-68.262420	-27.304968	250.890064	9.0	625
-81.914904	-13.652484	250.890064	9.0	626
-81.914904	-27.304968	264.542548	9.0	627
-40.957452	-13.652484	264.542548	9.0	628
-40.957452	-27.304968	250.890064	9.0	629
-54.609936	-13.652484	250.890064	9.0	630
-54.609936	-27.304968	264.542548	9.0	631
-13.652484	-13.652484	264.542548	9.0	632
-13.652484	-27.304968	250.890064	9.0	633
-27.304968	-13.652484	250.890064	9.0	634
-27.304968	-27.304968	264.542548	9.0	635
13.652484	-13.652484	264.542548	9.0	636
13.652484	-27.304968	250.890064	9.0	637
0.000000	-13.652484	250.890064	9.0	638
0.000000	-27.304968	264.542548	9.0	639
40.957452	-13.652484	264.542548	9.0	640
40.957452	-27.304968	250.890064	9.0	641
27.304968	-13.652484	250.890064	9.0	642
27.304968	-27.304968	264.542548	9.0	643
68.262420	-13.652484	264.542548	9.0	644
68.262420	-27.304968	250.890064	9.0	645
54.609936	-13.652484	250.890064	9.0	646
54.609936	-27.304968	264.542548	9.0	647
95.567388	-13.652484	264.542548	9.0	648
95.567388	-27.304968	250.890064	9.0	649
81.914904	-13.652484	250.890064	9.0	650
81.914904	-27.304968	264.542548	9.0	651
109.219872	-13.652484	250.890064	9.0	652
109.219872	-27.304968	264.542548	9.0	653
-95.567388	13.652484	264.542548	9.0	654
-95.567388	0.000000	250.890064	9.0	655
-109.219872	13.652484	250.890064	9.0	656
-109.219872	0.000000	264.542548	9.0	657
-68.262420	13.652484	264.542548	9.0	658
-68.262420	0.000000	250.890064	9.0	659
-81.914904	13.652484	250.890064	9.0	660
-81.914904	0.000000	264.542548	9.0	661
-40.957452	13.652484	264.542548	9.0	662
-40.957452	0.000000	250.890064	9.0	663
-54.609936	13.652484	250.890064	9.0	664
-54.609936	0.000000	264.542548	9.0	665
-13.652484	13.652484	264.542548	9.0	666
-13.652484	0.000000	250.890064	9.0	667
-27.304968	13.652484	250.890064	9.0	668
-27.304968	0.000000	264.542548	9.0	669
13.652484	13.652484	264.542548	9.0	670
13.652484	0.000000	250.890064	9.0	671
0.000000	13.652484	250.890064	9.0	672
0.000000	0.000000	264.542548	9.0	673
40.957452	13.652484	264.542548	9.0	674
40.957452	0.000000	250.890064	9.0	675
27.304968	13.652484	250.890064	9.0	676
27.304968	0.000000	264.542548	9.0	677
68.262420	13.652484	264.542548	9.0	678
68.262420	0.000000	250.890064	9.0	679
54.609936	13.652484	250.890064	9.0	680
54.609936	0.000000	264.542548	9.0	681
95.567388	13.652484	264.542548	9.0	682
95.567388	0.000000	250.890064	9.0	683
81.914904	13.652484	250.890064	9.0	684
81.914904	0.000000	264.542548	9.0	685
109.219872	13.652484	250.890064	9.0	686
109.219872	0.000000	264.542548	9.0	687
-95.567388	40.957452	264.542548	9.0	688
-95.567388	27.304968	250.890064	9.0	689
-109.219872	27.304968	264.542548	9.0	690
-68.262420	40.957452	264.542548	9.0	691
-68.262420	27.304968	250.890064	9.0	692
-81.914904	40.957452	250.890064	9.0	693
-81.914904	27.304968	264.542548	9.0	694
-40.957452	40.957452	264.542548	9.0	695
-40.957452	27.304968	250.890064	9.0	696
-54.609936	40.957452	250.890064	9.0	697
-54.609936	27.304968	264.542548	9.0	698
-13.652484	40.957452	264.542548	9.0	699
-13.652484	27.304968	250.890064	9.0	700
-27.304968	40.957452	250.890064	9.0	701
-27.304968	27.304968	264.542548	9.0	702
13.652484	40.957452	264.542548	9.0	703
13.652484	27.304968	250.890064	9.0	704
0.000000	40.957452	250.890064	9.0	705
0.000000	27.304968	264.542548	9.0	706
40.957452	40.957452	264.542548	9.0	707
40.957452	27.304968	250.890064	9.0	708
27.304968	40.957452	250.890064	9.0	709
27.304968	27.304968	264.542548	9.0	710
68.262420	40.957452	264.542548	9.0	711
68.262420	27.304968	250.890064	9.0	712
54.609936	40.957452	250.890064	9.0	713
54.609936	27.304968	264.542548	9.0	714
95.567388	40.957452	264.542548	9.0	715
95.567388	27.304968	250.890064	9.0	716
81.914904	40.957452	250.890064	9.0	717
81.914904	27.304968	264.542548	9.0	718
109.219872	27.304968	264.542548	9.0	719
-95.567388	54.609936	250.890064	9.0	720
-68.262420	68.262420	264.542548	9.0	721
-68.262420	54.609936	250.890064	9.0	722
-81.914904	68.262420	250.890064	9.0	723
-81.914904	54.609936	264.542548	9.0	724
-40.957452	68.262420	264.542548	9.0	725
-40.957452	54.609936	250.890064	9.0	726
-54.609936	68.262420	250.890064	9.0	727
-54.609936	54.609936	264.542548	9.0	728
-13.652484	68.262420	264.542548	9.0	729
-13.652484	54.609936	250.890064	9.0	730
-27.304968	68.262420	250.890064	9.0	731
-27.304968	54.609936	264.542548	9.0	732
13.652484	68.262420	264.542548	9.0	733
13.652484	54.609936	250.890064	9.0	734
0.000000	68.262420	250.890064	9.0	735
0.000000	54.609936	264.542548	9.0	736
40.957452	68.262420	264.542548	9.0	737
40.957452	54.609936	250.890064	9.0	738
27.304968	68.262420	250.890064	9.0	739
27.304968	54.609936	264.542548	9.0	740
68.262420	68.262420	264.542548	9.0	741
68.262420	54.609936	250.890064	9.0	742
54.609936	68.262420	250.890064	9.0	743
54.609936	54.609936	264.542548	9.0	744
95.567388	54.609936	250.890064	9.0	745
81.914904	68.262420	250.890064	9.0	746
81.914904	54.609936	264.542548	9.0	747
-68.262420	81.914904	250.890064	9.0	748
-40.957452	95.567388	264.542548	9.0	749
-40.957452	81.914904	250.890064	9.0	750
-54.609936	95.567388	250.890064	9.0	751
-54.609936	81.914904	264.542548	9.0	752
-13.652484	95.567388	264.542548	9.0	753
-13.652484	81.914904	250.890064	9.0	754
-27.304968	95.567388	250.890064	9.0	755
-27.304968	81.914904	264.542548	9.0	756
13.652484	95.567388	264.542548	9.0	757
13.652484	81.914904	250.890064	9.0	758
0.000000	95.567388	250.890064	9.0	759
0.000000	81.914904	264.542548	9.0	760
40.957452	95.567388	264.542548	9.0	761
40.957452	81.914904	250.890064	9.0	762
27.304968	95.567388	250.890064	9.0	763
27.304968	81.914904	264.542548	9.0	764
68.262420	81.914904	250.890064	9.0	765
54.609936	95.567388	250.890064	9.0	766
54.609936	81.914904	264.542548	9.0	767
-13.652484	109.219872	250.890064	9.0	768
-27.304968	109.219872	264.542548	9.0	769
13.652484	109.219872	250.890064	9.0	770
0.000000	109.219872	264.542548	9.0	771
27.304968	109.219872	264.542548	9.0	772
-40.957452	-95.567388	291.847516	9.0	773
-54.609936	-95.567388	278.195032	9.0	774
-13.652484	-95.567388	291.847516	9.0	775
-13.652484	-109.219872	278.195032	9.0	776
-27.304968	-95.567388	278.195032	9.0	777
-27.304968	-109.219872	291.847516	9.0	778
13.652484	-95.567388	291.847516	9.0	779
13.652484	-109.219872	278.195032	9.0	780
0.000000	-95.567388	278.195032	9.0	781
0.000000	-109.219872	291.847516	9.0	782
40.957452	-95.567388	291.847516	9.0	783
27.304968	-95.567388	278.195032	9.0	784
27.304968	-109.219872	291.847516	9.0	785
54.609936	-95.567388	278.195032	9.0	786
-68.262420	-68.262420	291.847516	9.0	787
-68.262420	-81.914904	278.195032	9.0	788
-81.914904	-68.262420	278.195032	9.0	789
-40.957452	-68.262420	291.847516	9.0	790
-40.957452	-81.914904	278.195032	9.0	791
-54.609936	-68.262420	278.195032	9.0	792
-54.609936	-81.914904	291.847516	9.0	793
-13.652484	-68.262420	291.847516	9.0	794
-13.652484	-81.914904	278.195032	9.0	795
-27.304968	-68.262420	278.195032	9.0	796
-27.304968	-81.914904	291.847516	9.0	797
13.652484	-68.262420	291.847516	9.0	798
13.652484	-81.914904	278.195032	9.0	799
0.000000	-68.262420	278.195032	9.0	800
0.000000	-81.914904	291.847516	9.0	801
40.957452	-68.262420	291.847516	9.0	802
40.957452	-81.914904	278.195032	9.0	803
27.304968	-68.262420	278.195032	9.0	804
27.304968	-81.914904	291.847516	9.0	805
68.262420	-68.262420	291.847516	9.0	806
68.262420	-81.914904	278.195032	9.0	807
54.609936	-68.262420	278.195032	9.0	808
54.609936	-81.914904	291.847516	9.0	809
81.914904	-68.262420	278.195032	9.0	810
-95.567388	-40.957452	291.847516	9.0	811
-95.567388	-54.609936	278.195032	9.0	812
-68.262420	-40.957452	291.847516	9.0	813
-68.262420	-54.609936	278.195032	9.0	814
-81.914904	-40.957452	278.195032	9.0	815
-81.914904	-54.609936	291.847516	9.0	816
-40.957452	-40.957452	291.847516	9.0	817
-40.957452	-54.609936	278.195032	9.0	818
-54.609936	-40.957452	278.195032	9.0	819
-54.609936	-54.609936	291.847516	9.0	820
-13.652484	-40.957452	291.847516	9.0	821
-13.652484	-54.609936	278.195032	9.0	822
-27.304968	-40.957452	278.195032	9.0	823
-27.304968	-54.609936	291.847516	9.0	824
13.652484	-40.957452	291.847516	9.0	825
13.652484	-54.609936	278.195032	9.0	826
0.000000	-40.957452	278.195032	9.0	827
0.000000	-54.609936	291.847516	9.0	828
40.957452	-40.957452	291.847516	9.0	829
40.957452	-54.609936	278.195032	9.0	830
27.304968	-40.957452	278.195032	9.0	831
27.304968	-54.609936	291.847516	9.0	832
68.262420	-40.957452	291.847516	9.0	833
68.262420	-54.609936	278.195032	9.0	834
54.609936	-40.957452	278.195032	9.0	835
54.609936	-54.609936	291.847516	9.0	836
95.567388	-40.957452	291.847516	9.0	837
95.567388	-54.609936	278.195032	9.0	838
81.914904	-40.957452	278.195032	9.0	839
81.914904	-54.609936	291.847516	9.0	840
-95.567388	-13.652484	291.847516	9.0	841
-95.567388	-27.304968	278.195032	9.0	842
-109.219872	-13.652484	278.195032	9.0	843
-109.219872	-27.304968	291.847516	9.0	844
-68.262420	-13.652484	291.847516	9.0	845
-68.262420	-27.304968	278.195032	9.0	846
-81.914904	-13.652484	278.195032	9.0	847
-81.914904	-27.304968	291.847516	9.0	848
-40.957452	-13.652484	291.847516	9.0	849
-40.957452	-27.304968	278.195032	9.0	850
-54.609936	-13.652484	278.195032	9.0	851
-54.609936	-27.304968	291.847516	9.0	852
-13.652484	-13.652484	291.847516	9.0	853
-13.652484	-27.304968	278.195032	9.0	854
-27.304968	-13.652484	278.195032	9.0	855
-27.304968	-27.304968	291.847516	9.0	856
13.652484	-13.652484	291.847516	9.0	857
13.652484	-27.304968	278.195032	9.0	858
0.000000	-13.652484	278.195032	9.0	859
0.000000	-27.304968	291.847516	9.0	860
40.957452	-13.652484	291.847516	9.0	861
40.957452	-27.304968	278.195032	9.0	862
27.304968	-13.652484	278.195032	9.0	863
27.304968	-27.304968	291.847516	9.0	864
68.262420	-13.652484	291.847516	9.0	865
68.262420	-27.304968	278.195032	9.0	866
54.609936	-13.652484	278.195032	9.0	867
54.609936	-27.304968	291.847516	9.0	868
95.567388	-13.652484	291.847516	9.0	869
95.567388	-27.304968	278.195032	9.0	870
81.914904	-13.652484	278.195032	9.0	871
81.914904	-27.304968	291.847516	9.0	872
109.219872	-13.652484	278.195032	9.0	873
109.219872	-27.304968	291.847516	9.0	874
-95.567388	13.652484	291.847516	9.0	875
-95.567388	0.000000	278.195032	9.0	876
-109.219872	13.652484	278.195032	9.0	877
-109.219872	0.000000	291.847516	9.0	878
-68.262420	13.652484	291.847516	9.0	879
-68.262420	0.000000	278.195032	9.0	880
-81.914904	13.652484	278.195032	9.0	881
-81.914904	0.000000	291.847516	9.0	882
-40.957452	13.652484	291.847516	9.0	883
-40.957452	0.000000	278.195032	9.0	884
-54.609936	13.652484	278.195032	9.0	885
-54.609936	0.000000	291.847516	9.0	886
-13.652484	13.652484	291.847516	9.0	887
-13.652484	0.000000	278.195032	9.0	888
-27.304968	13.652484	278.195032	9.0	889
-27.304968	0.000000	291.847516	9.0	890
13.652484	13.652484	291.847516	9.0	891
13.652484	0.000000	278.195032	9.0	892
0.000000	13.652484	278.195032	9.0	893
0.000000	0.000000	291.847516	9.0	894
40.957452	13.652484	291.847516	9.0	895
40.957452	0.000000	278.195032	9.0	896
27.304968	13.652484	278.195032	9.0	897
27.304968	0.000000	291.847516	9.0	898
68.262420	13.652484	291.847516	9.0	899
68.262420	0.000000	278.195032	9.0	900
54.609936	13.652484	278.195032	9.0	901
54.609936	0.000000	291.847516	9.0	902
95.567388	13.652484	291.847516	9.0	903
95.567388	0.000000	278.195032	9.0	904
81.914904	13.652484	278.195032	9.0	905
81.914904	0.000000	291.847516	9.0	906
109.219872	13.652484	278.195032	9.0	907
109.219872	0.000000	291.847516	9.0	908
-95.567388	40.957452	291.847516	9.0	909
-95.567388	27.304968	278.195032	9.0	910
-109.219872	27.304968	291.847516	9.0	911
-68.262420	40.957452	291.847516	9.0	912
-68.262420	27.304968	278.195032	9.0	913
-81.914904	40.957452	278.195032	9.0	914
-81.914904	27.304968	291.847516	9.0	915
-40.957452	40.957452	291.847516	9.0	916
-40.957452	27.304968	278.195032	9.0	917
-54.609936	40.957452	278.195032	9.0	918
-54.609936	27.304968	291.847516	9.0	919
-13.652484	40.957452	291.847516	9.0	920
-13.652484	27.304968	278.195032	9.0	921
-27.304968	40.957452	278.195032	9.0	922
-27.304968	27.304968	291.847516	9.0	923
13.652484	40.957452	291.847516	9.0	924
13.652484	27.304968	278.195032	9.0	925
0.000000	40.957452	278.195032	9.0	926
0.000000	27.304968	291.847516	9.0	927
40.957452	40.957452	291.847516	9.0	928
40.957452	27.304968	278.195032	9.0	929
27.304968	40.957452	278.195032	9.0	930
27.304968	27.304968	291.847516	9.0	931
68.262420	40.957452	291.847516	9.0	932
68.262420	27.304968	278.195032	9.0	933
54.609936	40.957452	278.195032	9.0	934
54.609936	27.304968	291.847516	9.0	935
95.567388	40.957452	291.847516	9.0	936
95.567388	27.304968	278.195032	9.0	937
81.914904	40.957452	278.195032	9.0	938
81.914904	27.304968	291.847516	9.0	939
109.219872	27.304968	291.847516	9.0	940
-95.567388	54.609936	278.195032	9.0	941
-68.262420	68.262420	291.847516	9.0	942
-68.262420	54.609936	278.195032	9.0	943
-81.914904	68.262420	278.195032	9.0	944
-81.914904	54.609936	291.847516	9.0	945
-40.957452	68.262420	291.847516	9.0	946
-40.957452	54.609936	278.195032	9.0	947
-54.609936	68.262420	278.195032	9.0	948
-54.609936	54.609936	291.847516	9.0	949
-13.652484	68.262420	291.847516	9.0	950
-13.652484	54.609936	278.195032	9.0	951
-27.304968	68.262420	278.195032	9.0	952
-27.304968	54.609936	291.847516	9.0	953
13.652484	68.262420	291.847516	9.0	954
13.652484	54.609936	278.195032	9.0	955
0.000000	68.262420	278.195032	9.0	956
0.000000	54.609936	291.847516	9.0	957
40.957452	68.262420	291.847516	9.0	958
40.957452	54.609936	278.195032	9.0	959
27.304968	68.262420	278.195032	9.0	960
27.304968	54.609936	291.847516	9.0	961
68.262420	68.262420	291.847516	9.0	962
68.262420	54.609936	278.195032	9.0	963
54.609936	68.262420	278.195032	9.0	964
54.609936	54.609936	291.847516	9.0	965
95.567388	54.609936	278.195032	9.0	966
81.914904	68.262420	278.195032	9.0	967
81.914904	54.609936	291.847516	9.0	968
-68.262420	81.914904	278.195032	9.0	969
-40.957452	95.567388	291.847516	9.0	970
-40.957452	81.914904	278.195032	9.0	971
-54.609936	95.567388	278.195032	9.0	972
-54.609936	81.914904	291.847516	9.0	973
-13.652484	95.567388	291.847516	9.0	974
-13.652484	81.914904	278.195032	9.0	975
-27.304968	95.567388	278.195032	9.0	976
-27.304968	81.914904	291.847516	9.0	977
13.652484	95.567388	291.847516	9.0	978
13.652484	81.914904	278.195032	9.0	979
0.000000	95.567388	278.195032	9.0	980
0.000000	81.914904	291.847516	9.0	981
40.957452	95.567388	291.847516	9.0	982
40.957452	81.914904	278.195032	9.0	983
27.304968	95.567388	278.195032	9.0	984
27.304968	81.914904	291.847516	9.0	985
68.262420	81.914904	278.195032	9.0	986
54.609936	95.567388	278.195032	9.0	987
54.609936	81.914904	291.847516	9.0	988
-13.652484	109.219872	278.195032	9.0	989
-27.304968	109.219872	291.847516	9.0	990
13.652484	109.219872	278.195032	9.0	991
0.000000	109.219872	291.847516	9.0	992
27.304968	109.219872	291.847516	9.0	993
-40.957452	-95.567388	319.152484	9.0	994
-54.609936	-95.567388	305.500000	9.0	995
-13.652484	-95.567388	319.152484	9.0	996
-13.652484	-109.219872	305.500000	9.0	997
-27.304968	-95.567388	305.500000	9.0	998
-27.304968	-109.219872	319.152484	9.0	999
13.652484	-95.567388	319.152484	9.0	1000
13.652484	-109.219872	305.500000	9.0	1001
0.000000	-95.567388	305.500000	9.0	1002
0.000000	-109.219872	319.152484	9.0	1003
40.957452	-95.567388	319.152484	9.0	1004
27.304968	-95.567388	305.500000	9.0	1005
27.304968	-109.219872	319.152484	9.0	1006
54.609936	-95.567388	305.500000	9.0	1007
-68.262420	-68.262420	319.152484	9.0	1008
-68.262420	-81.914904	305.500000	9.0	1009
-81.914904	-68.262420	305.500000	9.0	1010
-40.957452	-68.262420	319.152484	9.0	1011
-40.957452	-81.914904	305.500000	9.0	1012
-54.609936	-68.262420	305.500000	9.0	1013
-54.609936	-81.914904	319.152484	9.0	1014
-13.652484	-68.262420	319.152484	9.0	1015
-13.652484	-81.914904	305.500000	9.0	1016
-27.304968	-68.262420	305.500000	9.0	1017
-27.304968	-81.914904	319.152484	9.0	1018
13.652484	-68.262420	319.152484	9.0	1019
13.652484	-81.914904	305.500000	9.0	1020
0.000000	-68.262420	305.500000	9.0	1021
0.000000	-81.914904	319.152484	9.0	1022
40.957452	-68.262420	319.152484	9.0	1023
40.957452	-81.914904	305.500000	9.0	1024
27.304968	-68.262420	305.500000	9.0	1025
27.304968	-81.914904	319.152484	9.0	1026
68.262420	-68.262420	319.152484	9.0	1027
68.262420	-81.914904	305.500000	9.0	1028
54.609936	-68.262420	305.500000	9.0	1029
54.609936	-81.914904	319.152484	9.0	1030
81.914904	-68.262420	305.500000	9.0	1031
-95.567388	-40.957452	319.152484	9.0	1032
-95.567388	-54.609936	305.500000	9.0	1033
-68.262420	-40.957452	319.152484	9.0	1034
-68.262420	-54.609936	305.500000	9.0	1035
-81.914904	-40.957452	305.500000	9.0	1036
-81.914904	-54.609936	319.152484	9.0	1037
-40.957452	-40.957452	319.152484	9.0	1038
-40.957452	-54.609936	305.500000	9.0	1039
-54.609936	-40.957452	305.500000	9.0	1040
-54.609936	-54.609936	319.152484	9.0	1041
-13.652484	-40.957452	319.152484	9.0	1042
-13.652484	-54.609936	305.500000	9.0	1043
-27.304968	-40.957452	305.500000	9.0	1044
-27.304968	-54.609936	319.152484	9.0	1045
13.652484	-40.957452	319.152484	9.0	1046
13.652484	-54.609936	305.500000	9.0	1047
0.000000	-40.957452	305.500000	9.0	1048
0.000000	-54.609936	319.152484	9.0	1049
40.957452	-40.957452	319.152484	9.0	1050
40.957452	-54.609936	305.500000	9.0	1051
27.304968	-40.957452	305.500000	9.0	1052
27.304968	-54.609936	319.152484	9.0	1053
68.262420	-40.957452	319.152484	9.0	1054
68.262420	-54.609936	305.500000	9.0	1055
54.609936	-40.957452	305.500000	9.0	1056
54.609936	-54.609936	319.152484	9.0	1057
95.567388	-40.957452	319.152484	9.0	1058
95.567388	-54.609936	305.500000	9.0	1059
81.914904	-40.957452	305.500000	9.0	1060
81.914904	-54.609936	319.152484	9.0	1061
-95.567388	-13.652484	319.152484	9.0	1062
-95.567388	-27.304968	305.500000	9.0	1063
-109.219872	-13.652484	305.500000	9.0	1064
-109.219872	-27.304968	319.152484	9.0	1065
-68.262420	-13.652484	319.152484	9.0	1066
-68.262420	-27.304968	305.500000	9.0	1067
-81.914904	-13.652484	305.500000	9.0	1068
-81.914904	-27.304968	319.152484	9.0	1069
-40.957452	-13.652484	319.152484	9.0	1070
-40.957452	-27.304968	305.500000	9.0	1071
-54.609936	-13.652484	305.500000	9.0	1072
-54.609936	-27.304968	319.152484	9.0	1073
-13.652484	-13.652484	319.152484	9.0	1074
-13.652484	-27.304968	305.500000	9.0	1075
-27.304968	-13.652484	305.500000	9.0	1076
-27.304968	-27.304968	319.152484	9.0	1077
13.652484	-13.652484	319.152484	9.0	1078
13.652484	-27.304968	305.500000	9.0	1079
0.000000	-13.652484	305.500000	9.0	1080
0.000000	-27.304968	319.152484	9.0	1081
40.957452	-13.652484	319.152484	9.0	1082
40.957452	-27.304968	305.500000	9.0	1083
27.304968	-13.652484	305.500000	9.0	1084
27.304968	-27.304968	319.152484	9.0	1085
68.262420	-13.652484	319.152484	9.0	1086
68.262420	-27.304968	305.500000	9.0	1087
54.609936	-13.652484	305.500000	9.0	1088
54.609936	-27.304968	319.152484	9.0	1089
95.567388	-13.652484	319.152484	9.0	1090
95.567388	-27.304968	305.500000	9.0	1091
81.914904	-13.652484	305.500000	9.0	1092
81.914904	-27.304968	319.152484	9.0	1093
109.219872	-13.652484	305.500000	9.0	1094
109.219872	-27.304968	319.152484	9.0	1095
-95.567388	13.652484	319.152484	9.0	1096
-95.567388	0.000000	305.500000	9.0	1097
-109.219872	13.652484	305.500000	9.0	1098
-109.219872	0.000000	319.152484	9.0	1099
-68.262420	13.652484	319.152484	9.0	1100
-68.262420	0.000000	305.500000	9.0	1101
-81.914904	13.652484	305.500000	9.0	1102
-81.914904	0.000000	319.152484	9.0	1103
-40.957452	13.652484	319.152484	9.0	1104
-40.957452	0.000000	305.500000	9.0	1105
-54.609936	13.652484	305.500000	9.0	1106
-54.609936	0.000000	319.152484	9.0	1107
-13.652484	13.652484	319.152484	9.0	1108
-13.652484	0.000000	305.500000	9.0	1109
-27.304968	13.652484	305.500000	9.0	1110
-27.304968	0.000000	319.152484	9.0	1111
13.652484	13.652484	319.152484	9.0	1112
13.652484	0.000000	305.500000	9.0	1113
0.000000	13.652484	305.500000	9.0	1114
0.000000	0.000000	319.152484	9.0	1115
40.957452	13.652484	319.152484	9.0	1116
40.957452	0.000000	305.500000	9.0	1117
27.304968	13.652484	305.500000	9.0	1118
27.304968	0.000000	319.152484	9.0	1119
68.262420	13.652484	319.152484	9.0	1120
68.262420	0.000000	305.500000	9.0	1121
54.609936	13.652484	305.500000	9.0	1122
54.609936	0.000000	319.152484	9.0	1123
95.567388	13.652484	319.152484	9.0	1124
95.567388	0.000000	305.500000	9.0	1125
81.914904	13.652484	305.500000	9.0	1126
81.914904	0.000000	319.152484	9.0	1127
109.219872	13.652484	305.500000	9.0	1128
109.219872	0.000000	319.152484	9.0	1129
-95.567388	40.957452	319.152484	9.0	1130
-95.567388	27.304968	305.500000	9.0	1131
-109.219872	27.304968	319.152484	9.0	1132
-68.262420	40.957452	319.152484	9.0	1133
-68.262420	27.304968	305.500000	9.0	1134
-81.914904	40.957452	305.500000	9.0	1135
-81.914904	27.304968	319.152484	9.0	1136
-40.957452	40.957452	319.152484	9.0	1137
-40.957452	27.304968	305.500000	9.0	1138
-54.609936	40.957452	305.500000	9.0	1139
-54.609936	27.304968	319.152484	9.0	1140
-13.652484	40.957452	319.152484	9.0	1141
-13.652484	27.304968	305.500000	9.0	1142
-27.304968	40.957452	305.500000	9.0	1143
-27.304968	27.304968	319.152484	9.0	1144
13.652484	40.957452	319.152484	9.0	1145
13.652484	27.304968	305.500000	9.0	1146
0.000000	40.957452	305.500000	9.0	1147
0.000000	27.304968	319.152484	9.0	1148
40.957452	40.957452	319.152484	9.0	1149
40.957452	27.304968	305.500000	9.0	1150
27.304968	40.957452	305.500000	9.0	1151
27.304968	27.304968	319.152484	9.0	1152
68.262420	40.957452	319.152484	9.0	1153
68.262420	27.304968	305.500000	9.0	1154
54.609936	40.957452	305.500000	9.0	1155
54.609936	27.304968	319.152484	9.0	1156
95.567388	40.957452	319.152484	9.0	1157
95.567388	27.304968	305.500000	9.0	1158
81.914904	40.957452	305.500000	9.0	1159
81.914904	27.304968	319.152484	9.0	1160
109.219872	27.304968	319.152484	9.0	1161
-95.567388	54.609936	305.500000	9.0	1162
-68.262420	68.262420	319.152484	9.0	1163
-68.262420	54.609936	305.500000	9.0	1164
-81.914904	68.262420	305.500000	9.0	1165
-81.914904	54.609936	319.152484	9.0	1166
-40.957452	68.262420	319.152484	9.0	1167
-40.957452	54.609936	305.500000	9.0	1168
-54.609936	68.262420	305.500000	9.0	1169
-54.609936	54.609936	319.152484	9.0	1170
-13.652484	68.262420	319.152484	9.0	1171
-13.652484	54.609936	305.500000	9.0	1172
-27.304968	68.262420	305.500000	9.0	1173
-27.304968	54.609936	319.152484	9.0	1174
13.652484	68.262420	319.152484	9.0	1175
13.652484	54.609936	305.500000	9.0	1176
0.000000	68.262420	305.500000	9.0	1177
0.000000	54.609936	319.152484	9.0	1178
40.957452	68.262420	319.152484	9.0	1179
40.957452	54.609936	305.500000	9.0	1180
27.304968	68.262420	305.500000	9.0	1181
27.304968	54.609936	319.152484	9.0	1182
68.262420	68.262420	319.152484	9.0	1183
68.262420	54.609936	305.500000	9.0	1184
54.609936	68.262420	305.500000	9.0	1185
54.609936	54.609936	319.152484	9.0	1186
95.567388	54.609936	305.500000	9.0	1187
81.914904	68.262420	305.500000	9.0	1188
81.914904	54.609936	319.152484	9.0	1189
-68.262420	81.914904	305.500000	9.0	1190
-40.957452	95.567388	319.152484	9.0	1191
-40.957452	81.914904	305.500000	9.0	1192
-54.609936	95.567388	305.500000	9.0	1193
-54.609936	81.914904	319.152484	9.0	1194
-13.652484	95.567388	319.152484	9.0	1195
-13.652484	81.914904	305.500000	9.0	1196
-27.304968	95.567388	305.500000	9.0	1197
-27.304968	81.914904	319.152484	9.0	1198
13.652484	95.567388	319.152484	9.0	1199
13.652484	81.914904	305.500000	9.0	1200
0.000000	95.567388	305.500000	9.0	1201
0.000000	81.914904	319.152484	9.0	1202
40.957452	95.567388	319.152484	9.0	1203
40.957452	81.914904	305.500000	9.0	1204
27.304968	95.567388	305.500000	9.0	1205
27.304968	81.914904	319.152484	9.0	1206
68.262420	81.914904	305.500000	9.0	1207
54.609936	95.567388	305.500000	9.0	1208
54.609936	81.914904	319.152484	9.0	1209
-13.652484	109.219872	305.500000	9.0	1210
-27.304968	109.219872	319.152484	9.0	1211
13.652484	109.219872	305.500000	9.0	1212
0.000000	109.219872	319.152484	9.0	1213
27.304968	109.219872	319.152484	9.0	1214
-40.957452	-95.567388	346.457452	9.0	1215
-54.609936	-95.567388	332.804968	9.0	1216
-13.652484	-95.567388	346.457452	9.0	1217
-13.652484	-109.219872	332.804968	9.0	1218
-27.304968	-95.567388	332.804968	9.0	1219
-27.304968	-109.219872	346.457452	9.0	1220
13.652484	-95.567388	346.457452	9.0	1221
13.652484	-109.219872	332.804968	9.0	1222
0.000000	-95.567388	332.804968	9.0	1223
0.000000	-109.219872	346.457452	9.0	1224
40.957452	-95.567388	346.457452	9.0	1225
27.304968	-95.567388	332.804968	9.0	1226
27.304968	-109.219872	346.457452	9.0	1227
54.609936	-95.567388	332.804968	9.0	1228
-68.262420	-68.262420	346.457452	9.0	1229
-68.262420	-81.914904	332.804968	9.0	1230
-81.914904	-68.262420	332.804968	9.0	1231
-40.957452	-68.262420	346.457452	9.0	1232
-40.957452	-81.914904	332.804968	9.0	1233
-54.609936	-68.262420	332.804968	9.0	1234
-54.609936	-81.914904	346.457452	9.0	1235
-13.652484	-68.262420	346.457452	9.0	1236
-13.652484	-81.914904	332.804968	9.0	1237
-27.304968	-68.262420	332.804968	9.0	1238
-27.304968	-81.914904	346.457452	9.0	1239
13.652484	-68.262420	346.457452	9.0	1240
13.652484	-81.914904	332.804968	9.0	1241
0.000000	-68.262420	332.804968	9.0	1242
0.000000	-81.914904	346.457452	9.0	1243
40.957452	-68.262420	346.457452	9.0	1244
40.957452	-81.914904	332.804968	9.0	1245
27.304968	-68.262420	332.804968	9.0	1246
27.304968	-81.914904	346.457452	9.0	1247
68.262420	-68.262420	346.457452	9.0	1248
68.262420	-81.914904	332.804968	9.0	1249
54.609936	-68.262420	332.804968	9.0	1250
54.609936	-81.914904	346.457452	9.0	1251
81.914904	-68.262420	332.804968	9.0	1252
-95.567388	-40.957452	346.457452	9.0	1253
-95.567388	-54.609936	332.804968	9.0	1254
-68.262420	-40.957452	346.457452	9.0	1255
-68.262420	-54.609936	332.804968	9.0	1256
-81.914904	-40.957452	332.804968	9.0	1257
-81.914904	-54.609936	346.457452	9.0	1258
-40.957452	-40.957452	346.457452	9.0	1259
-40.957452	-54.609936	332.804968	9.0	1260
-54.609936	-40.957452	332.804968	9.0	1261
-54.609936	-54.609936	346.457452	9.0	1262
-13.652484	-40.957452	346.457452	9.0	1263
-13.652484	-54.609936	332.804968	9.0	1264
-27.304968	-40.957452	332.804968	9.0	1265
-27.304968	-54.609936	346.457452	9.0	1266
13.652484	-40.957452	346.457452	9.0	1267
13.652484	-54.609936	332.804968	9.0	1268
0.000000	-40.957452	332.804968	9.0	1269
0.000000	-54.609936	346.457452	9.0	1270
40.957452	-40.957452	346.457452	9.0	1271
40.957452	-54.609936	332.804968	9.0	1272
27.304968	-40.957452	332.804968	9.0	1273
27.304968	-54.609936	346.457452	9.0	1274
68.262420	-40.957452	346.457452	9.0	1275
68.262420	-54.609936	332.804968	9.0	1276
54.609936	-40.957452	332.804968	9.0	1277
54.609936	-54.609936	346.457452	9.0	1278
95.567388	-40.957452	346.457452	9.0	1279
95.567388	-54.609936	332.804968	9.0	1280
81.914904	-40.957452	332.804968	9.0	1281
81.914904	-54.609936	346.457452	9.0	1282
-95.567388	-13.652484	346.457452	9.0	1283
-95.567388	-27.304968	332.804968	9.0	1284
-109.219872	-13.652484	332.804968	9.0	1285
-109.219872	-27.304968	346.457452	9.0	1286
-68.262420	-13.652484	346.457452	9.0	1287
-68.262420	-27.304968	332.804968	9.0	1288
-81.914904	-13.652484	332.804968	9.0	1289
-81.914904	-27.304968	346.457452	9.0	1290
-40.957452	-13.652484	346.457452	9.0	1291
-40.957452	-27.304968	332.804968	9.0	1292
-54.609936	-13.652484	332.804968	9.0	1293
-54.609936	-27.304968	346.457452	9.0	1294
-13.652484	-13.652484	346.457452	9.0	1295
-13.652484	-27.304968	332.804968	9.0	1296
-27.304968	-13.652484	332.804968	9.0	1297
-27.304968	-27.304968	346.457452	9.0	1298
13.652484	-13.652484	346.457452	9.0	1299
13.652484	-27.304968	332.804968	9.0	1300
0.000000	-13.652484	332.804968	9.0	1301
0.000000	-27.304968	346.457452	9.0	1302
40.957452	-13.652484	346.457452	9.0	1303
40.957452	-27.304968	332.804968	9.0	1304
27.304968	-13.652484	332.804968	9.0	1305
27.304968	-27.304968	346.457452	9.0	1306
68.262420	-13.652484	346.457452	9.0	1307
68.262420	-27.304968	332.804968	9.0	1308
54.609936	-13.652484	332.804968	9.0	1309
54.609936	-27.304968	346.457452	9.0	1310
95.567388	-13.652484	346.457452	9.0	1311
95.567388	-27.304968	332.804968	9.0	1312
81.914904	-13.652484	332.804968	9.0	1313
81.914904	-27.304968	346.457452	9.0	1314
109.219872	-13.652484	332.804968	9.0	1315
109.219872	-27.304968	346.457452	9.0	1316
-95.567388	13.652484	346.457452	9.0	1317
-95.567388	0.000000	332.804968	9.0	1318
-109.219872	13.652484	332.804968	9.0	1319
-109.219872	0.000000	346.457452	9.0	1320
-68.262420	13.652484	346.457452	9.0	1321
-68.262420	0.000000	332.804968	9.0	1322
-81.914904	13.652484	332.804968	9.0	1323
-81.914904	0.000000	346.457452	9.0	1324
-40.957452	13.652484	346.457452	9.0	1325
-40.957452	0.000000	332.804968	9.0	1326
-54.609936	13.652484	332.804968	9.0	1327
-54.609936	0.000000	346.457452	9.0	1328
-13.652484	13.652484	346.457452	9.0	1329
-13.652484	0.000000	332.804968	9.0	1330
-27.304968	13.652484	332.804968	9.0	1331
-27.304968	0.000000	346.457452	9.0	1332
13.652484	13.652484	346.457452	9.0	1333
13.652484	0.000000	332.804968	9.0	1334
0.000000	13.652484	332.804968	9.0	1335
0.000000	0.000000	346.457452	9.0	1336
40.957452	13.652484	346.457452	9.0	1337
40.957452	0.000000	332.804968	9.0	1338
27.304968	13.652484	332.804968	9.0	1339
27.304968	0.000000	346.457452	9.0	1340
68.262420	13.652484	346.457452	9.0	1341
68.262420	0.000000	332.804968	9.0	1342
54.609936	13.652484	332.804968	9.0	1343
54.609936	0.000000	346.457452	9.0	1344
95.567388	13.652484	346.457452	9.0	1345
95.567388	0.000000	332.804968	9.0	1346
81.914904	13.652484	332.804968	9.0	1347
81.914904	0.000000	346.457452	9.0	1348
109.219872	13.652484	332.804968	9.0	1349
109.219872	0.000000	346.457452	9.0	1350
-95.567388	40.957452	346.457452	9.0	1351
-95.567388	27.304968	332.804968	9.0	1352
-109.219872	27.304968	346.457452	9.0	1353
-68.262420	40.957452	346.457452	9.0	1354
-68.262420	27.304968	332.804968	9.0	1355
-81.914904	40.957452	332.804968	9.0	1356
-81.914904	27.304968	346.457452	9.0	1357
-40.957452	40.957452	346.457452	9.0	1358
-40.957452	27.304968	332.804968	9.0	1359
-54.609936	40.957452	332.804968	9.0	1360
-54.609936	27.304968	346.457452	9.0	1361
-13.652484	40.957452	346.457452	9.0	1362
-13.652484	27.304968	332.804968	9.0	1363
-27.304968	40.957452	332.804968	9.0	1364
-27.304968	27.304968	346.457452	9.0	1365
13.652484	40.957452	346.457452	9.0	1366
13.652484	27.304968	332.804968	9.0	1367
0.000000	40.957452	332.804968	9.0	1368
0.000000	27.304968	346.457452	9.0	1369
40.957452	40.957452	346.457452	9.0	1370
40.957452	27.304968	332.804968	9.0	1371
27.304968	40.957452	332.804968	9.0	1372
27.304968	27.304968	346.457452	9.0	1373
68.262420	40.957452	346.457452	9.0	1374
68.262420	27.304968	332.804968	9.0	1375
54.609936	40.957452	332.804968	9.0	1376
54.609936	27.304968	346.457452	9.0	1377
95.567388	40.957452	346.457452	9.0	1378
95.567388	27.304968	332.804968	9.0	1379
81.914904	40.957452	332.804968	9.0	1380
81.914904	27.304968	346.457452	9.0	1381
109.219872	27.304968	346.457452	9.0	1382
-95.567388	54.609936	332.804968	9.0	1383
-68.262420	68.262420	346.457452	9.0	1384
-68.262420	54.609936	332.804968	9.0	1385
-81.914904	68.262420	332.804968	9.0	1386
-81.914904	54.609936	346.457452	9.0	1387
-40.957452	68.262420	346.457452	9.0	1388
-40.957452	54.609936	332.804968	9.0	1389
-54.609936	68.262420	332.804968	9.0	1390
-54.609936	54.609936	346.457452	9.0	1391
-13.652484	68.262420	346.457452	9.0	1392
-13.652484	54.609936	332.804968	9.0	1393
-27.304968	68.262420	332.804968	9.0	1394
-27.304968	54.609936	346.457452	9.0	1395
13.652484	68.262420	346.457452	9.0	1396
13.652484	54.609936	332.804968	9.0	1397
0.000000	68.262420	332.804968	9.0	1398
0.000000	54.609936	346.457452	9.0	1399
40.957452	68.262420	346.457452	9.0	1400
40.957452	54.609936	332.804968	9.0	1401
27.304968	68.262420	332.804968	9.0	1402
27.304968	54.609936	346.457452	9.0	1403
68.262420	68.262420	346.457452	9.0	1404
68.262420	54.609936	332.804968	9.0	1405
54.609936	68.262420	332.804968	9.0	1406
54.609936	54.609936	346.457452	9.0	1407
95.567388	54.609936	332.804968	9.0	1408
81.914904	68.262420	332.804968	9.0	1409
81.914904	54.609936	346.457452	9.0	1410
-68.262420	81.914904	332.804968	9.0	1411
-40.957452	95.567388	346.457452	9.0	1412
-40.957452	81.914904	332.804968	9.0	1413
-54.609936	95.567388	332.804968	9.0	1414
-54.609936	81.914904	346.457452	9.0	1415
-13.652484	95.567388	346.457452	9.0	1416
-13.652484	81.914904	332.804968	9.0	1417
-27.304968	95.567388	332.804968	9.0	1418
-27.304968	81.914904	346.457452	9.0	1419
13.652484	95.567388	346.457452	9.0	1420
13.652484	81.914904	332.804968	9.0	1421
0.000000	95.567388	332.804968	9.0	1422
0.000000	81.914904	346.457452	9.0	1423
40.957452	95.567388	346.457452	9.0	1424
40.957452	81.914904	332.804968	9.0	1425
27.304968	95.567388	332.804968	9.0	1426
27.304968	81.914904	346.457452	9.0	1427
68.262420	81.914904	332.804968	9.0	1428
54.609936	95.567388	332.804968	9.0	1429
54.609936	81.914904	346.457452	9.0	1430
-13.652484	109.219872	332.804968	9.0	1431
-27.304968	109.219872	346.457452	9.0	1432
13.652484	109.219872	332.804968	9.0	1433
0.000000	109.219872	346.457452	9.0	1434
27.304968	109.219872	346.457452	9.0	1435
-40.957452	-95.567388	373.762420	9.0	1436
-54.609936	-95.567388	360.109936	9.0	1437
-13.652484	-95.567388	373.762420	9.0	1438
-13.652484	-109.219872	360.109936	9.0	1439
-27.304968	-95.567388	360.109936	9.0	1440
-27.304968	-109.219872	373.762420	9.0	1441
13.652484	-95.567388	373.762420	9.0	1442
13.652484	-109.219872	360.109936	9.0	1443
0.000000	-95.567388	360.109936	9.0	1444
0.000000	-109.219872	373.762420	9.0	1445
40.957452	-95.567388	373.762420	9.0	1446
27.304968	-95.567388	360.109936	9.0	1447
27.304968	-109.219872	373.762420	9.0	1448
54.609936	-95.567388	360.109936	9.0	1449
-68.262420	-68.262420	373.762420	9.0	1450
-68.262420	-81.914904	360.109936	9.0	1451
-81.914904	-68.262420	360.109936	9.0	1452
-40.957452	-68.262420	373.762420	9.0	1453
-40.957452	-81.914904	360.109936	9.0	1454
-54.609936	-68.262420	360.109936	9.0	1455
-54.609936	-81.914904	373.762420	9.0	1456
-13.652484	-68.262420	373.762420	9.0	1457
-13.652484	-81.914904	360.109936	9.0	1458
-27.304968	-68.262420	360.109936	9.0	1459
-27.304968	-81.914904	373.762420	9.0	1460
13.652484	-68.262420	373.762420	9.0	1461
13.652484	-81.914904	360.109936	9.0	1462
0.000000	-68.262420	360.109936	9.0	1463
0.000000	-81.914904	373.762420	9.0	1464
40.957452	-68.262420	373.762420	9.0	1465
40.957452	-81.914904	360.109936	9.0	1466
27.304968	-68.262420	360.109936	9.0	1467
27.304968	-81.914904	373.762420	9.0	1468
68.262420	-68.262420	373.762420	9.0	1469
68.262420	-81.914904	360.109936	9.0	1470
54.609936	-68.262420	360.109936	9.0	1471
54.609936	-81.914904	373.762420	9.0	1472
81.914904	-68.262420	360.109936	9.0	1473
-95.567388	-40.957452	373.762420	9.0	1474
-95.567388	-54.609936	360.109936	9.0	1475
-68.262420	-40.957452	373.762420	9.0	1476
-68.262420	-54.609936	360.109936	9.0	1477
-81.914904	-40.957452	360.109936	9.0	1478
-81.914904	-54.609936	373.762420	9.0	1479
-40.957452	-40.957452	373.762420	9.0	1480
-40.957452	-54.609936	360.109936	9.0	1481
-54.609936	-40.957452	360.109936	9.0	1482
-54.609936	-54.609936	373.762420	9.0	1483
-13.652484	-40.957452	373.762420	9.0	1484
-13.652484	-54.609936	360.109936	9.0	1485
-27.304968	-40.957452	360.109936	9.0	1486
-27.304968	-54.609936	373.762420	9.0	1487
13.652484	-40.957452	373.762420	9.0	1488
13.652484	-54.609936	360.109936	9.0	1489
0.000000	-40.957452	360.109936	9.0	1490
0.000000	-54.609936	373.762420	9.0	1491
40.957452	-40.957452	373.762420	9.0	1492
40.957452	-54.609936	360.109936	9.0	1493
27.304968	-40.957452	360.109936	9.0	1494
27.304968	-54.609936	373.762420	9.0	1495
68.262420	-40.957452	373.762420	9.0	1496
68.262420	-54.609936	360.109936	9.0	1497
54.609936	-40.957452	360.109936	9.0	1498
54.609936	-54.609936	373.762420	9.0	1499
95.567388	-40.957452	373.762420	9.0	1500
95.567388	-54.609936	360.109936	9.0	1501
81.914904	-40.957452	360.109936	9.0	1502
81.914904	-54.609936	373.762420	9.0	1503
-95.567388	-13.652484	373.762420	9.0	1504
-95.567388	-27.304968	360.109936	9.0	1505
-109.219872	-13.652484	360.109936	9.0	1506
-109.219872	-27.304968	373.762420	9.0	1507
-68.262420	-13.652484	373.762420	9.0	1508
-68.262420	-27.304968	360.109936	9.0	1509
-81.914904	-13.652484	360.109936	9.0	1510
-81.914904	-27.304968	373.762420	9.0	1511
-40.957452	-13.652484	373.762420	9.0	1512
-40.957452	-27.304968	360.109936	9.0	1513
-54.609936	-13.652484	360.109936	9.0	1514
-54.609936	-27.304968	373.762420	9.0	1515
-13.652484	-13.652484	373.762420	9.0	1516
-13.652484	-27.304968	360.109936	9.0	1517
-27.304968	-13.652484	360.109936	9.0	1518
-27.304968	-27.304968	373.762420	9.0	1519
13.652484	-13.652484	373.762420	9.0	1520
13.652484	-27.304968	360.109936	9.0	1521
0.000000	-13.652484	360.109936	9.0	1522
0.000000	-27.304968	373.762420	9.0	1523
40.957452	-13.652484	373.762420	9.0	1524
40.957452	-27.304968	360.109936	9.0	1525
27.304968	-13.652484	360.109936	9.0	1526
27.304968	-27.304968	373.762420	9.0	1527
68.262420	-13.652484	373.762420	9.0	1528
68.262420	-27.304968	360.109936	9.0	1529
54.609936	-13.652484	360.109936	9.0	1530
54.609936	-27.304968	373.762420	9.0	1531
95.567388	-13.652484	373.762420	9.0	1532
95.567388	-27.304968	360.109936	9.0	1533
81.914904	-13.652484	360.109936	9.0	1534
81.914904	-27.304968	373.762420	9.0	1535
109.219872	-13.652484	360.109936	9.0	1536
109.219872	-27.304968	373.762420	9.0	1537
-95.567388	13.652484	373.762420	9.0	1538
-95.567388	0.000000	360.109936	9.0	1539
-109.219872	13.652484	360.109936	9.0	1540
-109.219872	0.000000	373.762420	9.0	1541
-68.262420	13.652484	373.762420	9.0	1542
-68.262420	0.000000	360.109936	9.0	1543
-81.914904	13.652484	360.109936	9.0	1544
-81.914904	0.000000	373.762420	9.0	1545
-40.957452	13.652484	373.762420	9.0	1546
-40.957452	0.000000	360.109936	9.0	1547
-54.609936	13.652484	360.109936	9.0	1548
-54.609936	0.000000	373.762420	9.0	1549
-13.652484	13.652484	373.762420	9.0	1550
-13.652484	0.000000	360.109936	9.0	1551
-27.304968	13.652484	360.109936	9.0	1552
-27.304968	0.000000	373.762420	9.0	1553
13.652484	13.652484	373.762420	9.0	1554
13.652484	0.000000	360.109936	9.0	1555
0.000000	13.652484	360.109936	9.0	1556
0.000000	0.000000	373.762420	9.0	1557
40.957452	13.652484	373.762420	9.0	1558
40.957452	0.000000	360.109936	9.0	1559
27.304968	13.652484	360.109936	9.0	1560
27.304968	0.000000	373.762420	9.0	1561
68.262420	13.652484	373.762420	9.0	1562
68.262420	0.000000	360.109936	9.0	1563
54.609936	13.652484	360.109936	9.0	1564
54.609936	0.000000	373.762420	9.0	1565
95.567388	13.652484	373.762420	9.0	1566
95.567388	0.000000	360.109936	9.0	1567
81.914904	13.652484	360.109936	9.0	1568
81.914904	0.000000	373.762420	9.0	1569
109.219872	13.652484	360.109936	9.0	1570
109.219872	0.000000	373.762420	9.0	1571
-95.567388	40.957452	373.762420	9.0	1572
-95.567388	27.304968	360.109936	9.0	1573
-109.219872	27.304968	373.762420	9.0	1574
-68.262420	40.957452	373.762420	9.0	1575
-68.262420	27.304968	360.109936	9.0	1576
-81.914904	40.957452	360.109936	9.0	1577
-81.914904	27.304968	373.762420	9.0	1578
-40.957452	40.957452	373.762420	9.0	1579
-40.957452	27.304968	360.109936	9.0	1580
-54.609936	40.957452	360.109936	9.0	1581
-54.609936	27.304968	373.762420	9.0	1582
-13.652484	40.957452	373.762420	9.0	1583
-13.652484	27.304968	360.109936	9.0	1584
-27.304968	40.957452	360.109936	9.0	1585
-27.304968	27.304968	373.762420	9.0	1586
13.652484	40.957452	373.762420	9.0	1587
13.652484	27.304968	360.109936	9.0	1588
0.000000	40.957452	360.109936	9.0	1589
0.000000	27.304968	373.762420	9.0	1590
40.957452	40.957452	373.762420	9.0	1591
40.957452	27.304968	360.109936	9.0	1592
27.304968	40.957452	360.109936	9.0	1593
27.304968	27.304968	373.762420	9.0	1594
68.262420	40.957452	373.762420	9.0	1595
68.262420	27.304968	360.109936	9.0	1596
54.609936	40.957452	360.109936	9.0	1597
54.609936	27.304968	373.762420	9.0	1598
95.567388	40.957452	373.762420	9.0	1599
95.567388	27.304968	360.109936	9.0	1600
81.914904	40.957452	360.109936	9.0	1601
81.914904	27.304968	373.762420	9.0	1602
109.219872	27.304968	373.762420	9.0	1603
-95.567388	54.609936	360.109936	9.0	1604
-68.262420	68.262420	373.762420	9.0	1605
-68.262420	54.609936	360.109936	9.0	1606
-81.914904	68.262420	360.109936	9.0	1607
-81.914904	54.609936	373.762420	9.0	1608
-40.957452	68.262420	373.762420	9.0	1609
-40.957452	54.609936	360.109936	9.0	1610
-54.609936	68.262420	360.109936	9.0	1611
-54.609936	54.609936	373.762420	9.0	1612
-13.652484	68.262420	373.762420	9.0	1613
-13.652484	54.609936	360.109936	9.0	1614
-27.304968	68.262420	360.109936	9.0	1615
-27.304968	54.609936	373.762420	9.0	1616
13.652484	68.262420	373.762420	9.0	1617
13.652484	54.609936	360.109936	9.0	1618
0.000000	68.262420	360.109936	9.0	1619
0.000000	54.609936	373.762420	9.0	1620
40.957452	68.262420	373.762420	9.0	1621
40.957452	54.609936	360.109936	9.0	1622
27.304968	68.262420	360.109936	9.0	1623
27.304968	54.609936	373.762420	9.0	1624
68.262420	68.262420	373.762420	9.0	1625
68.262420	54.609936	360.109936	9.0	1626
54.609936	68.262420	360.109936	9.0	1627
54.609936	54.609936	373.762420	9.0	1628
95.567388	54.609936	360.109936	9.0	1629
81.914904	68.262420	360.109936	9.0	1630
81.914904	54.609936	373.762420	9.0	1631
-68.262420	81.914904	360.109936	9.0	1632
-40.957452	95.567388	373.762420	9.0	1633
-40.957452	81.914904	360.109936	9.0	1634
-54.609936	95.567388	360.109936	9.0	1635
-54.609936	81.914904	373.762420	9.0	1636
-13.652484	95.567388	373.762420	9.0	1637
-13.652484	81.914904	360.109936	9.0	1638
-27.304968	95.567388	360.109936	9.0	1639
-27.304968	81.914904	373.762420	9.0	1640
13.652484	95.567388	373.762420	9.0	1641
13.652484	81.914904	360.109936	9.0	1642
0.000000	95.567388	360.109936	9.0	1643
0.000000	81.914904	373.762420	9.0	1644
40.957452	95.567388	373.762420	9.0	1645
40.957452	81.914904	360.109936	9.0	1646
27.304968	95.567388	360.109936	9.0	1647
27.304968	81.914904	373.762420	9.0	1648
68.262420	81.914904	360.109936	9.0	1649
54.609936	95.567388	360.109936	9.0	1650
54.609936	81.914904	373.762420	9.0	1651
-13.652484	109.219872	360.109936	9.0	1652
-27.304968	109.219872	373.762420	9.0	1653
13.652484	109.219872	360.109936	9.0	1654
0.000000	109.219872	373.762420	9.0	1655
27.304968	109.219872	373.762420	9.0	1656
-40.957452	-95.567388	401.067388	9.0	1657
-54.609936	-95.567388	387.414904	9.0	1658
-13.652484	-95.567388	401.067388	9.0	1659
-13.652484	-109.219872	387.414904	9.0	1660
-27.304968	-95.567388	387.414904	9.0	1661
-27.304968	-109.219872	401.067388	9.0	1662
13.652484	-95.567388	401.067388	9.0	1663
13.652484	-109.219872	387.414904	9.0	1664
0.000000	-95.567388	387.414904	9.0	1665
0.000000	-109.219872	401.067388	9.0	1666
40.957452	-95.567388	401.067388	9.0	1667
27.304968	-95.567388	387.414904	9.0	1668
27.304968	-109.219872	401.067388	9.0	1669
54.609936	-95.567388	387.414904	9.0	1670
-68.262420	-68.262420	401.067388	9.0	1671
-68.262420	-81.914904	387.414904	9.0	1672
-81.914904	-68.262420	387.414904	9.0	1673
-40.957452	-68.262420	401.067388	9.0	1674
-40.957452	-81.914904	387.414904	9.0	1675
-54.609936	-68.262420	387.414904	9.0	1676
-54.609936	-81.914904	401.067388	9.0	1677
-13.652484	-68.262420	401.067388	9.0	1678
-13.652484	-81.914904	387.414904	9.0	1679
-27.304968	-68.262420	387.414904	9.0	1680
-27.304968	-81.914904	401.067388	9.0	1681
13.652484	-68.262420	401.067388	9.0	1682
13.652484	-81.914904	387.414904	9.0	1683
0.000000	-68.262420	387.414904	9.0	1684
0.000000	-81.914904	401.067388	9.0	1685
40.957452	-68.262420	401.067388	9.0	1686
40.957452	-81.914904	387.414904	9.0	1687
27.304968	-68.262420	387.414904	9.0	1688
27.304968	-81.914904	401.067388	9.0	1689
68.262420	-68.262420	401.067388	9.0	1690
68.262420	-81.914904	387.414904	9.0	1691
54.609936	-68.262420	387.414904	9.0	1692
54.609936	-81.914904	401.067388	9.0	1693
81.914904	-68.262420	387.414904	9.0	1694
-95.567388	-40.957452	401.067388	9.0	1695
-95.567388	-54.609936	387.414904	9.0	1696
-68.262420	-40.957452	401.067388	9.0	1697
-68.262420	-54.609936	387.414904	9.0	1698
-81.914904	-40.957452	387.414904	9.0	1699
-81.914904	-54.609936	401.067388	9.0	1700
-40.957452	-40.957452	401.067388	9.0	1701
-40.957452	-54.609936	387.414904	9.0	1702
-54.609936	-40.957452	387.414904	9.0	1703
-54.609936	-54.609936	401.067388	9.0	1704
-13.652484	-40.957452	401.067388	9.0	1705
-13.652484	-54.609936	387.414904	9.0	1706
-27.304968	-40.957452	387.414904	9.0	1707
-27.304968	-54.609936	401.067388	9.0	1708
13.652484	-40.957452	401.067388	9.0	1709
13.652484	-54.609936	387.414904	9.0	1710
0.000000	-40.957452	387.414904	9.0	1711
0.000000	-54.609936	401.067388	9.0	1712
40.957452	-40.957452	401.067388	9.0	1713
40.957452	-54.609936	387.414904	9.0	1714
27.304968	-40.957452	387.414904	9.0	1715
27.304968	-54.609936	401.067388	9.0	1716
68.262420	-40.957452	401.067388	9.0	1717
68.262420	-54.609936	387.414904	9.0	1718
54.609936	-40.957452	387.414904	9.0	1719
54.609936	-54.609936	401.067388	9.0	1720
95.567388	-40.957452	401.067388	9.0	1721
95.567388	-54.609936	387.414904	9.0	1722
81.914904	-40.957452	387.414904	9.0	1723
81.914904	-54.609936	401.067388	9.0	1724
-95.567388	-13.652484	401.067388	9.0	1725
-95.567388	-27.304968	387.414904	9.0	1726
-109.219872	-13.652484	387.414904	9.0	1727
-109.219872	-27.304968	401.067388	9.0	1728
-68.262420	-13.652484	401.067388	9.0	1729
-68.262420	-27.304968	387.414904	9.0	1730
-81.914904	-13.652484	387.414904	9.0	1731
-81.914904	-27.304968	401.067388	9.0	1732
-40.957452	-13.652484	401.067388	9.0	1733
-40.957452	-27.304968	387.414904	9.0	1734
-54.609936	-13.652484	387.414904	9.0	1735
-54.609936	-27.304968	401.067388	9.0	1736
-13.652484	-13.652484	401.067388	9.0	1737
-13.652484	-27.304968	387.414904	9.0	1738
-27.304968	-13.652484	387.414904	9.0	1739
-27.304968	-27.304968	401.067388	9.0	1740
13.652484	-13.652484	401.067388	9.0	1741
13.652484	-27.304968	387.414904	9.0	1742
0.000000	-13.652484	387.414904	9.0	1743
0.000000	-27.304968	401.067388	9.0	1744
40.957452	-13.652484	401.067388	9.0	1745
40.957452	-27.304968	387.414904	9.0	1746
27.304968	-13.652484	387.414904	9.0	1747
27.304968	-27.304968	401.067388	9.0	1748
68.262420	-13.652484	401.067388	9.0	1749
68.262420	-27.304968	387.414904	9.0	1750
54.609936	-13.652484	387.414904	9.0	1751
54.609936	-27.304968	401.067388	9.0	1752
95.567388	-13.652484	401.067388	9.0	1753
95.567388	-27.304968	387.414904	9.0	1754
81.914904	-13.652484	387.414904	9.0	1755
81.914904	-27.304968	401.067388	9.0	1756
109.219872	-13.652484	387.414904	9.0	1757
109.219872	-27.304968	401.067388	9.0	1758
-95.567388	13.652484	401.067388	9.0	1759
-95.567388	0.000000	387.414904	9.0	1760
-109.219872	13.652484	387.414904	9.0	1761
-109.219872	0.000000	401.067388	9.0	1762
-68.262420	13.652484	401.067388	9.0	1763
-68.262420	0.000000	387.414904	9.0	1764
-81.914904	13.652484	387.414904	9.0	1765
-81.914904	0.000000	401.067388	9.0	1766
-40.957452	13.652484	401.067388	9.0	1767
-40.957452	0.000000	387.414904	9.0	1768
-54.609936	13.652484	387.414904	9.0	1769
-54.609936	0.000000	401.067388	9.0	1770
-13.652484	13.652484	401.067388	9.0	1771
-13.652484	0.000000	387.414904	9.0	1772
-27.304968	13.652484	387.414904	9.0	1773
-27.304968	0.000000	401.067388	9.0	1774
13.652484	13.652484	401.067388	9.0	1775
13.652484	0.000000	387.414904	9.0	1776
0.000000	13.652484	387.414904	9.0	1777
0.000000	0.000000	401.067388	9.0	1778
40.957452	13.652484	401.067388	9.0	1779
40.957452	0.000000	387.414904	9.0	1780
27.304968	13.652484	387.414904	9.0	1781
27.304968	0.000000	401.067388	9.0	1782
68.262420	13.652484	401.067388	9.0	1783
68.262420	0.000000	387.414904	9.0	1784
54.609936	13.652484	387.414904	9.0	1785
54.609936	0.000000	401.067388	9.0	1786
95.567388	13.652484	401.067388	9.0	1787
95.567388	0.000000	387.414904	9.0	1788
81.914904	13.652484	387.414904	9.0	1789
81.914904	0.000000	401.067388	9.0	1790
109.219872	13.652484	387.414904	9.0	1791
109.219872	0.000000	401.067388	9.0	1792
-95.567388	40.957452	401.067388	9.0	1793
-95.567388	27.304968	387.414904	9.0	1794
-109.219872	27.304968	401.067388	9.0	1795
-68.262420	40.957452	401.067388	9.0	1796
-68.262420	27.304968	387.414904	9.0	1797
-81.914904	40.957452	387.414904	9.0	1798
-81.914904	27.304968	401.067388	9.0	1799
-40.957452	40.957452	401.067388	9.0	1800
-40.957452	27.304968	387.414904	9.0	1801
-54.609936	40.957452	387.414904	9.0	1802
-54.609936	27.304968	401.067388	9.0	1803
-13.652484	40.957452	401.067388	9.0	1804
-13.652484	27.304968	387.414904	9.0	1805
-27.304968	40.957452	387.414904	9.0	1806
-27.304968	27.304968	401.067388	9.0	1807
13.652484	40.957452	401.067388	9.0	1808
13.652484	27.304968	387.414904	9.0	1809
0.000000	40.957452	387.414904	9.0	1810
0.000000	27.304968	401.067388	9.0	1811
40.957452	40.957452	401.067388	9.0	1812
40.957452	27.304968	387.414904	9.0	1813
27.304968	40.957452	387.414904	9.0	1814
27.304968	27.304968	401.067388	9.0	1815
68.262420	40.957452	401.067388	9.0	1816
68.262420	27.304968	387.414904	9.0	1817
54.609936	40.957452	387.414904	9.0	1818
54.609936	27.304968	401.067388	9.0	1819
95.567388	40.957452	401.067388	9.0	1820
95.567388	27.304968	387.414904	9.0	1821
81.914904	40.957452	387.414904	9.0	1822
81.914904	27.304968	401.067388	9.0	1823
109.219872	27.304968	401.067388	9.0	1824
-95.567388	54.609936	387.414904	9.0	1825
-68.262420	68.262420	401.067388	9.0	1826
-68.262420	54.609936	387.414904	9.0	1827
-81.914904	68.262420	387.414904	9.0	1828
-81.914904	54.609936	401.067388	9.0	1829
-40.957452	68.262420	401.067388	9.0	1830
-40.957452	54.609936	387.414904	9.0	1831
-54.609936	68.262420	387.414904	9.0	1832
-54.609936	54.609936	401.067388	9.0	1833
-13.652484	68.262420	401.067388	9.0	1834
-13.652484	54.609936	387.414904	9.0	1835
-27.304968	68.262420	387.414904	9.0	1836
-27.304968	54.609936	401.067388	9.0	1837
13.652484	68.262420	401.067388	9.0	1838
13.652484	54.609936	387.414904	9.0	1839
0.000000	68.262420	387.414904	9.0	1840
0.000000	54.609936	401.067388	9.0	1841
40.957452	68.262420	401.067388	9.0	1842
40.957452	54.609936	387.414904	9.0	1843
27.304968	68.262420	387.414904	9.0	1844
27.304968	54.609936	401.067388	9.0	1845
68.262420	68.262420	401.067388	9.0	1846
68.262420	54.609936	387.414904	9.0	1847
54.609936	68.262420	387.414904	9.0	1848
54.609936	54.609936	401.067388	9.0	1849
95.567388	54.609936	387.414904	9.0	1850
81.914904	68.262420	387.414904	9.0	1851
81.914904	54.609936	401.067388	9.0	1852
-68.262420	81.914904	387.414904	9.0	1853
-40.957452	95.567388	401.067388	9.0	1854
-40.957452	81.914904	387.414904	9.0	1855
-54.609936	95.567388	387.414904	9.0	1856
-54.609936	81.914904	401.067388	9.0	1857
-13.652484	95.567388	401.067388	9.0	1858
-13.652484	81.914904	387.414904	9.0	1859
-27.304968	95.567388	387.414904	9.0	1860
-27.304968	81.914904	401.067388	9.0	1861
13.652484	95.567388	401.067388	9.0	1862
13.652484	81.914904	387.414904	9.0	1863
0.000000	95.567388	387.414904	9.0	1864
0.000000	81.914904	401.067388	9.0	1865
40.957452	95.567388	401.067388	9.0	1866
40.957452	81.914904	387.414904	9.0	1867
27.304968	95.567388	387.414904	9.0	1868
27.304968	81.914904	401.067388	9.0	1869
68.262420	81.914904	387.414904	9.0	1870
54.609936	95.567388	387.414904	9.0	1871
54.609936	81.914904	401.067388	9.0	1872
-13.652484	109.219872	387.414904	9.0	1873
-27.304968	109.219872	401.067388	9.0	1874
13.652484	109.219872	387.414904	9.0	1875
0.000000	109.219872	401.067388	9.0	1876
27.304968	109.219872	401.067388	9.0	1877
-40.957452	-95.567388	428.372356	9.0	1878
-54.609936	-95.567388	414.719872	9.0	1879
-13.652484	-95.567388	428.372356	9.0	1880
-13.652484	-109.219872	414.719872	9.0	1881
-27.304968	-95.567388	414.719872	9.0	1882
-27.304968	-109.219872	428.372356	9.0	1883
13.652484	-95.567388	428.372356	9.0	1884
13.652484	-109.219872	414.719872	9.0	1885
0.000000	-95.567388	414.719872	9.0	1886
0.000000	-109.219872	428.372356	9.0	1887
40.957452	-95.567388	428.372356	9.0	1888
27.304968	-95.567388	414.719872	9.0	1889
27.304968	-109.219872	428.372356	9.0	1890
54.609936	-95.567388	414.719872	9.0	1891
-68.262420	-68.262420	428.372356	9.0	1892
-68.262420	-81.914904	414.719872	9.0	1893
-81.914904	-68.262420	414.719872	9.0	1894
-40.957452	-68.262420	428.372356	9.0	1895
-40.957452	-81.914904	414.719872	9.0	1896
-54.609936	-68.262420	414.719872	9.0	1897
-54.609936	-81.914904	428.372356	9.0	1898
-13.652484	-68.262420	428.372356	9.0	1899
-13.652484	-81.914904	414.719872	9.0	1900
-27.304968	-68.262420	414.719872	9.0	1901
-27.304968	-81.914904	428.372356	9.0	1902
13.652484	-68.262420	428.372356	9.0	1903
13.652484	-81.914904	414.719872	9.0	1904
0.000000	-68.262420	414.719872	9.0	1905
0.000000	-81.914904	428.372356	9.0	1906
40.957452	-68.262420	428.372356	9.0	1907
40.957452	-81.914904	414.719872	9.0	1908
27.304968	-68.262420	414.719872	9.0	1909
27.304968	-81.914904	428.372356	9.0	1910
68.262420	-68.262420	428.372356	9.0	1911
68.262420	-81.914904	414.719872	9.0	1912
54.609936	-68.262420	414.719872	9.0	1913
54.609936	-81.914904	428.372356	9.0	1914
81.914904	-68.262420	414.719872	9.0	1915
-95.567388	-40.957452	428.372356	9.0	1916
-95.567388	-54.609936	414.719872	9.0	1917
-68.262420	-40.957452	428.372356	9.0	1918
-68.262420	-54.609936	414.719872	9.0	1919
-81.914904	-40.957452	414.719872	9.0	1920
-81.914904	-54.609936	428.372356	9.0	1921
-40.957452	-40.957452	428.372356	9.0	1922
-40.957452	-54.609936	414.719872	9.0	1923
-54.609936	-40.957452	414.719872	9.0	1924
-54.609936	-54.609936	428.372356	9.0	1925
-13.652484	-40.957452	428.372356	9.0	1926
-13.652484	-54.609936	414.719872	9.0	1927
-27.304968	-40.957452	414.719872	9.0	1928
-27.304968	-54.609936	428.372356	9.0	1929
13.652484	-40.957452	428.372356	9.0	1930
13.652484	-54.609936	414.719872	9.0	1931
0.000000	-40.957452	414.719872	9.0	1932
0.000000	-54.609936	428.372356	9.0	1933
40.957452	-40.957452	428.372356	9.0	1934
40.957452	-54.609936	414.719872	9.0	1935
27.304968	-40.957452	414.719872	9.0	1936
27.304968	-54.609936	428.372356	9.0	1937
68.262420	-40.957452	428.372356	9.0	1938
68.262420	-54.609936	414.719872	9.0	1939
54.609936	-40.957452	414.719872	9.0	1940
54.609936	-54.609936	428.372356	9.0	1941
95.567388	-40.957452	428.372356	9.0	1942
95.567388	-54.609936	414.719872	9.0	1943
81.914904	-40.957452	414.719872	9.0	1944
81.914904	-54.609936	428.372356	9.0	1945
-95.567388	-13.652484	428.372356	9.0	1946
-95.567388	-27.304968	414.719872	9.0	1947
-109.219872	-13.652484	414.719872	9.0	1948
-109.219872	-27.304968	428.372356	9.0	1949
-68.262420	-13.652484	428.372356	9.0	1950
-68.262420	-27.304968	414.719872	9.0	1951
-81.914904	-13.652484	414.719872	9.0	1952
-81.914904	-27.304968	428.372356	9.0	1953
-40.957452	-13.652484	428.372356	9.0	1954
-40.957452	-27.304968	414.719872	9.0	1955
-54.609936	-13.652484	414.719872	9.0	1956
-54.609936	-27.304968	428.372356	9.0	1957
-13.652484	-13.652484	428.372356	9.0	1958
-13.652484	-27.304968	414.719872	9.0	1959
-27.304968	-13.652484	414.719872	9.0	1960
-27.304968	-27.304968	428.372356	9.0	1961
13.652484	-13.652484	428.372356	9.0	1962
13.652484	-27.304968	414.719872	9.0	1963
0.000000	-13.652484	414.719872	9.0	1964
0.000000	-27.304968	428.372356	9.0	1965
40.957452	-13.652484	428.372356	9.0	1966
40.957452	-27.304968	414.719872	9.0	1967
27.304968	-13.652484	414.719872	9.0	1968
27.304968	-27.304968	428.372356	9.0	1969
68.262420	-13.652484	428.372356	9.0	1970
68.262420	-27.304968	414.719872	9.0	1971
54.609936	-13.652484	414.719872	9.0	1972
54.609936	-27.304968	428.372356	9.0	1973
95.567388	-13.652484	428.372356	9.0	1974
95.567388	-27.304968	414.719872	9.0	1975
81.914904	-13.652484	414.719872	9.0	1976
81.914904	-27.304968	428.372356	9.0	1977
109.219872	-13.652484	414.719872	9.0	1978
109.219872	-27.304968	428.372356	9.0	1979
-95.567388	13.652484	428.372356	9.0	1980
-95.567388	0.000000	414.719872	9.0	1981
-109.219872	13.652484	414.719872	9.0	1982
-109.219872	0.000000	428.372356	9.0	1983
-68.262420	13.652484	428.372356	9.0	1984
-68.262420	0.000000	414.719872	9.0	1985
-81.914904	13.652484	414.719872	9.0	1986
-81.914904	0.000000	428.372356	9.0	1987
-40.957452	13.652484	428.372356	9.0	1988
-40.957452	0.000000	414.719872	9.0	1989
-54.609936	13.652484	414.719872	9.0	1990
-54.609936	0.000000	428.372356	9.0	1991
-13.652484	13.652484	428.372356	9.0	1992
-13.652484	0.000000	414.719872	9.0	1993
-27.304968	13.652484	414.719872	9.0	1994
-27.304968	0.000000	428.372356	9.0	1995
13.652484	13.652484	428.372356	9.0	1996
13.652484	0.000000	414.719872	9.0	1997
0.000000	13.652484	414.719872	9.0	1998
0.000000	0.000000	428.372356	9.0	1999
40.957452	13.652484	428.372356	9.0	2000
40.957452	0.000000	414.719872	9.0	2001
27.304968	13.652484	414.719872	9.0	2002
27.304968	0.000000	428.372356	9.0	2003
68.262420	13.652484	428.372356	9.0	2004
68.262420	0.000000	414.719872	9.0	2005
54.609936	13.652484	414.719872	9.0	2006
54.609936	0.000000	428.372356	9.0	2007
95.567388	13.652484	428.372356	9.0	2008
95.567388	0.000000	414.719872	9.0	2009
81.914904	13.652484	414.719872	9.0	2010
81.914904	0.000000	428.372356	9.0	2011
109.219872	13.652484	414.719872	9.0	2012
109.219872	0.000000	428.372356	9.0	2013
-95.567388	40.957452	428.372356	9.0	2014
-95.567388	27.304968	414.719872	9.0	2015
-109.219872	27.304968	428.372356	9.0	2016
-68.262420	40.957452	428.372356	9.0	2017
-68.262420	27.304968	414.719872	9.0	2018
-81.914904	40.957452	414.719872	9.0	2019
-81.914904	27.304968	428.372356	9.0	2020
-40.957452	40.957452	428.372356	9.0	2021
-40.957452	27.304968	414.719872	9.0	2022
-54.609936	40.957452	414.719872	9.0	2023
-54.609936	27.304968	428.372356	9.0	2024
-13.652484	40.957452	428.372356	9.0	2025
-13.652484	27.304968	414.719872	9.0	2026
-27.304968	40.957452	414.719872	9.0	2027
-27.304968	27.304968	428.372356	9.0	2028
13.652484	40.957452	428.372356	9.0	2029
13.652484	27.304968	414.719872	9.0	2030
0.000000	40.957452	414.719872	9.0	2031
0.000000	27.304968	428.372356	9.0	2032
40.957452	40.957452	428.372356	9.0	2033
40.957452	27.304968	414.719872	9.0	2034
27.304968	40.957452	414.719872	9.0	2035
27.304968	27.304968	428.372356	9.0	2036
68.262420	40.957452	428.372356	9.0	2037
68.262420	27.304968	414.719872	9.0	2038
54.609936	40.957452	414.719872	9.0	2039
54.609936	27.304968	428.372356	9.0	2040
95.567388	40.957452	428.372356	9.0	2041
95.567388	27.304968	414.719872	9.0	2042
81.914904	40.957452	414.719872	9.0	2043
81.914904	27.304968	428.372356	9.0	2044
109.219872	27.304968	428.372356	9.0	2045
-95.567388	54.609936	414.719872	9.0	2046
-68.262420	68.262420	428.372356	9.0	2047
-68.262420	54.609936	414.719872	9.0	2048
-81.914904	68.262420	414.719872	9.0	2049
-81.914904	54.609936	428.372356	9.0	2050
-40.957452	68.262420	428.372356	9.0	2051
-40.957452	54.609936	414.719872	9.0	2052
-54.609936	68.262420	414.719872	9.0	2053
-54.609936	54.609936	428.372356	9.0	2054
-13.652484	68.262420	428.372356	9.0	2055
-13.652484	54.609936	414.719872	9.0	2056
-27.304968	68.262420	414.719872	9.0	2057
-27.304968	54.609936	428.372356	9.0	2058
13.652484	68.262420	428.372356	9.0	2059
13.652484	54.609936	414.719872	9.0	2060
0.000000	68.262420	414.719872	9.0	2061
0.000000	54.609936	428.372356	9.0	2062
40.957452	68.262420	428.372356	9.0	2063
40.957452	54.609936	414.719872	9.0	2064
27.304968	68.262420	414.719872	9.0	2065
27.304968	54.609936	428.372356	9.0	2066
68.262420	68.262420	428.372356	9.0	2067
68.262420	54.609936	414.719872	9.0	2068
54.609936	68.262420	414.719872	9.0	2069
54.609936	54.609936	428.372356	9.0	2070
95.567388	54.609936	414.719872	9.0	2071
81.914904	68.262420	414.719872	9.0	2072
81.914904	54.609936	428.372356	9.0	2073
-68.262420	81.914904	414.719872	9.0	2074
-40.957452	95.567388	428.372356	9.0	2075
-40.957452	81.914904	414.719872	9.0	2076
-54.609936	95.567388	414.719872	9.0	2077
-54.609936	81.914904	428.372356	9.0	2078
-13.652484	95.567388	428.372356	9.0	2079
-13.652484	81.914904	414.719872	9.0	2080
-27.304968	95.567388	414.719872	9.0	2081
-27.304968	81.914904	428.372356	9.0	2082
13.652484	95.567388	428.372356	9.0	2083
13.652484	81.914904	414.719872	9.0	2084
0.000000	95.567388	414.719872	9.0	2085
0.000000	81.914904	428.372356	9.0	2086
40.957452	95.567388	428.372356	9.0	2087
40.957452	81.914904	414.719872	9.0	2088
27.304968	95.567388	414.719872	9.0	2089
27.304968	81.914904	428.372356	9.0	2090
68.262420	81.914904	414.719872	9.0	2091
54.609936	95.567388	414.719872	9.0	2092
54.609936	81.914904	428.372356	9.0	2093
-13.652484	109.219872	414.719872	9.0	2094
-27.304968	109.219872	428.372356	9.0	2095
13.652484	109.219872	414.719872	9.0	2096
0.000000	109.219872	428.372356	9.0	2097
27.304968	109.219872	428.372356	9.0	2098
