-40.957452	-95.567388	182.627644	9.0
-13.652484	-95.567388	182.627644	9.0
-27.304968	-109.219872	182.627644	9.0
13.652484	-95.567388	182.627644	9.0
0.000000	-109.219872	182.627644	9.0
40.957452	-95.567388	182.627644	9.0
27.304968	-109.219872	182.627644	9.0
-68.262420	-68.262420	182.627644	9.0
-40.957452	-68.262420	182.627644	9.0
-54.609936	-81.914904	182.627644	9.0
-13.652484	-68.262420	182.627644	9.0
-27.304968	-81.914904	182.627644	9.0
13.652484	-68.262420	182.627644	9.0
0.000000	-81.914904	182.627644	9.0
40.957452	-68.262420	182.627644	9.0
27.304968	-81.914904	182.627644	9.0
68.262420	-68.262420	182.627644	9.0
54.609936	-81.914904	182.627644	9.0
-95.567388	-40.957452	182.627644	9.0
-68.262420	-40.957452	182.627644	9.0
-81.914904	-54.609936	182.627644	9.0
-40.957452	-40.957452	182.627644	9.0
-54.609936	-54.609936	182.627644	9.0
-13.652484	-40.957452	182.627644	9.0
-27.304968	-54.609936	182.627644	9.0
13.652484	-40.957452	182.627644	9.0
0.000000	-54.609936	182.627644	9.0
40.957452	-40.957452	182.627644	9.0
27.304968	-54.609936	182.627644	9.0
68.262420	-40.957452	182.627644	9.0
54.609936	-54.609936	182.627644	9.0
95.567388	-40.957452	182.627644	9.0
81.914904	-54.609936	182.627644	9.0
-95.567388	-13.652484	182.627644	9.0
-109.219872	-27.304968	182.627644	9.0
-68.262420	-13.652484	182.627644	9.0
-81.914904	-27.304968	182.627644	9.0
-40.957452	-13.652484	182.627644	9.0
-54.609936	-27.304968	182.627644	9.0
-13.652484	-13.652484	182.627644	9.0
-27.304968	-27.304968	182.627644	9.0
13.652484	-13.652484	182.627644	9.0
0.000000	-27.304968	182.627644	9.0
40.957452	-13.652484	182.627644	9.0
27.304968	-27.304968	182.627644	9.0
68.262420	-13.652484	182.627644	9.0
54.609936	-27.304968	182.627644	9.0
95.567388	-13.652484	182.627644	9.0
81.914904	-27.304968	182.627644	9.0
109.219872	-27.304968	182.627644	9.0
-95.567388	13.652484	182.627644	9.0
-109.219872	0.000000	182.627644	9.0
-68.262420	13.652484	182.627644	9.0
-81.914904	0.000000	182.627644	9.0
-40.957452	13.652484	182.627644	9.0
-54.609936	0.000000	182.627644	9.0
-13.652484	13.652484	182.627644	9.0
-27.304968	0.000000	182.627644	9.0
13.652484	13.652484	182.627644	9.0
0.000000	0.000000	182.627644	9.0
40.957452	13.652484	182.627644	9.0
27.304968	0.000000	182.627644	9.0
68.262420	13.652484	182.627644	9.0
54.609936	0.000000	182.627644	9.0
95.567388	13.652484	182.627644	9.0
81.914904	0.000000	182.627644	9.0
109.219872	0.000000	182.627644	9.0
-95.567388	40.957452	182.627644	9.0
-109.219872	27.304968	182.627644	9.0
-68.262420	40.957452	182.627644	9.0
-81.914904	27.304968	182.627644	9.0
-40.957452	40.957452	182.627644	9.0
-54.609936	27.304968	182.627644	9.0
-13.652484	40.957452	182.627644	9.0
-27.304968	27.304968	182.627644	9.0
13.652484	40.957452	182.627644	9.0
0.000000	27.304968	182.627644	9.0
40.957452	40.957452	182.627644	9.0
27.304968	27.304968	182.627644	9.0
68.262420	40.957452	182.627644	9.0
54.609936	27.304968	182.627644	9.0
95.567388	40.957452	182.627644	9.0
81.914904	27.304968	182.627644	9.0
109.219872	27.304968	182.627644	9.0
-68.262420	68.262420	182.627644	9.0
-81.914904	54.609936	182.627644	9.0
-40.957452	68.262420	182.627644	9.0
-54.609936	54.609936	182.627644	9.0
-13.652484	68.262420	182.627644	9.0
-27.304968	54.609936	182.627644	9.0
13.652484	68.262420	182.627644	9.0
0.000000	54.609936	182.627644	9.0
40.957452	68.262420	182.627644	9.0
27.304968	54.609936	182.627644	9.0
68.262420	68.262420	182.627644	9.0
54.609936	54.609936	182.627644	9.0
81.914904	54.609936	182.627644	9.0
-40.957452	95.567388	182.627644	9.0
-54.609936	81.914904	182.627644	9.0
-13.652484	95.567388	182.627644	9.0
-27.304968	81.914904	182.627644	9.0
13.652484	95.567388	182.627644	9.0
0.000000	81.914904	182.627644	9.0
40.957452	95.567388	182.627644	9.0
27.304968	81.914904	182.627644	9.0
54.609936	81.914904	182.627644	9.0
-27.304968	109.219872	182.627644	9.0
0.000000	109.219872	182.627644	9.0
27.304968	109.219872	182.627644	9.0
-40.957452	-95.567388	209.932612	9.0
-54.609936	-95.567388	196.280128	9.0
-13.652484	-95.567388	209.932612	9.0
-13.652484	-109.219872	196.280128	9.0
-27.304968	-95.567388	196.280128	9.0
-27.304968	-109.219872	209.932612	9.0
13.652484	-95.567388	209.932612	9.0
13.652484	-109.219872	196.280128	9.0
0.000000	-95.567388	196.280128	9.0
0.000000	-109.219872	209.932612	9.0
40.957452	-95.567388	209.932612	9.0
27.304968	-95.567388	196.280128	9.0
27.304968	-109.219872	209.932612	9.0
54.609936	-95.567388	196.280128	9.0
-68.262420	-68.262420	209.932612	9.0
-68.262420	-81.914904	196.280128	9.0
-81.914904	-68.262420	196.280128	9.0
-40.957452	-68.262420	209.932612	9.0
-40.957452	-81.914904	196.280128	9.0
-54.609936	-68.262420	196.280128	9.0
-54.609936	-81.914904	209.932612	9.0
-13.652484	-68.262420	209.932612	9.0
-13.652484	-81.914904	196.280128	9.0
-27.304968	-68.262420	196.280128	9.0
-27.304968	-81.914904	209.932612	9.0
13.652484	-68.262420	209.932612	9.0
13.652484	-81.914904	196.280128	9.0
0.000000	-68.262420	196.280128	9.0
0.000000	-81.914904	209.932612	9.0
40.957452	-68.262420	209.932612	9.0
40.957452	-81.914904	196.280128	9.0
27.304968	-68.262420	196.280128	9.0
27.304968	-81.914904	209.932612	9.0
68.262420	-68.262420	209.932612	9.0
68.262420	-81.914904	196.280128	9.0
54.609936	-68.262420	196.280128	9.0
54.609936	-81.914904	209.932612	9.0
81.914904	-68.262420	196.280128	9.0
-95.567388	-40.957452	209.932612	9.0
-95.567388	-54.609936	196.280128	9.0
-68.262420	-40.957452	209.932612	9.0
-68.262420	-54.609936	196.280128	9.0
-81.914904	-40.957452	196.280128	9.0
-81.914904	-54.609936	209.932612	9.0
-40.957452	-40.957452	209.932612	9.0
-40.957452	-54.609936	196.280128	9.0
-54.609936	-40.957452	196.280128	9.0
-54.609936	-54.609936	209.932612	9.0
-13.652484	-40.957452	209.932612	9.0
-13.652484	-54.609936	196.280128	9.0
-27.304968	-40.957452	196.280128	9.0
-27.304968	-54.609936	209.932612	9.0
13.652484	-40.957452	209.932612	9.0
13.652484	-54.609936	196.280128	9.0
0.000000	-40.957452	196.280128	9.0
0.000000	-54.609936	209.932612	9.0
40.957452	-40.957452	209.932612	9.0
40.957452	-54.609936	196.280128	9.0
27.304968	-40.957452	196.280128	9.0
27.304968	-54.609936	209.932612	9.0
68.262420	-40.957452	209.932612	9.0
68.262420	-54.609936	196.280128	9.0
54.609936	-40.957452	196.280128	9.0
54.609936	-54.609936	209.932612	9.0
95.567388	-40.957452	209.932612	9.0
95.567388	-54.609936	196.280128	9.0
81.914904	-40.957452	196.280128	9.0
81.914904	-54.609936	209.932612	9.0
-95.567388	-13.652484	209.932612	9.0
-95.567388	-27.304968	196.280128	9.0
-109.219872	-13.652484	196.280128	9.0
-109.219872	-27.304968	209.932612	9.0
-68.262420	-13.652484	209.932612	9.0
-68.262420	-27.304968	196.280128	9.0
-81.914904	-13.652484	196.280128	9.0
-81.914904	-27.304968	209.932612	9.0
-40.957452	-13.652484	209.932612	9.0
-40.957452	-27.304968	196.280128	9.0
-54.609936	-13.652484	196.280128	9.0
-54.609936	-27.304968	209.932612	9.0
-13.652484	-13.652484	209.932612	9.0
-13.652484	-27.304968	196.280128	9.0
-27.304968	-13.652484	196.280128	9.0
-27.304968	-27.304968	209.932612	9.0
13.652484	-13.652484	209.932612	9.0
13.652484	-27.304968	196.280128	9.0
0.000000	-13.652484	196.280128	9.0
0.000000	-27.304968	209.932612	9.0
40.957452	-13.652484	209.932612	9.0
40.957452	-27.304968	196.280128	9.0
27.304968	-13.652484	196.280128	9.0
27.304968	-27.304968	209.932612	9.0
68.262420	-13.652484	209.932612	9.0
68.262420	-27.304968	196.280128	9.0
54.609936	-13.652484	196.280128	9.0
54.609936	-27.304968	209.932612	9.0
95.567388	-13.652484	209.932612	9.0
95.567388	-27.304968	196.280128	9.0
81.914904	-13.652484	196.280128	9.0
81.914904	-27.304968	209.932612	9.0
109.219872	-13.652484	196.280128	9.0
109.219872	-27.304968	209.932612	9.0
-95.567388	13.652484	209.932612	9.0
-95.567388	0.000000	196.280128	9.0
-109.219872	13.652484	196.280128	9.0
-109.219872	0.000000	209.932612	9.0
-68.262420	13.652484	209.932612	9.0
-68.262420	0.000000	196.280128	9.0
-81.914904	13.652484	196.280128	9.0
-81.914904	0.000000	209.932612	9.0
-40.957452	13.652484	209.932612	9.0
-40.957452	0.000000	196.280128	9.0
-54.609936	13.652484	196.280128	9.0
-54.609936	0.000000	209.932612	9.0
-13.652484	13.652484	209.932612	9.0
-13.652484	0.000000	196.280128	9.0
-27.304968	13.652484	196.280128	9.0
-27.304968	0.000000	209.932612	9.0
13.652484	13.652484	209.932612	9.0
13.652484	0.000000	196.280128	9.0
0.000000	13.652484	196.280128	9.0
0.000000	0.000000	209.932612	9.0
40.957452	13.652484	209.932612	9.0
40.957452	0.000000	196.280128	9.0
27.304968	13.652484	196.280128	9.0
27.304968	0.000000	209.932612	9.0
68.262420	13.652484	209.932612	9.0
68.262420	0.000000	196.280128	9.0
54.609936	13.652484	196.280128	9.0
54.609936	0.000000	209.932612	9.0
95.567388	13.652484	209.932612	9.0
95.567388	0.000000	196.280128	9.0
81.914904	13.652484	196.280128	9.0
81.914904	0.000000	209.932612	9.0
109.219872	13.652484	196.280128	9.0
109.219872	0.000000	209.932612	9.0
-95.567388	40.957452	209.932612	9.0
-95.567388	27.304968	196.280128	9.0
-109.219872	27.304968	209.932612	9.0
-68.262420	40.957452	209.932612	9.0
-68.262420	27.304968	196.280128	9.0
-81.914904	40.957452	196.280128	9.0
-81.914904	27.304968	209.932612	9.0
-40.957452	40.957452	209.932612	9.0
-40.957452	27.304968	196.280128	9.0
-54.609936	40.957452	196.280128	9.0
-54.609936	27.304968	209.932612	9.0
-13.652484	40.957452	209.932612	9.0
-13.652484	27.304968	196.280128	9.0
-27.304968	40.957452	196.280128	9.0
-27.304968	27.304968	209.932612	9.0
13.652484	40.957452	209.932612	9.0
13.652484	27.304968	196.280128	9.0
0.000000	40.957452	196.280128	9.0
0.000000	27.304968	209.932612	9.0
40.957452	40.957452	209.932612	9.0
40.957452	27.304968	196.280128	9.0
27.304968	40.957452	196.280128	9.0
27.304968	27.304968	209.932612	9.0
68.262420	40.957452	209.932612	9.0
68.262420	27.304968	196.280128	9.0
54.609936	40.957452	196.280128	9.0
54.609936	27.304968	209.932612	9.0
95.567388	40.957452	209.932612	9.0
95.567388	27.304968	196.280128	9.0
81.914904	40.957452	196.280128	9.0
81.914904	27.304968	209.932612	9.0
109.219872	27.304968	209.932612	9.0
-95.567388	54.609936	196.280128	9.0
-68.262420	68.262420	209.932612	9.0
-68.262420	54.609936	196.280128	9.0
-81.914904	68.262420	196.280128	9.0
-81.914904	54.609936	209.932612	9.0
-40.957452	68.262420	209.932612	9.0
-40.957452	54.609936	196.280128	9.0
-54.609936	68.262420	196.280128	9.0
-54.609936	54.609936	209.932612	9.0
-13.652484	68.262420	209.932612	9.0
-13.652484	54.609936	196.280128	9.0
-27.304968	68.262420	196.280128	9.0
-27.304968	54.609936	209.932612	9.0
13.652484	68.262420	209.932612	9.0
13.652484	54.609936	196.280128	9.0
0.000000	68.262420	196.280128	9.0
0.000000	54.609936	209.932612	9.0
40.957452	68.262420	209.932612	9.0
40.957452	54.609936	196.280128	9.0
27.304968	68.262420	196.280128	9.0
27.304968	54.609936	209.932612	9.0
68.262420	68.262420	209.932612	9.0
68.262420	54.609936	196.280128	9.0
54.609936	68.262420	196.280128	9.0
54.609936	54.609936	209.932612	9.0
95.567388	54.609936	196.280128	9.0
81.914904	68.262420	196.280128	9.0
81.914904	54.609936	209.932612	9.0
-68.262420	81.914904	196.280128	9.0
-40.957452	95.567388	209.932612	9.0
-40.957452	81.914904	196.280128	9.0
-54.609936	95.567388	196.280128	9.0
-54.609936	81.914904	209.932612	9.0
-13.652484	95.567388	209.932612	9.0
-13.652484	81.914904	196.280128	9.0
-27.304968	95.567388	196.280128	9.0
-27.304968	81.914904	209.932612	9.0
13.652484	95.567388	209.932612	9.0
13.652484	81.914904	196.280128	9.0
0.000000	95.567388	196.280128	9.0
0.000000	81.914904	209.932612	9.0
40.957452	95.567388	209.932612	9.0
40.957452	81.914904	196.280128	9.0
27.304968	95.567388	196.280128	9.0
27.304968	81.914904	209.932612	9.0
68.262420	81.914904	196.280128	9.0
54.609936	95.567388	196.280128	9.0
54.609936	81.914904	209.932612	9.0
-13.652484	109.219872	196.280128	9.0
-27.304968	109.219872	209.932612	9.0
13.652484	109.219872	196.280128	9.0
0.000000	109.219872	209.932612	9.0
27.304968	109.219872	209.932612	9.0
-40.957452	-95.567388	237.237580	9.0
-54.609936	-95.567388	223.585096	9.0
-13.652484	-95.567388	237.237580	9.0
-13.652484	-109.219872	223.585096	9.0
-27.304968	-95.567388	223.585096	9.0
-27.304968	-109.219872	237.237580	9.0
13.652484	-95.567388	237.237580	9.0
13.652484	-109.219872	223.585096	9.0
0.000000	-95.567388	223.585096	9.0
0.000000	-109.219872	237.237580	9.0
40.957452	-95.567388	237.237580	9.0
27.304968	-95.567388	223.585096	9.0
27.304968	-109.219872	237.237580	9.0
54.609936	-95.567388	223.585096	9.0
-68.262420	-68.262420	237.237580	9.0
-68.262420	-81.914904	223.585096	9.0
-81.914904	-68.262420	223.585096	9.0
-40.957452	-68.262420	237.237580	9.0
-40.957452	-81.914904	223.585096	9.0
-54.609936	-68.262420	223.585096	9.0
-54.609936	-81.914904	237.237580	9.0
-13.652484	-68.262420	237.237580	9.0
-13.652484	-81.914904	223.585096	9.0
-27.304968	-68.262420	223.585096	9.0
-27.304968	-81.914904	237.237580	9.0
13.652484	-68.262420	237.237580	9.0
13.652484	-81.914904	223.585096	9.0
0.000000	-68.262420	223.585096	9.0
0.000000	-81.914904	237.237580	9.0
40.957452	-68.262420	237.237580	9.0
40.957452	-81.914904	223.585096	9.0
27.304968	-68.262420	223.585096	9.0
27.304968	-81.914904	237.237580	9.0
68.262420	-68.262420	237.237580	9.0
68.262420	-81.914904	223.585096	9.0
54.609936	-68.262420	223.585096	9.0
54.609936	-81.914904	237.237580	9.0
81.914904	-68.262420	223.585096	9.0
-95.567388	-40.957452	237.237580	9.0
-95.567388	-54.609936	223.585096	9.0
-68.262420	-40.957452	237.237580	9.0
-68.262420	-54.609936	223.585096	9.0
-81.914904	-40.957452	223.585096	9.0
-81.914904	-54.609936	237.237580	9.0
-40.957452	-40.957452	237.237580	9.0
-40.957452	-54.609936	223.585096	9.0
-54.609936	-40.957452	223.585096	9.0
-54.609936	-54.609936	237.237580	9.0
-13.652484	-40.957452	237.237580	9.0
-13.652484	-54.609936	223.585096	9.0
-27.304968	-40.957452	223.585096	9.0
-27.304968	-54.609936	237.237580	9.0
13.652484	-40.957452	237.237580	9.0
13.652484	-54.609936	223.585096	9.0
0.000000	-40.957452	223.585096	9.0
0.000000	-54.609936	237.237580	9.0
40.957452	-40.957452	237.237580	9.0
40.957452	-54.609936	223.585096	9.0
27.304968	-40.957452	223.585096	9.0
27.304968	-54.609936	237.237580	9.0
68.262420	-40.957452	237.237580	9.0
68.262420	-54.609936	223.585096	9.0
54.609936	-40.957452	223.585096	9.0
54.609936	-54.609936	237.237580	9.0
95.567388	-40.957452	237.237580	9.0
95.567388	-54.609936	223.585096	9.0
81.914904	-40.957452	223.585096	9.0
81.914904	-54.609936	237.237580	9.0
-95.567388	-13.652484	237.237580	9.0
-95.567388	-27.304968	223.585096	9.0
-109.219872	-13.652484	223.585096	9.0
-109.219872	-27.304968	237.237580	9.0
-68.262420	-13.652484	237.237580	9.0
-68.262420	-27.304968	223.585096	9.0
-81.914904	-13.652484	223.585096	9.0
-81.914904	-27.304968	237.237580	9.0
-40.957452	-13.652484	237.237580	9.0
-40.957452	-27.304968	223.585096	9.0
-54.609936	-13.652484	223.585096	9.0
-54.609936	-27.304968	237.237580	9.0
-13.652484	-13.652484	237.237580	9.0
-13.652484	-27.304968	223.585096	9.0
-27.304968	-13.652484	223.585096	9.0
-27.304968	-27.304968	237.237580	9.0
13.652484	-13.652484	237.237580	9.0
13.652484	-27.304968	223.585096	9.0
0.000000	-13.652484	223.585096	9.0
0.000000	-27.304968	237.237580	9.0
40.957452	-13.652484	237.237580	9.0
40.957452	-27.304968	223.585096	9.0
27.304968	-13.652484	223.585096	9.0
27.304968	-27.304968	237.237580	9.0
68.262420	-13.652484	237.237580	9.0
68.262420	-27.304968	223.585096	9.0
54.609936	-13.652484	223.585096	9.0
54.609936	-27.304968	237.237580	9.0
95.567388	-13.652484	237.237580	9.0
95.567388	-27.304968	223.585096	9.0
81.914904	-13.652484	223.585096	9.0
81.914904	-27.304968	237.237580	9.0
109.219872	-13.652484	223.585096	9.0
109.219872	-27.304968	237.237580	9.0
-95.567388	13.652484	237.237580	9.0
-95.567388	0.000000	223.585096	9.0
-109.219872	13.652484	223.585096	9.0
-109.219872	0.000000	237.237580	9.0
-68.262420	13.652484	237.237580	9.0
-68.262420	0.000000	223.585096	9.0
-81.914904	13.652484	223.585096	9.0
-81.914904	0.000000	237.237580	9.0
-40.957452	13.652484	237.237580	9.0
-40.957452	0.000000	223.585096	9.0
-54.609936	13.652484	223.585096	9.0
-54.609936	0.000000	237.237580	9.0
-13.652484	13.652484	237.237580	9.0
-13.652484	0.000000	223.585096	9.0
-27.304968	13.652484	223.585096	9.0
-27.304968	0.000000	237.237580	9.0
13.652484	13.652484	237.237580	9.0
13.652484	0.000000	223.585096	9.0
0.000000	13.652484	223.585096	9.0
0.000000	0.000000	237.237580	9.0
40.957452	13.652484	237.237580	9.0
40.957452	0.000000	223.585096	9.0
27.304968	13.652484	223.585096	9.0
27.304968	0.000000	237.237580	9.0
68.262420	13.652484	237.237580	9.0
68.262420	0.000000	223.585096	9.0
54.609936	13.652484	223.585096	9.0
54.609936	0.000000	237.237580	9.0
95.567388	13.652484	237.237580	9.0
95.567388	0.000000	223.585096	9.0
81.914904	13.652484	223.585096	9.0
81.914904	0.000000	237.237580	9.0
109.219872	13.652484	223.585096	9.0
109.219872	0.000000	237.237580	9.0
-95.567388	40.957452	237.237580	9.0
-95.567388	27.304968	223.585096	9.0
-109.219872	27.304968	237.237580	9.0
-68.262420	40.957452	237.237580	9.0
-68.262420	27.304968	223.585096	9.0
-81.914904	40.957452	223.585096	9.0
-81.914904	27.304968	237.237580	9.0
-40.957452	40.957452	237.237580	9.0
-40.957452	27.304968	223.585096	9.0
-54.609936	40.957452	223.585096	9.0
-54.609936	27.304968	237.237580	9.0
-13.652484	40.957452	237.237580	9.0
-13.652484	27.304968	223.585096	9.0
-27.304968	40.957452	223.585096	9.0
-27.304968	27.304968	237.237580	9.0
13.652484	40.957452	237.237580	9.0
13.652484	27.304968	223.585096	9.0
0.000000	40.957452	223.585096	9.0
0.000000	27.304968	237.237580	9.0
40.957452	40.957452	237.237580	9.0
40.957452	27.304968	223.585096	9.0
27.304968	40.957452	223.585096	9.0
27.304968	27.304968	237.237580	9.0
68.262420	40.957452	237.237580	9.0
68.262420	27.304968	223.585096	9.0
54.609936	40.957452	223.585096	9.0
54.609936	27.304968	237.237580	9.0
95.567388	40.957452	237.237580	9.0
95.567388	27.304968	223.585096	9.0
81.914904	40.957452	223.585096	9.0
81.914904	27.304968	237.237580	9.0
109.219872	27.304968	237.237580	9.0
-95.567388	54.609936	223.585096	9.0
-68.262420	68.262420	237.237580	9.0
-68.262420	54.609936	223.585096	9.0
-81.914904	68.262420	223.585096	9.0
-81.914904	54.609936	237.237580	9.0
-40.957452	68.262420	237.237580	9.0
-40.957452	54.609936	223.585096	9.0
-54.609936	68.262420	223.585096	9.0
-54.609936	54.609936	237.237580	9.0
-13.652484	68.262420	237.237580	9.0
-13.652484	54.609936	223.585096	9.0
-27.304968	68.262420	223.585096	9.0
-27.304968	54.609936	237.237580	9.0
13.652484	68.262420	237.237580	9.0
13.652484	54.609936	223.585096	9.0
0.000000	68.262420	223.585096	9.0
0.000000	54.609936	237.237580	9.0
40.957452	68.262420	237.237580	9.0
40.957452	54.609936	223.585096	9.0
27.304968	68.262420	223.585096	9.0
27.304968	54.609936	237.237580	9.0
68.262420	68.262420	237.237580	9.0
68.262420	54.609936	223.585096	9.0
54.609936	68.262420	223.585096	9.0
54.609936	54.609936	237.237580	9.0
95.567388	54.609936	223.585096	9.0
81.914904	68.262420	223.585096	9.0
81.914904	54.609936	237.237580	9.0
-68.262420	81.914904	223.585096	9.0
-40.957452	95.567388	237.237580	9.0
-40.957452	81.914904	223.585096	9.0
-54.609936	95.567388	223.585096	9.0
-54.609936	81.914904	237.237580	9.0
-13.652484	95.567388	237.237580	9.0
-13.652484	81.914904	223.585096	9.0
-27.304968	95.567388	223.585096	9.0
-27.304968	81.914904	237.237580	9.0
13.652484	95.567388	237.237580	9.0
13.652484	81.914904	223.585096	9.0
0.000000	95.567388	223.585096	9.0
0.000000	81.914904	237.237580	9.0
40.957452	95.567388	237.237580	9.0
40.957452	81.914904	223.585096	9.0
27.304968	95.567388	223.585096	9.0
27.304968	81.914904	237.237580	9.0
68.262420	81.914904	223.585096	9.0
54.609936	95.567388	223.585096	9.0
54.609936	81.914904	237.237580	9.0
-13.652484	109.219872	223.585096	9.0
-27.304968	109.219872	237.237580	9.0
13.652484	109.219872	223.585096	9.0
0.000000	109.219872	237.237580	9.0
27.304968	109.219872	237.237580	9.0
-40.957452	-95.567388	264.542548	9.0
-54.609936	-95.567388	250.890064	9.0
-13.652484	-95.567388	264.542548	9.0
-13.652484	-109.219872	250.890064	9.0
-27.304968	-95.567388	250.890064	9.0
-27.304968	-109.219872	264.542548	9.0
13.652484	-95.567388	264.542548	9.0
13.652484	-109.219872	250.890064	9.0
0.000000	-95.567388	250.890064	9.0
0.000000	-109.219872	264.542548	9.0
40.957452	-95.567388	264.542548	9.0
27.304968	-95.567388	250.890064	9.0
27.304968	-109.219872	264.542548	9.0
54.609936	-95.567388	250.890064	9.0
-68.262420	-68.262420	264.542548	9.0
-68.262420	-81.914904	250.890064	9.0
-81.914904	-68.262420	250.890064	9.0
-40.957452	-68.262420	264.542548	9.0
-40.957452	-81.914904	250.890064	9.0
-54.609936	-68.262420	250.890064	9.0
-54.609936	-81.914904	264.542548	9.0
-13.652484	-68.262420	264.542548	9.0
-13.652484	-81.914904	250.890064	9.0
-27.304968	-68.262420	250.890064	9.0
-27.304968	-81.914904	264.542548	9.0
13.652484	-68.262420	264.542548	9.0
13.652484	-81.914904	250.890064	9.0
0.000000	-68.262420	250.890064	9.0
0.000000	-81.914904	264.542548	9.0
40.957452	-68.262420	264.542548	9.0
40.957452	-81.914904	250.890064	9.0
27.304968	-68.262420	250.890064	9.0
27.304968	-81.914904	264.542548	9.0
68.262420	-68.262420	264.542548	9.0
68.262420	-81.914904	250.890064	9.0
54.609936	-68.262420	250.890064	9.0
54.609936	-81.914904	264.542548	9.0
81.914904	-68.262420	250.890064	9.0
-95.567388	-40.957452	264.542548	9.0
-95.567388	-54.609936	250.890064	9.0
-68.262420	-40.957452	264.542548	9.0
-68.262420	-54.609936	250.890064	9.0
-81.914904	-40.957452	250.890064	9.0
-81.914904	-54.609936	264.542548	9.0
-40.957452	-40.957452	264.542548	9.0
-40.957452	-54.609936	250.890064	9.0
-54.609936	-40.957452	250.890064	9.0
-54.609936	-54.609936	264.542548	9.0
-13.652484	-40.957452	264.542548	9.0
-13.652484	-54.609936	250.890064	9.0
-27.304968	-40.957452	250.890064	9.0
-27.304968	-54.609936	264.542548	9.0
13.652484	-40.957452	264.542548	9.0
13.652484	-54.609936	250.890064	9.0
0.000000	-40.957452	250.890064	9.0
0.000000	-54.609936	264.542548	9.0
40.957452	-40.957452	264.542548	9.0
40.957452	-54.609936	250.890064	9.0
27.304968	-40.957452	250.890064	9.0
27.304968	-54.609936	264.542548	9.0
68.262420	-40.957452	264.542548	9.0
68.262420	-54.609936	250.890064	9.0
54.609936	-40.957452	250.890064	9.0
54.609936	-54.609936	264.542548	9.0
95.567388	-40.957452	264.542548	9.0
95.567388	-54.609936	250.890064	9.0
81.914904	-40.957452	250.890064	9.0
81.914904	-54.609936	264.542548	9.0
-95.567388	-13.652484	264.542548	9.0
-95.567388	-27.304968	250.890064	9.0
-109.219872	-13.652484	250.890064	9.0
-109.219872	-27.304968	264.542548	9.0
-68.262420	-13.652484	264.542548	9.0
-68.262420	-27.304968	250.890064	9.0
-81.914904	-13.652484	250.890064	9.0
-81.914904	-27.304968	264.542548	9.0
-40.957452	-13.652484	264.542548	9.0
-40.957452	-27.304968	250.890064	9.0
-54.609936	-13.652484	250.890064	9.0
-54.609936	-27.304968	264.542548	9.0
-13.652484	-13.652484	264.542548	9.0
-13.652484	-27.304968	250.890064	9.0
-27.304968	-13.652484	250.890064	9.0
-27.304968	-27.304968	264.542548	9.0
13.652484	-13.652484	264.542548	9.0
13.652484	-27.304968	250.890064	9.0
0.000000	-13.652484	250.890064	9.0
0.000000	-27.304968	264.542548	9.0
40.957452	-13.652484	264.542548	9.0
40.957452	-27.304968	250.890064	9.0
27.304968	-13.652484	250.890064	9.0
27.304968	-27.304968	264.542548	9.0
68.262420	-13.652484	264.542548	9.0
68.262420	-27.304968	250.890064	9.0
54.609936	-13.652484	250.890064	9.0
54.609936	-27.304968	264.542548	9.0
95.567388	-13.652484	264.542548	9.0
95.567388	-27.304968	250.890064	9.0
81.914904	-13.652484	250.890064	9.0
81.914904	-27.304968	264.542548	9.0
109.219872	-13.652484	250.890064	9.0
109.219872	-27.304968	264.542548	9.0
-95.567388	13.652484	264.542548	9.0
-95.567388	0.000000	250.890064	9.0
-109.219872	13.652484	250.890064	9.0
-109.219872	0.000000	264.542548	9.0
-68.262420	13.652484	264.542548	9.0
-68.262420	0.000000	250.890064	9.0
-81.914904	13.652484	250.890064	9.0
-81.914904	0.000000	264.542548	9.0
-40.957452	13.652484	264.542548	9.0
-40.957452	0.000000	250.890064	9.0
-54.609936	13.652484	250.890064	9.0
-54.609936	0.000000	264.542548	9.0
-13.652484	13.652484	264.542548	9.0
-13.652484	0.000000	250.890064	9.0
-27.304968	13.652484	250.890064	9.0
-27.304968	0.000000	264.542548	9.0
13.652484	13.652484	264.542548	9.0
13.652484	0.000000	250.890064	9.0
0.000000	13.652484	250.890064	9.0
0.000000	0.000000	264.542548	9.0
40.957452	13.652484	264.542548	9.0
40.957452	0.000000	250.890064	9.0
27.304968	13.652484	250.890064	9.0
27.304968	0.000000	264.542548	9.0
68.262420	13.652484	264.542548	9.0
68.262420	0.000000	250.890064	9.0
54.609936	13.652484	250.890064	9.0
54.609936	0.000000	264.542548	9.0
95.567388	13.652484	264.542548	9.0
95.567388	0.000000	250.890064	9.0
81.914904	13.652484	250.890064	9.0
81.914904	0.000000	264.542548	9.0
109.219872	13.652484	250.890064	9.0
109.219872	0.000000	264.542548	9.0
-95.567388	40.957452	264.542548	9.0
-95.567388	27.304968	250.890064	9.0
-109.219872	27.304968	264.542548	9.0
-68.262420	40.957452	264.542548	9.0
-68.262420	27.304968	250.890064	9.0
-81.914904	40.957452	250.890064	9.0
-81.914904	27.304968	264.542548	9.0
-40.957452	40.957452	264.542548	9.0
-40.957452	27.304968	250.890064	9.0
-54.609936	40.957452	250.890064	9.0
-54.609936	27.304968	264.542548	9.0
-13.652484	40.957452	264.542548	9.0
-13.652484	27.304968	250.890064	9.0
-27.304968	40.957452	250.890064	9.0
-27.304968	27.304968	264.542548	9.0
13.652484	40.957452	264.542548	9.0
13.652484	27.304968	250.890064	9.0
0.000000	40.957452	250.890064	9.0
0.000000	27.304968	264.542548	9.0
40.957452	40.957452	264.542548	9.0
40.957452	27.304968	250.890064	9.0
27.304968	40.957452	250.890064	9.0
27.304968	27.304968	264.542548	9.0
68.262420	40.957452	264.542548	9.0
68.262420	27.304968	250.890064	9.0
54.609936	40.957452	250.890064	9.0
54.609936	27.304968	264.542548	9.0
95.567388	40.957452	264.542548	9.0
95.567388	27.304968	250.890064	9.0
81.914904	40.957452	250.890064	9.0
81.914904	27.304968	264.542548	9.0
109.219872	27.304968	264.542548	9.0
-95.567388	54.609936	250.890064	9.0
-68.262420	68.262420	264.542548	9.0
-68.262420	54.609936	250.890064	9.0
-81.914904	68.262420	250.890064	9.0
-81.914904	54.609936	264.542548	9.0
-40.957452	68.262420	264.542548	9.0
-40.957452	54.609936	250.890064	9.0
-54.609936	68.262420	250.890064	9.0
-54.609936	54.609936	264.542548	9.0
-13.652484	68.262420	264.542548	9.0
-13.652484	54.609936	250.890064	9.0
-27.304968	68.262420	250.890064	9.0
-27.304968	54.609936	264.542548	9.0
13.652484	68.262420	264.542548	9.0
13.652484	54.609936	250.890064	9.0
0.000000	68.262420	250.890064	9.0
0.000000	54.609936	264.542548	9.0
40.957452	68.262420	264.542548	9.0
40.957452	54.609936	250.890064	9.0
27.304968	68.262420	250.890064	9.0
27.304968	54.609936	264.542548	9.0
68.262420	68.262420	264.542548	9.0
68.262420	54.609936	250.890064	9.0
54.609936	68.262420	250.890064	9.0
54.609936	54.609936	264.542548	9.0
95.567388	54.609936	250.890064	9.0
81.914904	68.262420	250.890064	9.0
81.914904	54.609936	264.542548	9.0
-68.262420	81.914904	250.890064	9.0
-40.957452	95.567388	264.542548	9.0
-40.957452	81.914904	250.890064	9.0
-54.609936	95.567388	250.890064	9.0
-54.609936	81.914904	264.542548	9.0
-13.652484	95.567388	264.542548	9.0
-13.652484	81.914904	250.890064	9.0
-27.304968	95.567388	250.890064	9.0
-27.304968	81.914904	264.542548	9.0
13.652484	95.567388	264.542548	9.0
13.652484	81.914904	250.890064	9.0
0.000000	95.567388	250.890064	9.0
0.000000	81.914904	264.542548	9.0
40.957452	95.567388	264.542548	9.0
40.957452	81.914904	250.890064	9.0
27.304968	95.567388	250.890064	9.0
27.304968	81.914904	264.542548	9.0
68.262420	81.914904	250.890064	9.0
54.609936	95.567388	250.890064	9.0
54.609936	81.914904	264.542548	9.0
-13.652484	109.219872	250.890064	9.0
-27.304968	109.219872	264.542548	9.0
13.652484	109.219872	250.890064	9.0
0.000000	109.219872	264.542548	9.0
27.304968	109.219872	264.542548	9.0
-40.957452	-95.567388	291.847516	9.0
-54.609936	-95.567388	278.195032	9.0
-13.652484	-95.567388	291.847516	9.0
-13.652484	-109.219872	278.195032	9.0
-27.304968	-95.567388	278.195032	9.0
-27.304968	-109.219872	291.847516	9.0
13.652484	-95.567388	291.847516	9.0
13.652484	-109.219872	278.195032	9.0
0.000000	-95.567388	278.195032	9.0
0.000000	-109.219872	291.847516	9.0
40.957452	-95.567388	291.847516	9.0
27.304968	-95.567388	278.195032	9.0
27.304968	-109.219872	291.847516	9.0
54.609936	-95.567388	278.195032	9.0
-68.262420	-68.262420	291.847516	9.0
-68.262420	-81.914904	278.195032	9.0
-81.914904	-68.262420	278.195032	9.0
-40.957452	-68.262420	291.847516	9.0
-40.957452	-81.914904	278.195032	9.0
-54.609936	-68.262420	278.195032	9.0
-54.609936	-81.914904	291.847516	9.0
-13.652484	-68.262420	291.847516	9.0
-13.652484	-81.914904	278.195032	9.0
-27.304968	-68.262420	278.195032	9.0
-27.304968	-81.914904	291.847516	9.0
13.652484	-68.262420	291.847516	9.0
13.652484	-81.914904	278.195032	9.0
0.000000	-68.262420	278.195032	9.0
0.000000	-81.914904	291.847516	9.0
40.957452	-68.262420	291.847516	9.0
40.957452	-81.914904	278.195032	9.0
27.304968	-68.262420	278.195032	9.0
27.304968	-81.914904	291.847516	9.0
68.262420	-68.262420	291.847516	9.0
68.262420	-81.914904	278.195032	9.0
54.609936	-68.262420	278.195032	9.0
54.609936	-81.914904	291.847516	9.0
81.914904	-68.262420	278.195032	9.0
-95.567388	-40.957452	291.847516	9.0
-95.567388	-54.609936	278.195032	9.0
-68.262420	-40.957452	291.847516	9.0
-68.262420	-54.609936	278.195032	9.0
-81.914904	-40.957452	278.195032	9.0
-81.914904	-54.609936	291.847516	9.0
-40.957452	-40.957452	291.847516	9.0
-40.957452	-54.609936	278.195032	9.0
-54.609936	-40.957452	278.195032	9.0
-54.609936	-54.609936	291.847516	9.0
-13.652484	-40.957452	291.847516	9.0
-13.652484	-54.609936	278.195032	9.0
-27.304968	-40.957452	278.195032	9.0
-27.304968	-54.609936	291.847516	9.0
13.652484	-40.957452	291.847516	9.0
13.652484	-54.609936	278.195032	9.0
0.000000	-40.957452	278.195032	9.0
0.000000	-54.609936	291.847516	9.0
40.957452	-40.957452	291.847516	9.0
40.957452	-54.609936	278.195032	9.0
27.304968	-40.957452	278.195032	9.0
27.304968	-54.609936	291.847516	9.0
68.262420	-40.957452	291.847516	9.0
68.262420	-54.609936	278.195032	9.0
54.609936	-40.957452	278.195032	9.0
54.609936	-54.609936	291.847516	9.0
95.567388	-40.957452	291.847516	9.0
95.567388	-54.609936	278.195032	9.0
81.914904	-40.957452	278.195032	9.0
81.914904	-54.609936	291.847516	9.0
-95.567388	-13.652484	291.847516	9.0
-95.567388	-27.304968	278.195032	9.0
-109.219872	-13.652484	278.195032	9.0
-109.219872	-27.304968	291.847516	9.0
-68.262420	-13.652484	291.847516	9.0
-68.262420	-27.304968	278.195032	9.0
-81.914904	-13.652484	278.195032	9.0
-81.914904	-27.304968	291.847516	9.0
-40.957452	-13.652484	291.847516	9.0
-40.957452	-27.304968	278.195032	9.0
-54.609936	-13.652484	278.195032	9.0
-54.609936	-27.304968	291.847516	9.0
-13.652484	-13.652484	291.847516	9.0
-13.652484	-27.304968	278.195032	9.0
-27.304968	-13.652484	278.195032	9.0
-27.304968	-27.304968	291.847516	9.0
13.652484	-13.652484	291.847516	9.0
13.652484	-27.304968	278.195032	9.0
0.000000	-13.652484	278.195032	9.0
0.000000	-27.304968	291.847516	9.0
40.957452	-13.652484	291.847516	9.0
40.957452	-27.304968	278.195032	9.0
27.304968	-13.652484	278.195032	9.0
27.304968	-27.304968	291.847516	9.0
68.262420	-13.652484	291.847516	9.0
68.262420	-27.304968	278.195032	9.0
54.609936	-13.652484	278.195032	9.0
54.609936	-27.304968	291.847516	9.0
95.567388	-13.652484	291.847516	9.0
95.567388	-27.304968	278.195032	9.0
81.914904	-13.652484	278.195032	9.0
81.914904	-27.304968	291.847516	9.0
109.219872	-13.652484	278.195032	9.0
109.219872	-27.304968	291.847516	9.0
-95.567388	13.652484	291.847516	9.0
-95.567388	0.000000	278.195032	9.0
-109.219872	13.652484	278.195032	9.0
-109.219872	0.000000	291.847516	9.0
-68.262420	13.652484	291.847516	9.0
-68.262420	0.000000	278.195032	9.0
-81.914904	13.652484	278.195032	9.0
-81.914904	0.000000	291.847516	9.0
-40.957452	13.652484	291.847516	9.0
-40.957452	0.000000	278.195032	9.0
-54.609936	13.652484	278.195032	9.0
-54.609936	0.000000	291.847516	9.0
-13.652484	13.652484	291.847516	9.0
-13.652484	0.000000	278.195032	9.0
-27.304968	13.652484	278.195032	9.0
-27.304968	0.000000	291.847516	9.0
13.652484	13.652484	291.847516	9.0
13.652484	0.000000	278.195032	9.0
0.000000	13.652484	278.195032	9.0
0.000000	0.000000	291.847516	9.0
40.957452	13.652484	291.847516	9.0
40.957452	0.000000	278.195032	9.0
27.304968	13.652484	278.195032	9.0
27.304968	0.000000	291.847516	9.0
68.262420	13.652484	291.847516	9.0
68.262420	0.000000	278.195032	9.0
54.609936	13.652484	278.195032	9.0
54.609936	0.000000	291.847516	9.0
95.567388	13.652484	291.847516	9.0
95.567388	0.000000	278.195032	9.0
81.914904	13.652484	278.195032	9.0
81.914904	0.000000	291.847516	9.0
109.219872	13.652484	278.195032	9.0
109.219872	0.000000	291.847516	9.0
-95.567388	40.957452	291.847516	9.0
-95.567388	27.304968	278.195032	9.0
-109.219872	27.304968	291.847516	9.0
-68.262420	40.957452	291.847516	9.0
-68.262420	27.304968	278.195032	9.0
-81.914904	40.957452	278.195032	9.0
-81.914904	27.304968	291.847516	9.0
-40.957452	40.957452	291.847516	9.0
-40.957452	27.304968	278.195032	9.0
-54.609936	40.957452	278.195032	9.0
-54.609936	27.304968	291.847516	9.0
-13.652484	40.957452	291.847516	9.0
-13.652484	27.304968	278.195032	9.0
-27.304968	40.957452	278.195032	9.0
-27.304968	27.304968	291.847516	9.0
13.652484	40.957452	291.847516	9.0
13.652484	27.304968	278.195032	9.0
0.000000	40.957452	278.195032	9.0
0.000000	27.304968	291.847516	9.0
40.957452	40.957452	291.847516	9.0
40.957452	27.304968	278.195032	9.0
27.304968	40.957452	278.195032	9.0
27.304968	27.304968	291.847516	9.0
68.262420	40.957452	291.847516	9.0
68.262420	27.304968	278.195032	9.0
54.609936	40.957452	278.195032	9.0
54.609936	27.304968	291.847516	9.0
95.567388	40.957452	291.847516	9.0
95.567388	27.304968	278.195032	9.0
81.914904	40.957452	278.195032	9.0
81.914904	27.304968	291.847516	9.0
109.219872	27.304968	291.847516	9.0
-95.567388	54.609936	278.195032	9.0
-68.262420	68.262420	291.847516	9.0
-68.262420	54.609936	278.195032	9.0
-81.914904	68.262420	278.195032	9.0
-81.914904	54.609936	291.847516	9.0
-40.957452	68.262420	291.847516	9.0
-40.957452	54.609936	278.195032	9.0
-54.609936	68.262420	278.195032	9.0
-54.609936	54.609936	291.847516	9.0
-13.652484	68.262420	291.847516	9.0
-13.652484	54.609936	278.195032	9.0
-27.304968	68.262420	278.195032	9.0
-27.304968	54.609936	291.847516	9.0
13.652484	68.262420	291.847516	9.0
13.652484	54.609936	278.195032	9.0
0.000000	68.262420	278.195032	9.0
0.000000	54.609936	291.847516	9.0
40.957452	68.262420	291.847516	9.0
40.957452	54.609936	278.195032	9.0
27.304968	68.262420	278.195032	9.0
27.304968	54.609936	291.847516	9.0
68.262420	68.262420	291.847516	9.0
68.262420	54.609936	278.195032	9.0
54.609936	68.262420	278.195032	9.0
54.609936	54.609936	291.847516	9.0
95.567388	54.609936	278.195032	9.0
81.914904	68.262420	278.195032	9.0
81.914904	54.609936	291.847516	9.0
-68.262420	81.914904	278.195032	9.0
-40.957452	95.567388	291.847516	9.0
-40.957452	81.914904	278.195032	9.0
-54.609936	95.567388	278.195032	9.0
-54.609936	81.914904	291.847516	9.0
-13.652484	95.567388	291.847516	9.0
-13.652484	81.914904	278.195032	9.0
-27.304968	95.567388	278.195032	9.0
-27.304968	81.914904	291.847516	9.0
13.652484	95.567388	291.847516	9.0
13.652484	81.914904	278.195032	9.0
0.000000	95.567388	278.195032	9.0
0.000000	81.914904	291.847516	9.0
40.957452	95.567388	291.847516	9.0
40.957452	81.914904	278.195032	9.0
27.304968	95.567388	278.195032	9.0
27.304968	81.914904	291.847516	9.0
68.262420	81.914904	278.195032	9.0
54.609936	95.567388	278.195032	9.0
54.609936	81.914904	291.847516	9.0
-13.652484	109.219872	278.195032	9.0
-27.304968	109.219872	291.847516	9.0
13.652484	109.219872	278.195032	9.0
0.000000	109.219872	291.847516	9.0
27.304968	109.219872	291.847516	9.0
-40.957452	-95.567388	319.152484	9.0
-54.609936	-95.567388	305.500000	9.0
-13.652484	-95.567388	319.152484	9.0
-13.652484	-109.219872	305.500000	9.0
-27.304968	-95.567388	305.500000	9.0
-27.304968	-109.219872	319.152484	9.0
13.652484	-95.567388	319.152484	9.0
13.652484	-109.219872	305.500000	9.0
0.000000	-95.567388	305.500000	9.0
0.000000	-109.219872	319.152484	9.0
40.957452	-95.567388	319.152484	9.0
27.304968	-95.567388	305.500000	9.0
27.304968	-109.219872	319.152484	9.0
54.609936	-95.567388	305.500000	9.0
-68.262420	-68.262420	319.152484	9.0
-68.262420	-81.914904	305.500000	9.0
-81.914904	-68.262420	305.500000	9.0
-40.957452	-68.262420	319.152484	9.0
-40.957452	-81.914904	305.500000	9.0
-54.609936	-68.262420	305.500000	9.0
-54.609936	-81.914904	319.152484	9.0
-13.652484	-68.262420	319.152484	9.0
-13.652484	-81.914904	305.500000	9.0
-27.304968	-68.262420	305.500000	9.0
-27.304968	-81.914904	319.152484	9.0
13.652484	-68.262420	319.152484	9.0
13.652484	-81.914904	305.500000	9.0
0.000000	-68.262420	305.500000	9.0
0.000000	-81.914904	319.152484	9.0
40.957452	-68.262420	319.152484	9.0
40.957452	-81.914904	305.500000	9.0
27.304968	-68.262420	305.500000	9.0
27.304968	-81.914904	319.152484	9.0
68.262420	-68.262420	319.152484	9.0
68.262420	-81.914904	305.500000	9.0
54.609936	-68.262420	305.500000	9.0
54.609936	-81.914904	319.152484	9.0
81.914904	-68.262420	305.500000	9.0
-95.567388	-40.957452	319.152484	9.0
-95.567388	-54.609936	305.500000	9.0
-68.262420	-40.957452	319.152484	9.0
-68.262420	-54.609936	305.500000	9.0
-81.914904	-40.957452	305.500000	9.0
-81.914904	-54.609936	319.152484	9.0
-40.957452	-40.957452	319.152484	9.0
-40.957452	-54.609936	305.500000	9.0
-54.609936	-40.957452	305.500000	9.0
-54.609936	-54.609936	319.152484	9.0
-13.652484	-40.957452	319.152484	9.0
-13.652484	-54.609936	305.500000	9.0
-27.304968	-40.957452	305.500000	9.0
-27.304968	-54.609936	319.152484	9.0
13.652484	-40.957452	319.152484	9.0
13.652484	-54.609936	305.500000	9.0
0.000000	-40.957452	305.500000	9.0
0.000000	-54.609936	319.152484	9.0
40.957452	-40.957452	319.152484	9.0
40.957452	-54.609936	305.500000	9.0
27.304968	-40.957452	305.500000	9.0
27.304968	-54.609936	319.152484	9.0
68.262420	-40.957452	319.152484	9.0
68.262420	-54.609936	305.500000	9.0
54.609936	-40.957452	305.500000	9.0
54.609936	-54.609936	319.152484	9.0
95.567388	-40.957452	319.152484	9.0
95.567388	-54.609936	305.500000	9.0
81.914904	-40.957452	305.500000	9.0
81.914904	-54.609936	319.152484	9.0
-95.567388	-13.652484	319.152484	9.0
-95.567388	-27.304968	305.500000	9.0
-109.219872	-13.652484	305.500000	9.0
-109.219872	-27.304968	319.152484	9.0
-68.262420	-13.652484	319.152484	9.0
-68.262420	-27.304968	305.500000	9.0
-81.914904	-13.652484	305.500000	9.0
-81.914904	-27.304968	319.152484	9.0
-40.957452	-13.652484	319.152484	9.0
-40.957452	-27.304968	305.500000	9.0
-54.609936	-13.652484	305.500000	9.0
-54.609936	-27.304968	319.152484	9.0
-13.652484	-13.652484	319.152484	9.0
-13.652484	-27.304968	305.500000	9.0
-27.304968	-13.652484	305.500000	9.0
-27.304968	-27.304968	319.152484	9.0
13.652484	-13.652484	319.152484	9.0
13.652484	-27.304968	305.500000	9.0
0.000000	-13.652484	305.500000	9.0
0.000000	-27.304968	319.152484	9.0
40.957452	-13.652484	319.152484	9.0
40.957452	-27.304968	305.500000	9.0
27.304968	-13.652484	305.500000	9.0
27.304968	-27.304968	319.152484	9.0
68.262420	-13.652484	319.152484	9.0
68.262420	-27.304968	305.500000	9.0
54.609936	-13.652484	305.500000	9.0
54.609936	-27.304968	319.152484	9.0
95.567388	-13.652484	319.152484	9.0
95.567388	-27.304968	305.500000	9.0
81.914904	-13.652484	305.500000	9.0
81.914904	-27.304968	319.152484	9.0
109.219872	-13.652484	305.500000	9.0
109.219872	-27.304968	319.152484	9.0
-95.567388	13.652484	319.152484	9.0
-95.567388	0.000000	305.500000	9.0
-109.219872	13.652484	305.500000	9.0
-109.219872	0.000000	319.152484	9.0
-68.262420	13.652484	319.152484	9.0
-68.262420	0.000000	305.500000	9.0
-81.914904	13.652484	305.500000	9.0
-81.914904	0.000000	319.152484	9.0
-40.957452	13.652484	319.152484	9.0
-40.957452	0.000000	305.500000	9.0
-54.609936	13.652484	305.500000	9.0
-54.609936	0.000000	319.152484	9.0
-13.652484	13.652484	319.152484	9.0
-13.652484	0.000000	305.500000	9.0
-27.304968	13.652484	305.500000	9.0
-27.304968	0.000000	319.152484	9.0
13.652484	13.652484	319.152484	9.0
13.652484	0.000000	305.500000	9.0
0.000000	13.652484	305.500000	9.0
0.000000	0.000000	319.152484	9.0
40.957452	13.652484	319.152484	9.0
40.957452	0.000000	305.500000	9.0
27.304968	13.652484	305.500000	9.0
27.304968	0.000000	319.152484	9.0
68.262420	13.652484	319.152484	9.0
68.262420	0.000000	305.500000	9.0
54.609936	13.652484	305.500000	9.0
54.609936	0.000000	319.152484	9.0
95.567388	13.652484	319.152484	9.0
95.567388	0.000000	305.500000	9.0
81.914904	13.652484	305.500000	9.0
81.914904	0.000000	319.152484	9.0
109.219872	13.652484	305.500000	9.0
109.219872	0.000000	319.152484	9.0
-95.567388	40.957452	319.152484	9.0
-95.567388	27.304968	305.500000	9.0
-109.219872	27.304968	319.152484	9.0
-68.262420	40.957452	319.152484	9.0
-68.262420	27.304968	305.500000	9.0
-81.914904	40.957452	305.500000	9.0
-81.914904	27.304968	319.152484	9.0
-40.957452	40.957452	319.152484	9.0
-40.957452	27.304968	305.500000	9.0
-54.609936	40.957452	305.500000	9.0
-54.609936	27.304968	319.152484	9.0
-13.652484	40.957452	319.152484	9.0
-13.652484	27.304968	305.500000	9.0
-27.304968	40.957452	305.500000	9.0
-27.304968	27.304968	319.152484	9.0
13.652484	40.957452	319.152484	9.0
13.652484	27.304968	305.500000	9.0
0.000000	40.957452	305.500000	9.0
0.000000	27.304968	319.152484	9.0
40.957452	40.957452	319.152484	9.0
40.957452	27.304968	305.500000	9.0
27.304968	40.957452	305.500000	9.0
27.304968	27.304968	319.152484	9.0
68.262420	40.957452	319.152484	9.0
68.262420	27.304968	305.500000	9.0
54.609936	40.957452	305.500000	9.0
54.609936	27.304968	319.152484	9.0
95.567388	40.957452	319.152484	9.0
95.567388	27.304968	305.500000	9.0
81.914904	40.957452	305.500000	9.0
81.914904	27.304968	319.152484	9.0
109.219872	27.304968	319.152484	9.0
-95.567388	54.609936	305.500000	9.0
-68.262420	68.262420	319.152484	9.0
-68.262420	54.609936	305.500000	9.0
-81.914904	68.262420	305.500000	9.0
-81.914904	54.609936	319.152484	9.0
-40.957452	68.262420	319.152484	9.0
-40.957452	54.609936	305.500000	9.0
-54.609936	68.262420	305.500000	9.0
-54.609936	54.609936	319.152484	9.0
-13.652484	68.262420	319.152484	9.0
-13.652484	54.609936	305.500000	9.0
-27.304968	68.262420	305.500000	9.0
-27.304968	54.609936	319.152484	9.0
13.652484	68.262420	319.152484	9.0
13.652484	54.609936	305.500000	9.0
0.000000	68.262420	305.500000	9.0
0.000000	54.609936	319.152484	9.0
40.957452	68.262420	319.152484	9.0
40.957452	54.609936	305.500000	9.0
27.304968	68.262420	305.500000	9.0
27.304968	54.609936	319.152484	9.0
68.262420	68.262420	319.152484	9.0
68.262420	54.609936	305.500000	9.0
54.609936	68.262420	305.500000	9.0
54.609936	54.609936	319.152484	9.0
95.567388	54.609936	305.500000	9.0
81.914904	68.262420	305.500000	9.0
81.914904	54.609936	319.152484	9.0
-68.262420	81.914904	305.500000	9.0
-40.957452	95.567388	319.152484	9.0
-40.957452	81.914904	305.500000	9.0
-54.609936	95.567388	305.500000	9.0
-54.609936	81.914904	319.152484	9.0
-13.652484	95.567388	319.152484	9.0
-13.652484	81.914904	305.500000	9.0
-27.304968	95.567388	305.500000	9.0
-27.304968	81.914904	319.152484	9.0
13.652484	95.567388	319.152484	9.0
13.652484	81.914904	305.500000	9.0
0.000000	95.567388	305.500000	9.0
0.000000	81.914904	319.152484	9.0
40.957452	95.567388	319.152484	9.0
40.957452	81.914904	305.500000	9.0
27.304968	95.567388	305.500000	9.0
27.304968	81.914904	319.152484	9.0
68.262420	81.914904	305.500000	9.0
54.609936	95.567388	305.500000	9.0
54.609936	81.914904	319.152484	9.0
-13.652484	109.219872	305.500000	9.0
-27.304968	109.219872	319.152484	9.0
13.652484	109.219872	305.500000	9.0
0.000000	109.219872	319.152484	9.0
27.304968	109.219872	319.152484	9.0
-40.957452	-95.567388	346.457452	9.0
-54.609936	-95.567388	332.804968	9.0
-13.652484	-95.567388	346.457452	9.0
-13.652484	-109.219872	332.804968	9.0
-27.304968	-95.567388	332.804968	9.0
-27.304968	-109.219872	346.457452	9.0
13.652484	-95.567388	346.457452	9.0
13.652484	-109.219872	332.804968	9.0
0.000000	-95.567388	332.804968	9.0
0.000000	-109.219872	346.457452	9.0
40.957452	-95.567388	346.457452	9.0
27.304968	-95.567388	332.804968	9.0
27.304968	-109.219872	346.457452	9.0
54.609936	-95.567388	332.804968	9.0
-68.262420	-68.262420	346.457452	9.0
-68.262420	-81.914904	332.804968	9.0
-81.914904	-68.262420	332.804968	9.0
-40.957452	-68.262420	346.457452	9.0
-40.957452	-81.914904	332.804968	9.0
-54.609936	-68.262420	332.804968	9.0
-54.609936	-81.914904	346.457452	9.0
-13.652484	-68.262420	346.457452	9.0
-13.652484	-81.914904	332.804968	9.0
-27.304968	-68.262420	332.804968	9.0
-27.304968	-81.914904	346.457452	9.0
13.652484	-68.262420	346.457452	9.0
13.652484	-81.914904	332.804968	9.0
0.000000	-68.262420	332.804968	9.0
0.000000	-81.914904	346.457452	9.0
40.957452	-68.262420	346.457452	9.0
40.957452	-81.914904	332.804968	9.0
27.304968	-68.262420	332.804968	9.0
27.304968	-81.914904	346.457452	9.0
68.262420	-68.262420	346.457452	9.0
68.262420	-81.914904	332.804968	9.0
54.609936	-68.262420	332.804968	9.0
54.609936	-81.914904	346.457452	9.0
81.914904	-68.262420	332.804968	9.0
-95.567388	-40.957452	346.457452	9.0
-95.567388	-54.609936	332.804968	9.0
-68.262420	-40.957452	346.457452	9.0
-68.262420	-54.609936	332.804968	9.0
-81.914904	-40.957452	332.804968	9.0
-81.914904	-54.609936	346.457452	9.0
-40.957452	-40.957452	346.457452	9.0
-40.957452	-54.609936	332.804968	9.0
-54.609936	-40.957452	332.804968	9.0
-54.609936	-54.609936	346.457452	9.0
-13.652484	-40.957452	346.457452	9.0
-13.652484	-54.609936	332.804968	9.0
-27.304968	-40.957452	332.804968	9.0
-27.304968	-54.609936	346.457452	9.0
13.652484	-40.957452	346.457452	9.0
13.652484	-54.609936	332.804968	9.0
0.000000	-40.957452	332.804968	9.0
0.000000	-54.609936	346.457452	9.0
40.957452	-40.957452	346.457452	9.0
40.957452	-54.609936	332.804968	9.0
27.304968	-40.957452	332.804968	9.0
27.304968	-54.609936	346.457452	9.0
68.262420	-40.957452	346.457452	9.0
68.262420	-54.609936	332.804968	9.0
54.609936	-40.957452	332.804968	9.0
54.609936	-54.609936	346.457452	9.0
95.567388	-40.957452	346.457452	9.0
95.567388	-54.609936	332.804968	9.0
81.914904	-40.957452	332.804968	9.0
81.914904	-54.609936	346.457452	9.0
-95.567388	-13.652484	346.457452	9.0
-95.567388	-27.304968	332.804968	9.0
-109.219872	-13.652484	332.804968	9.0
-109.219872	-27.304968	346.457452	9.0
-68.262420	-13.652484	346.457452	9.0
-68.262420	-27.304968	332.804968	9.0
-81.914904	-13.652484	332.804968	9.0
-81.914904	-27.304968	346.457452	9.0
-40.957452	-13.652484	346.457452	9.0
-40.957452	-27.304968	332.804968	9.0
-54.609936	-13.652484	332.804968	9.0
-54.609936	-27.304968	346.457452	9.0
-13.652484	-13.652484	346.457452	9.0
-13.652484	-27.304968	332.804968	9.0
-27.304968	-13.652484	332.804968	9.0
-27.304968	-27.304968	346.457452	9.0
13.652484	-13.652484	346.457452	9.0
13.652484	-27.304968	332.804968	9.0
0.000000	-13.652484	332.804968	9.0
0.000000	-27.304968	346.457452	9.0
40.957452	-13.652484	346.457452	9.0
40.957452	-27.304968	332.804968	9.0
27.304968	-13.652484	332.804968	9.0
27.304968	-27.304968	346.457452	9.0
68.262420	-13.652484	346.457452	9.0
68.262420	-27.304968	332.804968	9.0
54.609936	-13.652484	332.804968	9.0
54.609936	-27.304968	346.457452	9.0
95.567388	-13.652484	346.457452	9.0
95.567388	-27.304968	332.804968	9.0
81.914904	-13.652484	332.804968	9.0
81.914904	-27.304968	346.457452	9.0
109.219872	-13.652484	332.804968	9.0
109.219872	-27.304968	346.457452	9.0
-95.567388	13.652484	346.457452	9.0
-95.567388	0.000000	332.804968	9.0
-109.219872	13.652484	332.804968	9.0
-109.219872	0.000000	346.457452	9.0
-68.262420	13.652484	346.457452	9.0
-68.262420	0.000000	332.804968	9.0
-81.914904	13.652484	332.804968	9.0
-81.914904	0.000000	346.457452	9.0
-40.957452	13.652484	346.457452	9.0
-40.957452	0.000000	332.804968	9.0
-54.609936	13.652484	332.804968	9.0
-54.609936	0.000000	346.457452	9.0
-13.652484	13.652484	346.457452	9.0
-13.652484	0.000000	332.804968	9.0
-27.304968	13.652484	332.804968	9.0
-27.304968	0.000000	346.457452	9.0
13.652484	13.652484	346.457452	9.0
13.652484	0.000000	332.804968	9.0
0.000000	13.652484	332.804968	9.0
0.000000	0.000000	346.457452	9.0
40.957452	13.652484	346.457452	9.0
40.957452	0.000000	332.804968	9.0
27.304968	13.652484	332.804968	9.0
27.304968	0.000000	346.457452	9.0
68.262420	13.652484	346.457452	9.0
68.262420	0.000000	332.804968	9.0
54.609936	13.652484	332.804968	9.0
54.609936	0.000000	346.457452	9.0
95.567388	13.652484	346.457452	9.0
95.567388	0.000000	332.804968	9.0
81.914904	13.652484	332.804968	9.0
81.914904	0.000000	346.457452	9.0
109.219872	13.652484	332.804968	9.0
109.219872	0.000000	346.457452	9.0
-95.567388	40.957452	346.457452	9.0
-95.567388	27.304968	332.804968	9.0
-109.219872	27.304968	346.457452	9.0
-68.262420	40.957452	346.457452	9.0
-68.262420	27.304968	332.804968	9.0
-81.914904	40.957452	332.804968	9.0
-81.914904	27.304968	346.457452	9.0
-40.957452	40.957452	346.457452	9.0
-40.957452	27.304968	332.804968	9.0
-54.609936	40.957452	332.804968	9.0
-54.609936	27.304968	346.457452	9.0
-13.652484	40.957452	346.457452	9.0
-13.652484	27.304968	332.804968	9.0
-27.304968	40.957452	332.804968	9.0
-27.304968	27.304968	346.457452	9.0
13.652484	40.957452	346.457452	9.0
13.652484	27.304968	332.804968	9.0
0.000000	40.957452	332.804968	9.0
0.000000	27.304968	346.457452	9.0
40.957452	40.957452	346.457452	9.0
40.957452	27.304968	332.804968	9.0
27.304968	40.957452	332.804968	9.0
27.304968	27.304968	346.457452	9.0
68.262420	40.957452	346.457452	9.0
68.262420	27.304968	332.804968	9.0
54.609936	40.957452	332.804968	9.0
54.609936	27.304968	346.457452	9.0
95.567388	40.957452	346.457452	9.0
95.567388	27.304968	332.804968	9.0
81.914904	40.957452	332.804968	9.0
81.914904	27.304968	346.457452	9.0
109.219872	27.304968	346.457452	9.0
-95.567388	54.609936	332.804968	9.0
-68.262420	68.262420	346.457452	9.0
-68.262420	54.609936	332.804968	9.0
-81.914904	68.262420	332.804968	9.0
-81.914904	54.609936	346.457452	9.0
-40.957452	68.262420	346.457452	9.0
-40.957452	54.609936	332.804968	9.0
-54.609936	68.262420	332.804968	9.0
-54.609936	54.609936	346.457452	9.0
-13.652484	68.262420	346.457452	9.0
-13.652484	54.609936	332.804968	9.0
-27.304968	68.262420	332.804968	9.0
-27.304968	54.609936	346.457452	9.0
13.652484	68.262420	346.457452	9.0
13.652484	54.609936	332.804968	9.0
0.000000	68.262420	332.804968	9.0
0.000000	54.609936	346.457452	9.0
40.957452	68.262420	346.457452	9.0
40.957452	54.609936	332.804968	9.0
27.304968	68.262420	332.804968	9.0
27.304968	54.609936	346.457452	9.0
68.262420	68.262420	346.457452	9.0
68.262420	54.609936	332.804968	9.0
54.609936	68.262420	332.804968	9.0
54.609936	54.609936	346.457452	9.0
95.567388	54.609936	332.804968	9.0
81.914904	68.262420	332.804968	9.0
81.914904	54.609936	346.457452	9.0
-68.262420	81.914904	332.804968	9.0
-40.957452	95.567388	346.457452	9.0
-40.957452	81.914904	332.804968	9.0
-54.609936	95.567388	332.804968	9.0
-54.609936	81.914904	346.457452	9.0
-13.652484	95.567388	346.457452	9.0
-13.652484	81.914904	332.804968	9.0
-27.304968	95.567388	332.804968	9.0
-27.304968	81.914904	346.457452	9.0
13.652484	95.567388	346.457452	9.0
13.652484	81.914904	332.804968	9.0
0.000000	95.567388	332.804968	9.0
0.000000	81.914904	346.457452	9.0
40.957452	95.567388	346.457452	9.0
40.957452	81.914904	332.804968	9.0
27.304968	95.567388	332.804968	9.0
27.304968	81.914904	346.457452	9.0
68.262420	81.914904	332.804968	9.0
54.609936	95.567388	332.804968	9.0
54.609936	81.914904	346.457452	9.0
-13.652484	109.219872	332.804968	9.0
-27.304968	109.219872	346.457452	9.0
13.652484	109.219872	332.804968	9.0
0.000000	109.219872	346.457452	9.0
27.304968	109.219872	346.457452	9.0
-40.957452	-95.567388	373.762420	9.0
-54.609936	-95.567388	360.109936	9.0
-13.652484	-95.567388	373.762420	9.0
-13.652484	-109.219872	360.109936	9.0
-27.304968	-95.567388	360.109936	9.0
-27.304968	-109.219872	373.762420	9.0
13.652484	-95.567388	373.762420	9.0
13.652484	-109.219872	360.109936	9.0
0.000000	-95.567388	360.109936	9.0
0.000000	-109.219872	373.762420	9.0
40.957452	-95.567388	373.762420	9.0
27.304968	-95.567388	360.109936	9.0
27.304968	-109.219872	373.762420	9.0
54.609936	-95.567388	360.109936	9.0
-68.262420	-68.262420	373.762420	9.0
-68.262420	-81.914904	360.109936	9.0
-81.914904	-68.262420	360.109936	9.0
-40.957452	-68.262420	373.762420	9.0
-40.957452	-81.914904	360.109936	9.0
-54.609936	-68.262420	360.109936	9.0
-54.609936	-81.914904	373.762420	9.0
-13.652484	-68.262420	373.762420	9.0
-13.652484	-81.914904	360.109936	9.0
-27.304968	-68.262420	360.109936	9.0
-27.304968	-81.914904	373.762420	9.0
13.652484	-68.262420	373.762420	9.0
13.652484	-81.914904	360.109936	9.0
0.000000	-68.262420	360.109936	9.0
0.000000	-81.914904	373.762420	9.0
40.957452	-68.262420	373.762420	9.0
40.957452	-81.914904	360.109936	9.0
27.304968	-68.262420	360.109936	9.0
27.304968	-81.914904	373.762420	9.0
68.262420	-68.262420	373.762420	9.0
68.262420	-81.914904	360.109936	9.0
54.609936	-68.262420	360.109936	9.0
54.609936	-81.914904	373.762420	9.0
81.914904	-68.262420	360.109936	9.0
-95.567388	-40.957452	373.762420	9.0
-95.567388	-54.609936	360.109936	9.0
-68.262420	-40.957452	373.762420	9.0
-68.262420	-54.609936	360.109936	9.0
-81.914904	-40.957452	360.109936	9.0
-81.914904	-54.609936	373.762420	9.0
-40.957452	-40.957452	373.762420	9.0
-40.957452	-54.609936	360.109936	9.0
-54.609936	-40.957452	360.109936	9.0
-54.609936	-54.609936	373.762420	9.0
-13.652484	-40.957452	373.762420	9.0
-13.652484	-54.609936	360.109936	9.0
-27.304968	-40.957452	360.109936	9.0
-27.304968	-54.609936	373.762420	9.0
13.652484	-40.957452	373.762420	9.0
13.652484	-54.609936	360.109936	9.0
0.000000	-40.957452	360.109936	9.0
0.000000	-54.609936	373.762420	9.0
40.957452	-40.957452	373.762420	9.0
40.957452	-54.609936	360.109936	9.0
27.304968	-40.957452	360.109936	9.0
27.304968	-54.609936	373.762420	9.0
68.262420	-40.957452	373.762420	9.0
68.262420	-54.609936	360.109936	9.0
54.609936	-40.957452	360.109936	9.0
54.609936	-54.609936	373.762420	9.0
95.567388	-40.957452	373.762420	9.0
95.567388	-54.609936	360.109936	9.0
81.914904	-40.957452	360.109936	9.0
81.914904	-54.609936	373.762420	9.0
-95.567388	-13.652484	373.762420	9.0
-95.567388	-27.304968	360.109936	9.0
-109.219872	-13.652484	360.109936	9.0
-109.219872	-27.304968	373.762420	9.0
-68.262420	-13.652484	373.762420	9.0
-68.262420	-27.304968	360.109936	9.0
-81.914904	-13.652484	360.109936	9.0
-81.914904	-27.304968	373.762420	9.0
-40.957452	-13.652484	373.762420	9.0
-40.957452	-27.304968	360.109936	9.0
-54.609936	-13.652484	360.109936	9.0
-54.609936	-27.304968	373.762420	9.0
-13.652484	-13.652484	373.762420	9.0
-13.652484	-27.304968	360.109936	9.0
-27.304968	-13.652484	360.109936	9.0
-27.304968	-27.304968	373.762420	9.0
13.652484	-13.652484	373.762420	9.0
13.652484	-27.304968	360.109936	9.0
0.000000	-13.652484	360.109936	9.0
0.000000	-27.304968	373.762420	9.0
40.957452	-13.652484	373.762420	9.0
40.957452	-27.304968	360.109936	9.0
27.304968	-13.652484	360.109936	9.0
27.304968	-27.304968	373.762420	9.0
68.262420	-13.652484	373.762420	9.0
68.262420	-27.304968	360.109936	9.0
54.609936	-13.652484	360.109936	9.0
54.609936	-27.304968	373.762420	9.0
95.567388	-13.652484	373.762420	9.0
95.567388	-27.304968	360.109936	9.0
81.914904	-13.652484	360.109936	9.0
81.914904	-27.304968	373.762420	9.0
109.219872	-13.652484	360.109936	9.0
109.219872	-27.304968	373.762420	9.0
-95.567388	13.652484	373.762420	9.0
-95.567388	0.000000	360.109936	9.0
-109.219872	13.652484	360.109936	9.0
-109.219872	0.000000	373.762420	9.0
-68.262420	13.652484	373.762420	9.0
-68.262420	0.000000	360.109936	9.0
-81.914904	13.652484	360.109936	9.0
-81.914904	0.000000	373.762420	9.0
-40.957452	13.652484	373.762420	9.0
-40.957452	0.000000	360.109936	9.0
-54.609936	13.652484	360.109936	9.0
-54.609936	0.000000	373.762420	9.0
-13.652484	13.652484	373.762420	9.0
-13.652484	0.000000	360.109936	9.0
-27.304968	13.652484	360.109936	9.0
-27.304968	0.000000	373.762420	9.0
13.652484	13.652484	373.762420	9.0
13.652484	0.000000	360.109936	9.0
0.000000	13.652484	360.109936	9.0
0.000000	0.000000	373.762420	9.0
40.957452	13.652484	373.762420	9.0
40.957452	0.000000	360.109936	9.0
27.304968	13.652484	360.109936	9.0
27.304968	0.000000	373.762420	9.0
68.262420	13.652484	373.762420	9.0
68.262420	0.000000	360.109936	9.0
54.609936	13.652484	360.109936	9.0
54.609936	0.000000	373.762420	9.0
95.567388	13.652484	373.762420	9.0
95.567388	0.000000	360.109936	9.0
81.914904	13.652484	360.109936	9.0
81.914904	0.000000	373.762420	9.0
109.219872	13.652484	360.109936	9.0
109.219872	0.000000	373.762420	9.0
-95.567388	40.957452	373.762420	9.0
-95.567388	27.304968	360.109936	9.0
-109.219872	27.304968	373.762420	9.0
-68.262420	40.957452	373.762420	9.0
-68.262420	27.304968	360.109936	9.0
-81.914904	40.957452	360.109936	9.0
-81.914904	27.304968	373.762420	9.0
-40.957452	40.957452	373.762420	9.0
-40.957452	27.304968	360.109936	9.0
-54.609936	40.957452	360.109936	9.0
-54.609936	27.304968	373.762420	9.0
-13.652484	40.957452	373.762420	9.0
-13.652484	27.304968	360.109936	9.0
-27.304968	40.957452	360.109936	9.0
-27.304968	27.304968	373.762420	9.0
13.652484	40.957452	373.762420	9.0
13.652484	27.304968	360.109936	9.0
0.000000	40.957452	360.109936	9.0
0.000000	27.304968	373.762420	9.0
40.957452	40.957452	373.762420	9.0
40.957452	27.304968	360.109936	9.0
27.304968	40.957452	360.109936	9.0
27.304968	27.304968	373.762420	9.0
68.262420	40.957452	373.762420	9.0
68.262420	27.304968	360.109936	9.0
54.609936	40.957452	360.109936	9.0
54.609936	27.304968	373.762420	9.0
95.567388	40.957452	373.762420	9.0
95.567388	27.304968	360.109936	9.0
81.914904	40.957452	360.109936	9.0
81.914904	27.304968	373.762420	9.0
109.219872	27.304968	373.762420	9.0
-95.567388	54.609936	360.109936	9.0
-68.262420	68.262420	373.762420	9.0
-68.262420	54.609936	360.109936	9.0
-81.914904	68.262420	360.109936	9.0
-81.914904	54.609936	373.762420	9.0
-40.957452	68.262420	373.762420	9.0
-40.957452	54.609936	360.109936	9.0
-54.609936	68.262420	360.109936	9.0
-54.609936	54.609936	373.762420	9.0
-13.652484	68.262420	373.762420	9.0
-13.652484	54.609936	360.109936	9.0
-27.304968	68.262420	360.109936	9.0
-27.304968	54.609936	373.762420	9.0
13.652484	68.262420	373.762420	9.0
13.652484	54.609936	360.109936	9.0
0.000000	68.262420	360.109936	9.0
0.000000	54.609936	373.762420	9.0
40.957452	68.262420	373.762420	9.0
40.957452	54.609936	360.109936	9.0
27.304968	68.262420	360.109936	9.0
27.304968	54.609936	373.762420	9.0
68.262420	68.262420	373.762420	9.0
68.262420	54.609936	360.109936	9.0
54.609936	68.262420	360.109936	9.0
54.609936	54.609936	373.762420	9.0
95.567388	54.609936	360.109936	9.0
81.914904	68.262420	360.109936	9.0
81.914904	54.609936	373.762420	9.0
-68.262420	81.914904	360.109936	9.0
-40.957452	95.567388	373.762420	9.0
-40.957452	81.914904	360.109936	9.0
-54.609936	95.567388	360.109936	9.0
-54.609936	81.914904	373.762420	9.0
-13.652484	95.567388	373.762420	9.0
-13.652484	81.914904	360.109936	9.0
-27.304968	95.567388	360.109936	9.0
-27.304968	81.914904	373.762420	9.0
13.652484	95.567388	373.762420	9.0
13.652484	81.914904	360.109936	9.0
0.000000	95.567388	360.109936	9.0
0.000000	81.914904	373.762420	9.0
40.957452	95.567388	373.762420	9.0
40.957452	81.914904	360.109936	9.0
27.304968	95.567388	360.109936	9.0
27.304968	81.914904	373.762420	9.0
68.262420	81.914904	360.109936	9.0
54.609936	95.567388	360.109936	9.0
54.609936	81.914904	373.762420	9.0
-13.652484	109.219872	360.109936	9.0
-27.304968	109.219872	373.762420	9.0
13.652484	109.219872	360.109936	9.0
0.000000	109.219872	373.762420	9.0
27.304968	109.219872	373.762420	9.0
-40.957452	-95.567388	401.067388	9.0
-54.609936	-95.567388	387.414904	9.0
-13.652484	-95.567388	401.067388	9.0
-13.652484	-109.219872	387.414904	9.0
-27.304968	-95.567388	387.414904	9.0
-27.304968	-109.219872	401.067388	9.0
13.652484	-95.567388	401.067388	9.0
13.652484	-109.219872	387.414904	9.0
0.000000	-95.567388	387.414904	9.0
0.000000	-109.219872	401.067388	9.0
40.957452	-95.567388	401.067388	9.0
27.304968	-95.567388	387.414904	9.0
27.304968	-109.219872	401.067388	9.0
54.609936	-95.567388	387.414904	9.0
-68.262420	-68.262420	401.067388	9.0
-68.262420	-81.914904	387.414904	9.0
-81.914904	-68.262420	387.414904	9.0
-40.957452	-68.262420	401.067388	9.0
-40.957452	-81.914904	387.414904	9.0
-54.609936	-68.262420	387.414904	9.0
-54.609936	-81.914904	401.067388	9.0
-13.652484	-68.262420	401.067388	9.0
-13.652484	-81.914904	387.414904	9.0
-27.304968	-68.262420	387.414904	9.0
-27.304968	-81.914904	401.067388	9.0
13.652484	-68.262420	401.067388	9.0
13.652484	-81.914904	387.414904	9.0
0.000000	-68.262420	387.414904	9.0
0.000000	-81.914904	401.067388	9.0
40.957452	-68.262420	401.067388	9.0
40.957452	-81.914904	387.414904	9.0
27.304968	-68.262420	387.414904	9.0
27.304968	-81.914904	401.067388	9.0
68.262420	-68.262420	401.067388	9.0
68.262420	-81.914904	387.414904	9.0
54.609936	-68.262420	387.414904	9.0
54.609936	-81.914904	401.067388	9.0
81.914904	-68.262420	387.414904	9.0
-95.567388	-40.957452	401.067388	9.0
-95.567388	-54.609936	387.414904	9.0
-68.262420	-40.957452	401.067388	9.0
-68.262420	-54.609936	387.414904	9.0
-81.914904	-40.957452	387.414904	9.0
-81.914904	-54.609936	401.067388	9.0
-40.957452	-40.957452	401.067388	9.0
-40.957452	-54.609936	387.414904	9.0
-54.609936	-40.957452	387.414904	9.0
-54.609936	-54.609936	401.067388	9.0
-13.652484	-40.957452	401.067388	9.0
-13.652484	-54.609936	387.414904	9.0
-27.304968	-40.957452	387.414904	9.0
-27.304968	-54.609936	401.067388	9.0
13.652484	-40.957452	401.067388	9.0
13.652484	-54.609936	387.414904	9.0
0.000000	-40.957452	387.414904	9.0
0.000000	-54.609936	401.067388	9.0
40.957452	-40.957452	401.067388	9.0
40.957452	-54.609936	387.414904	9.0
27.304968	-40.957452	387.414904	9.0
27.304968	-54.609936	401.067388	9.0
68.262420	-40.957452	401.067388	9.0
68.262420	-54.609936	387.414904	9.0
54.609936	-40.957452	387.414904	9.0
54.609936	-54.609936	401.067388	9.0
95.567388	-40.957452	401.067388	9.0
95.567388	-54.609936	387.414904	9.0
81.914904	-40.957452	387.414904	9.0
81.914904	-54.609936	401.067388	9.0
-95.567388	-13.652484	401.067388	9.0
-95.567388	-27.304968	387.414904	9.0
-109.219872	-13.652484	387.414904	9.0
-109.219872	-27.304968	401.067388	9.0
-68.262420	-13.652484	401.067388	9.0
-68.262420	-27.304968	387.414904	9.0
-81.914904	-13.652484	387.414904	9.0
-81.914904	-27.304968	401.067388	9.0
-40.957452	-13.652484	401.067388	9.0
-40.957452	-27.304968	387.414904	9.0
-54.609936	-13.652484	387.414904	9.0
-54.609936	-27.304968	401.067388	9.0
-13.652484	-13.652484	401.067388	9.0
-13.652484	-27.304968	387.414904	9.0
-27.304968	-13.652484	387.414904	9.0
-27.304968	-27.304968	401.067388	9.0
13.652484	-13.652484	401.067388	9.0
13.652484	-27.304968	387.414904	9.0
0.000000	-13.652484	387.414904	9.0
0.000000	-27.304968	401.067388	9.0
40.957452	-13.652484	401.067388	9.0
40.957452	-27.304968	387.414904	9.0
27.304968	-13.652484	387.414904	9.0
27.304968	-27.304968	401.067388	9.0
68.262420	-13.652484	401.067388	9.0
68.262420	-27.304968	387.414904	9.0
54.609936	-13.652484	387.414904	9.0
54.609936	-27.304968	401.067388	9.0
95.567388	-13.652484	401.067388	9.0
95.567388	-27.304968	387.414904	9.0
81.914904	-13.652484	387.414904	9.0
81.914904	-27.304968	401.067388	9.0
109.219872	-13.652484	387.414904	9.0
109.219872	-27.304968	401.067388	9.0
-95.567388	13.652484	401.067388	9.0
-95.567388	0.000000	387.414904	9.0
-109.219872	13.652484	387.414904	9.0
-109.219872	0.000000	401.067388	9.0
-68.262420	13.652484	401.067388	9.0
-68.262420	0.000000	387.414904	9.0
-81.914904	13.652484	387.414904	9.0
-81.914904	0.000000	401.067388	9.0
-40.957452	13.652484	401.067388	9.0
-40.957452	0.000000	387.414904	9.0
-54.609936	13.652484	387.414904	9.0
-54.609936	0.000000	401.067388	9.0
-13.652484	13.652484	401.067388	9.0
-13.652484	0.000000	387.414904	9.0
-27.304968	13.652484	387.414904	9.0
-27.304968	0.000000	401.067388	9.0
13.652484	13.652484	401.067388	9.0
13.652484	0.000000	387.414904	9.0
0.000000	13.652484	387.414904	9.0
0.000000	0.000000	401.067388	9.0
40.957452	13.652484	401.067388	9.0
40.957452	0.000000	387.414904	9.0
27.304968	13.652484	387.414904	9.0
27.304968	0.000000	401.067388	9.0
68.262420	13.652484	401.067388	9.0
68.262420	0.000000	387.414904	9.0
54.609936	13.652484	387.414904	9.0
54.609936	0.000000	401.067388	9.0
95.567388	13.652484	401.067388	9.0
95.567388	0.000000	387.414904	9.0
81.914904	13.652484	387.414904	9.0
81.914904	0.000000	401.067388	9.0
109.219872	13.652484	387.414904	9.0
109.219872	0.000000	401.067388	9.0
-95.567388	40.957452	401.067388	9.0
-95.567388	27.304968	387.414904	9.0
-109.219872	27.304968	401.067388	9.0
-68.262420	40.957452	401.067388	9.0
-68.262420	27.304968	387.414904	9.0
-81.914904	40.957452	387.414904	9.0
-81.914904	27.304968	401.067388	9.0
-40.957452	40.957452	401.067388	9.0
-40.957452	27.304968	387.414904	9.0
-54.609936	40.957452	387.414904	9.0
-54.609936	27.304968	401.067388	9.0
-13.652484	40.957452	401.067388	9.0
-13.652484	27.304968	387.414904	9.0
-27.304968	40.957452	387.414904	9.0
-27.304968	27.304968	401.067388	9.0
13.652484	40.957452	401.067388	9.0
13.652484	27.304968	387.414904	9.0
0.000000	40.957452	387.414904	9.0
0.000000	27.304968	401.067388	9.0
40.957452	40.957452	401.067388	9.0
40.957452	27.304968	387.414904	9.0
27.304968	40.957452	387.414904	9.0
27.304968	27.304968	401.067388	9.0
68.262420	40.957452	401.067388	9.0
68.262420	27.304968	387.414904	9.0
54.609936	40.957452	387.414904	9.0
54.609936	27.304968	401.067388	9.0
95.567388	40.957452	401.067388	9.0
95.567388	27.304968	387.414904	9.0
81.914904	40.957452	387.414904	9.0
81.914904	27.304968	401.067388	9.0
109.219872	27.304968	401.067388	9.0
-95.567388	54.609936	387.414904	9.0
-68.262420	68.262420	401.067388	9.0
-68.262420	54.609936	387.414904	9.0
-81.914904	68.262420	387.414904	9.0
-81.914904	54.609936	401.067388	9.0
-40.957452	68.262420	401.067388	9.0
-40.957452	54.609936	387.414904	9.0
-54.609936	68.262420	387.414904	9.0
-54.609936	54.609936	401.067388	9.0
-13.652484	68.262420	401.067388	9.0
-13.652484	54.609936	387.414904	9.0
-27.304968	68.262420	387.414904	9.0
-27.304968	54.609936	401.067388	9.0
13.652484	68.262420	401.067388	9.0
13.652484	54.609936	387.414904	9.0
0.000000	68.262420	387.414904	9.0
0.000000	54.609936	401.067388	9.0
40.957452	68.262420	401.067388	9.0
40.957452	54.609936	387.414904	9.0
27.304968	68.262420	387.414904	9.0
27.304968	54.609936	401.067388	9.0
68.262420	68.262420	401.067388	9.0
68.262420	54.609936	387.414904	9.0
54.609936	68.262420	387.414904	9.0
54.609936	54.609936	401.067388	9.0
95.567388	54.609936	387.414904	9.0
81.914904	68.262420	387.414904	9.0
81.914904	54.609936	401.067388	9.0
-68.262420	81.914904	387.414904	9.0
-40.957452	95.567388	401.067388	9.0
-40.957452	81.914904	387.414904	9.0
-54.609936	95.567388	387.414904	9.0
-54.609936	81.914904	401.067388	9.0
-13.652484	95.567388	401.067388	9.0
-13.652484	81.914904	387.414904	9.0
-27.304968	95.567388	387.414904	9.0
-27.304968	81.914904	401.067388	9.0
13.652484	95.567388	401.067388	9.0
13.652484	81.914904	387.414904	9.0
0.000000	95.567388	387.414904	9.0
0.000000	81.914904	401.067388	9.0
40.957452	95.567388	401.067388	9.0
40.957452	81.914904	387.414904	9.0
27.304968	95.567388	387.414904	9.0
27.304968	81.914904	401.067388	9.0
68.262420	81.914904	387.414904	9.0
54.609936	95.567388	387.414904	9.0
54.609936	81.914904	401.067388	9.0
-13.652484	109.219872	387.414904	9.0
-27.304968	109.219872	401.067388	9.0
13.652484	109.219872	387.414904	9.0
0.000000	109.219872	401.067388	9.0
27.304968	109.219872	401.067388	9.0
-40.957452	-95.567388	428.372356	9.0
-54.609936	-95.567388	414.719872	9.0
-13.652484	-95.567388	428.372356	9.0
-13.652484	-109.219872	414.719872	9.0
-27.304968	-95.567388	414.719872	9.0
-27.304968	-109.219872	428.372356	9.0
13.652484	-95.567388	428.372356	9.0
13.652484	-109.219872	414.719872	9.0
0.000000	-95.567388	414.719872	9.0
0.000000	-109.219872	428.372356	9.0
40.957452	-95.567388	428.372356	9.0
27.304968	-95.567388	414.719872	9.0
27.304968	-109.219872	428.372356	9.0
54.609936	-95.567388	414.719872	9.0
-68.262420	-68.262420	428.372356	9.0
-68.262420	-81.914904	414.719872	9.0
-81.914904	-68.262420	414.719872	9.0
-40.957452	-68.262420	428.372356	9.0
-40.957452	-81.914904	414.719872	9.0
-54.609936	-68.262420	414.719872	9.0
-54.609936	-81.914904	428.372356	9.0
-13.652484	-68.262420	428.372356	9.0
-13.652484	-81.914904	414.719872	9.0
-27.304968	-68.262420	414.719872	9.0
-27.304968	-81.914904	428.372356	9.0
13.652484	-68.262420	428.372356	9.0
13.652484	-81.914904	414.719872	9.0
0.000000	-68.262420	414.719872	9.0
0.000000	-81.914904	428.372356	9.0
40.957452	-68.262420	428.372356	9.0
40.957452	-81.914904	414.719872	9.0
27.304968	-68.262420	414.719872	9.0
27.304968	-81.914904	428.372356	9.0
68.262420	-68.262420	428.372356	9.0
68.262420	-81.914904	414.719872	9.0
54.609936	-68.262420	414.719872	9.0
54.609936	-81.914904	428.372356	9.0
81.914904	-68.262420	414.719872	9.0
-95.567388	-40.957452	428.372356	9.0
-95.567388	-54.609936	414.719872	9.0
-68.262420	-40.957452	428.372356	9.0
-68.262420	-54.609936	414.719872	9.0
-81.914904	-40.957452	414.719872	9.0
-81.914904	-54.609936	428.372356	9.0
-40.957452	-40.957452	428.372356	9.0
-40.957452	-54.609936	414.719872	9.0
-54.609936	-40.957452	414.719872	9.0
-54.609936	-54.609936	428.372356	9.0
-13.652484	-40.957452	428.372356	9.0
-13.652484	-54.609936	414.719872	9.0
-27.304968	-40.957452	414.719872	9.0
-27.304968	-54.609936	428.372356	9.0
13.652484	-40.957452	428.372356	9.0
13.652484	-54.609936	414.719872	9.0
0.000000	-40.957452	414.719872	9.0
0.000000	-54.609936	428.372356	9.0
40.957452	-40.957452	428.372356	9.0
40.957452	-54.609936	414.719872	9.0
27.304968	-40.957452	414.719872	9.0
27.304968	-54.609936	428.372356	9.0
68.262420	-40.957452	428.372356	9.0
68.262420	-54.609936	414.719872	9.0
54.609936	-40.957452	414.719872	9.0
54.609936	-54.609936	428.372356	9.0
95.567388	-40.957452	428.372356	9.0
95.567388	-54.609936	414.719872	9.0
81.914904	-40.957452	414.719872	9.0
81.914904	-54.609936	428.372356	9.0
-95.567388	-13.652484	428.372356	9.0
-95.567388	-27.304968	414.719872	9.0
-109.219872	-13.652484	414.719872	9.0
-109.219872	-27.304968	428.372356	9.0
-68.262420	-13.652484	428.372356	9.0
-68.262420	-27.304968	414.719872	9.0
-81.914904	-13.652484	414.719872	9.0
-81.914904	-27.304968	428.372356	9.0
-40.957452	-13.652484	428.372356	9.0
-40.957452	-27.304968	414.719872	9.0
-54.609936	-13.652484	414.719872	9.0
-54.609936	-27.304968	428.372356	9.0
-13.652484	-13.652484	428.372356	9.0
-13.652484	-27.304968	414.719872	9.0
-27.304968	-13.652484	414.719872	9.0
-27.304968	-27.304968	428.372356	9.0
13.652484	-13.652484	428.372356	9.0
13.652484	-27.304968	414.719872	9.0
0.000000	-13.652484	414.719872	9.0
0.000000	-27.304968	428.372356	9.0
40.957452	-13.652484	428.372356	9.0
40.957452	-27.304968	414.719872	9.0
27.304968	-13.652484	414.719872	9.0
27.304968	-27.304968	428.372356	9.0
68.262420	-13.652484	428.372356	9.0
68.262420	-27.304968	414.719872	9.0
54.609936	-13.652484	414.719872	9.0
54.609936	-27.304968	428.372356	9.0
95.567388	-13.652484	428.372356	9.0
95.567388	-27.304968	414.719872	9.0
81.914904	-13.652484	414.719872	9.0
81.914904	-27.304968	428.372356	9.0
109.219872	-13.652484	414.719872	9.0
109.219872	-27.304968	428.372356	9.0
-95.567388	13.652484	428.372356	9.0
-95.567388	0.000000	414.719872	9.0
-109.219872	13.652484	414.719872	9.0
-109.219872	0.000000	428.372356	9.0
-68.262420	13.652484	428.372356	9.0
-68.262420	0.000000	414.719872	9.0
-81.914904	13.652484	414.719872	9.0
-81.914904	0.000000	428.372356	9.0
-40.957452	13.652484	428.372356	9.0
-40.957452	0.000000	414.719872	9.0
-54.609936	13.652484	414.719872	9.0
-54.609936	0.000000	428.372356	9.0
-13.652484	13.652484	428.372356	9.0
-13.652484	0.000000	414.719872	9.0
-27.304968	13.652484	414.719872	9.0
-27.304968	0.000000	428.372356	9.0
13.652484	13.652484	428.372356	9.0
13.652484	0.000000	414.719872	9.0
0.000000	13.652484	414.719872	9.0
0.000000	0.000000	428.372356	9.0
40.957452	13.652484	428.372356	9.0
40.957452	0.000000	414.719872	9.0
27.304968	13.652484	414.719872	9.0
27.304968	0.000000	428.372356	9.0
68.262420	13.652484	428.372356	9.0
68.262420	0.000000	414.719872	9.0
54.609936	13.652484	414.719872	9.0
54.609936	0.000000	428.372356	9.0
95.567388	13.652484	428.372356	9.0
95.567388	0.000000	414.719872	9.0
81.914904	13.652484	414.719872	9.0
81.914904	0.000000	428.372356	9.0
109.219872	13.652484	414.719872	9.0
109.219872	0.000000	428.372356	9.0
-95.567388	40.957452	428.372356	9.0
-95.567388	27.304968	414.719872	9.0
-109.219872	27.304968	428.372356	9.0
-68.262420	40.957452	428.372356	9.0
-68.262420	27.304968	414.719872	9.0
-81.914904	40.957452	414.719872	9.0
-81.914904	27.304968	428.372356	9.0
-40.957452	40.957452	428.372356	9.0
-40.957452	27.304968	414.719872	9.0
-54.609936	40.957452	414.719872	9.0
-54.609936	27.304968	428.372356	9.0
-13.652484	40.957452	428.372356	9.0
-13.652484	27.304968	414.719872	9.0
-27.304968	40.957452	414.719872	9.0
-27.304968	27.304968	428.372356	9.0
13.652484	40.957452	428.372356	9.0
13.652484	27.304968	414.719872	9.0
0.000000	40.957452	414.719872	9.0
0.000000	27.304968	428.372356	9.0
40.957452	40.957452	428.372356	9.0
40.957452	27.304968	414.719872	9.0
27.304968	40.957452	414.719872	9.0
27.304968	27.304968	428.372356	9.0
68.262420	40.957452	428.372356	9.0
68.262420	27.304968	414.719872	9.0
54.609936	40.957452	414.719872	9.0
54.609936	27.304968	428.372356	9.0
95.567388	40.957452	428.372356	9.0
95.567388	27.304968	414.719872	9.0
81.914904	40.957452	414.719872	9.0
81.914904	27.304968	428.372356	9.0
109.219872	27.304968	428.372356	9.0
-95.567388	54.609936	414.719872	9.0
-68.262420	68.262420	428.372356	9.0
-68.262420	54.609936	414.719872	9.0
-81.914904	68.262420	414.719872	9.0
-81.914904	54.609936	428.372356	9.0
-40.957452	68.262420	428.372356	9.0
-40.957452	54.609936	414.719872	9.0
-54.609936	68.262420	414.719872	9.0
-54.609936	54.609936	428.372356	9.0
-13.652484	68.262420	428.372356	9.0
-13.652484	54.609936	414.719872	9.0
-27.304968	68.262420	414.719872	9.0
-27.304968	54.609936	428.372356	9.0
13.652484	68.262420	428.372356	9.0
13.652484	54.609936	414.719872	9.0
0.000000	68.262420	414.719872	9.0
0.000000	54.609936	428.372356	9.0
40.957452	68.262420	428.372356	9.0
40.957452	54.609936	414.719872	9.0
27.304968	68.262420	414.719872	9.0
27.304968	54.609936	428.372356	9.0
68.262420	68.262420	428.372356	9.0
68.262420	54.609936	414.719872	9.0
54.609936	68.262420	414.719872	9.0
54.609936	54.609936	428.372356	9.0
95.567388	54.609936	414.719872	9.0
81.914904	68.262420	414.719872	9.0
81.914904	54.609936	428.372356	9.0
-68.262420	81.914904	414.719872	9.0
-40.957452	95.567388	428.372356	9.0
-40.957452	81.914904	414.719872	9.0
-54.609936	95.567388	414.719872	9.0
-54.609936	81.914904	428.372356	9.0
-13.652484	95.567388	428.372356	9.0
-13.652484	81.914904	414.719872	9.0
-27.304968	95.567388	414.719872	9.0
-27.304968	81.914904	428.372356	9.0
13.652484	95.567388	428.372356	9.0
13.652484	81.914904	414.719872	9.0
0.000000	95.567388	414.719872	9.0
0.000000	81.914904	428.372356	9.0
40.957452	95.567388	428.372356	9.0
40.957452	81.914904	414.719872	9.0
27.304968	95.567388	414.719872	9.0
27.304968	81.914904	428.372356	9.0
68.262420	81.914904	414.719872	9.0
54.609936	95.567388	414.719872	9.0
54.609936	81.914904	428.372356	9.0
-13.652484	109.219872	414.719872	9.0
-27.304968	109.219872	428.372356	9.0
13.652484	109.219872	414.719872	9.0
0.000000	109.219872	428.372356	9.0
27.304968	109.219872	428.372356	9.0
