1.918935000000000000e+05
2.295160000000000000e+05
1.576962500000000000e+05
1.334785000000000000e+05
1.196596250000000000e+05
1.081622500000000000e+05
9.602075000000001455e+04
8.564666249999999127e+04
7.764196250000000873e+04
7.031001250000001164e+04
6.295375000000000728e+04
5.501606250000000000e+04
4.909286249999999563e+04
4.201926249999999709e+04
4.186690000000000146e+04
4.491936249999999563e+04
5.214752500000000146e+04
6.340354999999999563e+04
7.909136250000000291e+04
9.706711250000000291e+04
1.114368750000000000e+05
1.144501250000000000e+05
8.870641249999999127e+04
4.339900000000000728e+04
2.017216249999999854e+04
1.068857499999999891e+04
6.417908750000000509e+03
4.224023750000000291e+03
2.977243750000000091e+03
2.208781250000000000e+03
1.708355000000000018e+03
1.367679999999999836e+03
1.127514999999999873e+03
9.531846249999999827e+02
7.806378749999998945e+02
6.369857500000000528e+02
5.679746250000000600e+02
5.554780000000000655e+02
5.864056249999999864e+02
6.347816249999999627e+02
7.782348750000001019e+02
1.227788749999999936e+03
2.827518750000000637e+03
8.186961250000000291e+03
1.248387500000000000e+04
8.686193749999998545e+03
5.107313749999999345e+03
2.835773749999999382e+03
1.668753749999999854e+03
1.207381249999999909e+03
1.034029999999999973e+03
8.970357499999998936e+02
7.854165000000000418e+02
6.945661250000000564e+02
6.200603750000000218e+02
5.599173749999999927e+02
5.056718750000000568e+02
4.606152499999999463e+02
4.207187499999999432e+02
3.876051250000000437e+02
3.575572500000000105e+02
3.315851250000000050e+02
3.086857499999999845e+02
2.881585000000000036e+02
2.590648749999999723e+02
2.229051249999999982e+02
1.944122500000000286e+02
1.717863750000000209e+02
1.461354999999999791e+02
1.211565000000000083e+02
1.022157499999999999e+02
8.768560000000000798e+01
7.638766250000000468e+01
6.493392500000000211e+01
5.374806250000000318e+01
4.548602500000000504e+01
3.930750000000000455e+01
3.488888750000000272e+01
3.186393750000000225e+01
2.876646249999999938e+01
2.553333750000000180e+01
2.334922499999999701e+01
2.171178749999999980e+01
2.032229999999999848e+01
1.902029999999999887e+01
1.770627499999999799e+01
1.676248750000000243e+01
1.599881250000000144e+01
1.535722499999999968e+01
1.502761250000000004e+01
1.483001250000000049e+01
1.454713749999999983e+01
1.427537500000000037e+01
1.501201249999999909e+01
1.733596250000000083e+01
7.574413750000000789e+01
2.346933750000000146e+03
5.688414999999999964e+02
3.084176249999999797e+01
6.421988749999999868e+01
5.749805000000000064e+02
2.818998750000000086e+02
2.494331250000000111e+01
1.842011250000000189e+01
2.448075000000000045e+01
1.830082499999999982e+03
2.747161249999999768e+02
1.449629999999999974e+01
1.416542499999999905e+02
2.127614999999999554e+02
8.851042499999998370e+00
2.139412499999999895e+01
9.539927500000000009e+02
1.430575000000000045e+02
6.129018750000000182e+01
1.484049999999999727e+02
4.018665000000000376e+00
3.257076250000000339e+00
3.417740000000000222e+00
8.491945000000001187e+00
3.253383750000000418e+02
4.463023749999999268e+02
7.960906250000000739e+01
5.210543749999999363e+02
3.410061249999999688e+01
8.242829999999999657e+00
1.521854999999999905e+02
2.898318750000000250e+02
5.937348750000000841e+00
3.686212500000000336e+00
4.710852499999999665e+00
8.876692499999998986e+00
3.109003749999999755e+01
6.268145000000000664e+02
4.933529999999999518e+02
1.673944999999999936e+02
1.459785000000000082e+03
1.077095375000000104e+02
8.227534999999999599e+00
3.366680000000000206e+01
1.874586249999999836e+02
8.029955000000001064e+02
8.187301250000000152e+01
1.515252500000000282e+02
6.466753750000000309e+02
4.075087500000000773e+02
1.042122999999999990e+02
3.175718750000000341e+02
5.549636249999999791e+02
3.331941249999999854e+01
3.167237499999999706e+00
8.513426250000000550e+01
5.146792500000000246e+02
1.095936250000000030e+02
9.045542500000000530e+01
7.275244999999999607e+01
1.168862500000000040e+02
7.848334999999998729e+01
7.474973749999999484e+01
5.580617499999999609e+01
2.273487499999999883e+00
3.928862499999999613e+01
6.078670000000000329e+01
4.931669999999999732e+01
3.031567500000000237e+01
3.304205000000000325e+01
3.107033749999999728e+01
2.725756250000000236e+01
2.135688749999999914e+01
1.809429999999999694e+01
1.580772500000000313e+01
1.487199999999999989e+01
1.292708749999999895e+01
1.177687500000000043e+01
1.102577499999999944e+01
9.922913749999999311e+00
8.575491249999998900e+00
7.730017500000000652e+00
6.458104999999998874e+00
4.875238749999999399e+00
4.083808749999999321e+00
3.415110000000000312e+00
2.767580000000000151e+00
2.206802499999999778e+00
1.796533750000000040e+00
1.467051250000000140e+00
1.256116250000000045e+00
1.193002499999999966e+00
1.134402499999999980e+00
1.032210000000000072e+00
9.722971249999999843e-01
9.421343750000000794e-01
9.126003749999999082e-01
8.728768749999999965e-01
8.045579999999998844e-01
7.532311250000000014e-01
7.159511250000001326e-01
6.688242500000001201e-01
5.979322500000000540e-01
5.260651250000000223e-01
4.833073749999999280e-01
4.771116250000000392e-01
4.695658750000000214e-01
4.604507499999999642e-01
4.494587499999999625e-01
4.403311249999999899e-01
4.341797499999999754e-01
4.055383750000000065e-01
3.781235000000000568e-01
3.545182500000000347e-01
3.209939999999999460e-01
2.927024999999999766e-01
2.777617500000000295e-01
2.675048749999999753e-01
2.578343750000000045e-01
2.405893750000000220e-01
2.149098750000000002e-01
1.903953750000000056e-01
1.703658750000000000e-01
1.516226249999999831e-01
1.407351249999999887e-01
1.342973749999999966e-01
1.245088749999999911e-01
1.014476249999999996e-01
7.209575000000000011e-02
5.746397500000000047e-02
4.526310000000000056e-02
2.340722500000000025e-02
1.054697500000000010e-02
5.350004999999999691e-03
2.037501250000000024e-03
1.159946250000000109e-03
1.030384999999999981e-03
2.349061249999999921e-04
2.193526250000000198e-04
1.904531250000000028e-04
5.857137499999999790e-05
3.753849999999999982e-05
