1.557195000000000107e+02
2.120360000000000298e+02
1.671819999999999879e+02
1.546261250000000018e+02
1.482955000000000041e+02
1.436301249999999925e+02
1.394451249999999902e+02
1.365761250000000189e+02
1.350139999999999816e+02
1.342623749999999916e+02
1.344127499999999884e+02
1.366503749999999968e+02
1.410552500000000009e+02
1.686982499999999732e+02
2.024406250000000114e+02
2.415428749999999809e+02
3.134656250000000455e+02
4.161192500000000791e+02
5.586254999999999882e+02
7.289976249999999709e+02
8.817235000000000582e+02
9.478558749999999691e+02
7.871572499999999764e+02
4.266832499999999868e+02
2.206143750000000239e+02
1.297362499999999841e+02
8.606727500000000930e+01
6.227504999999999313e+01
4.797711249999999694e+01
3.866467500000000257e+01
3.224568750000000250e+01
2.760869999999999891e+01
2.412232500000000357e+01
2.140298750000000183e+01
1.839879999999999782e+01
1.538922499999999793e+01
1.321941250000000068e+01
1.157793750000000088e+01
1.065208750000000038e+01
1.023683750000000003e+01
1.010753749999999940e+01
1.199310000000000187e+01
2.545573750000000146e+01
8.818192499999999256e+01
1.620492499999999723e+02
1.332126250000000027e+02
9.147441249999999968e+01
6.118221249999999856e+01
4.372511249999999450e+01
3.614184999999999803e+01
3.308339999999999748e+01
3.057722500000000210e+01
2.845658750000000126e+01
2.666659999999999897e+01
2.514656249999999460e+01
2.386853750000000218e+01
2.269181250000000105e+01
2.168073749999999933e+01
2.076053749999999809e+01
1.996780000000000044e+01
1.923263749999999916e+01
1.857601250000000093e+01
1.798031250000000014e+01
1.743319999999999936e+01
1.661676250000000010e+01
1.556935000000000002e+01
1.469057500000000260e+01
1.394783750000000033e+01
1.303720000000000034e+01
1.206814999999999927e+01
1.126501250000000098e+01
1.059057499999999941e+01
1.002061249999999859e+01
9.375298750000000680e+00
8.675448749999999265e+00
8.092637499999998596e+00
7.604562500000000114e+00
7.212687499999999474e+00
6.920917500000000722e+00
6.595403750000000009e+00
6.234465000000000146e+00
5.960677500000000073e+00
5.732071249999999729e+00
5.519163749999999702e+00
5.300113750000001289e+00
5.073566249999999833e+00
4.878805000000000724e+00
4.692026249999999621e+00
4.514752500000000168e+00
4.406698750000000331e+00
4.339577499999999866e+00
4.221181249999999885e+00
3.898687500000000306e+00
3.511775000000000091e+00
3.217847500000000416e+00
3.701401249999999976e+00
7.153136250000000018e+01
2.241310000000000002e+01
3.264943750000000033e+00
1.645564999999999944e+00
7.895825000000000315e+00
8.445012500000000699e+00
3.598722500000000046e+00
3.051566250000000480e+00
2.942991250000000392e+00
2.574764999999999873e+02
4.906030000000000513e+01
4.815231250000000074e+00
4.370892500000000069e+00
1.013729874999999936e+01
2.547158749999999916e+00
1.995612499999999789e+00
8.044781249999999773e+01
1.404556249999999729e+01
3.268342500000000150e+00
6.627931249999999608e+00
2.191923749999999949e+00
1.699822500000000236e+00
1.182244999999999990e+00
6.038111250000000041e-01
3.708521249999999725e+01
9.632162499999999739e+01
4.919836249999999467e+00
7.413523750000000234e+01
7.445644999999999847e+00
1.909557500000000019e+00
1.433544999999999980e+01
3.135055000000000192e+01
1.442842500000000028e+00
4.651397500000000185e-01
4.247602499999999365e-02
1.019766874999999962e+00
1.091100000000000136e+01
2.735321250000000077e+02
1.774710000000000036e+02
1.309287500000000080e+02
9.143673750000000382e+02
3.948326250000000215e+01
3.965444999999999887e+00
3.201516250000000063e+00
2.211744999999999806e+01
4.279994999999999550e+02
4.771718749999999432e+01
6.155831249999999955e+01
4.579051249999999982e+02
2.222365000000000066e+02
8.640996250000000600e+01
2.094968750000000171e+02
3.997533750000000055e+02
2.054273750000000121e+01
6.116572499999999302e+00
2.342393750000000097e+01
4.538894999999999982e+02
5.646480000000000388e+01
4.306213750000000573e+01
2.314478749999999962e+01
5.654775000000000063e+01
1.111472499999999997e+02
7.545472499999999627e+01
6.558688750000000312e+01
1.441128750000000025e+01
2.964782499999999743e+01
8.506202500000000555e+01
4.489650000000000318e+01
4.830836249999999410e+01
5.474652499999999833e+01
5.336787500000000506e+01
5.070191249999999883e+01
4.644185000000000230e+01
4.350059999999999860e+01
4.138220000000000454e+01
4.036538750000000420e+01
3.822370000000000090e+01
3.685496250000000629e+01
3.592429999999999524e+01
3.446093750000000000e+01
3.252697500000000019e+01
3.121941250000000068e+01
2.901558749999999876e+01
2.589228749999999835e+01
2.406162499999999937e+01
2.228065000000000140e+01
2.030096250000000069e+01
1.824514999999999887e+01
1.638897500000000207e+01
1.461368750000000105e+01
1.331406250000000213e+01
1.287487500000000296e+01
1.240026250000000019e+01
1.163068750000000051e+01
1.116846249999999863e+01
1.090326250000000030e+01
1.064235000000000042e+01
1.026658749999999998e+01
9.392371250000000060e+00
8.610260000000000247e+00
7.828132500000000604e+00
7.014347500000000402e+00
6.195842499999999475e+00
5.646700000000000941e+00
5.364803750000000093e+00
5.324217500000000491e+00
5.274773749999999595e+00
5.215046250000000327e+00
5.166409999999999947e+00
5.127503749999999805e+00
5.066308749999999250e+00
5.020247499999999974e+00
4.967444999999999666e+00
4.873302500000000315e+00
4.845851250000000832e+00
4.854750000000000121e+00
4.834039999999999893e+00
4.807923749999999607e+00
4.778977499999999878e+00
4.769522499999999887e+00
4.756752499999999273e+00
4.745210000000000150e+00
4.732316250000000224e+00
4.715706250000000210e+00
4.706839999999999691e+00
4.702131249999999874e+00
4.687597500000000750e+00
4.631813750000000063e+00
4.417890000000000761e+00
4.166023749999999914e+00
3.938653749999999842e+00
3.286439999999999362e+00
2.644115000000000215e+00
2.309503750000000188e+00
2.139703750000000237e+00
2.284771249999999920e+00
2.543600000000000083e+00
6.948974999999999458e-01
7.031950000000000145e-01
7.111075000000000035e-01
3.571037499999999976e-01
3.524512499999999937e-01
