1.920493750000000000e+05
2.297281250000000000e+05
1.578633750000000000e+05
1.336332500000000000e+05
1.198083750000000000e+05
1.083058750000000000e+05
9.616028749999999127e+04
8.578331250000000000e+04
7.777705000000000291e+04
7.044433749999999418e+04
6.308821250000000873e+04
5.515274999999999272e+04
4.923396249999999418e+04
4.218798750000000291e+04
4.206937500000000728e+04
4.516095000000000437e+04
5.246108749999999418e+04
6.381975000000000000e+04
7.965006250000000000e+04
9.779622499999999127e+04
1.123185000000000000e+05
1.153981250000000000e+05
8.949359999999999127e+04
4.382568750000000000e+04
2.039279999999999927e+04
1.081832500000000073e+04
6.503978750000000218e+03
4.286302499999999782e+03
3.025219999999999800e+03
2.247447499999999764e+03
1.740600000000000136e+03
1.395291249999999991e+03
1.151636249999999791e+03
9.745881249999999909e+02
7.990371250000001737e+02
6.523756249999999000e+02
5.811949999999999363e+02
5.670573749999999791e+02
5.970600000000000591e+02
6.450213749999999209e+02
7.883475000000000819e+02
1.239791250000000218e+03
2.852982499999999618e+03
8.275148750000000291e+03
1.264591249999999854e+04
8.819406250000000000e+03
5.198788750000000618e+03
2.896957500000000437e+03
1.712480000000000018e+03
1.243522500000000036e+03
1.067112500000000182e+03
9.276131249999999682e+02
8.138733750000001237e+02
7.212329999999999472e+02
6.452071250000000191e+02
5.837861249999999700e+02
5.283637499999999818e+02
4.822960000000000491e+02
4.414792499999999791e+02
4.075728749999999536e+02
3.767898749999999950e+02
3.501612499999999955e+02
3.266661250000000223e+02
3.055917499999999905e+02
2.756818749999999909e+02
2.384746250000000032e+02
2.091028749999999832e+02
1.857341250000000059e+02
1.591726250000000107e+02
1.332244999999999777e+02
1.134811249999999916e+02
9.827626249999998720e+01
8.640833749999998759e+01
7.430925000000000580e+01
6.242355000000000587e+01
5.357869999999999777e+01
4.691208750000000549e+01
4.210161250000000166e+01
3.878486250000000268e+01
3.536187499999999773e+01
3.176782499999999843e+01
2.930991249999999937e+01
2.744391249999999971e+01
2.584149999999999991e+01
2.432046250000000498e+01
2.277986249999999657e+01
2.164129999999999754e+01
2.069085000000000107e+01
1.987198749999999947e+01
1.943431250000000077e+01
1.916959999999999908e+01
1.876837500000000247e+01
1.817409999999999926e+01
1.852383749999999907e+01
2.055442500000000194e+01
7.944639999999999702e+01
2.418461249999999836e+03
5.912547500000000582e+02
3.410678750000000292e+01
6.586547500000000355e+01
5.828762499999999136e+02
2.903452499999999645e+02
2.854312499999999986e+01
2.147308750000000188e+01
2.742517499999999941e+01
2.087561250000000200e+03
3.237767499999999927e+02
1.931158749999999813e+01
1.460251250000000027e+02
2.228992499999999950e+02
1.139857499999999924e+01
2.339009999999999678e+01
1.034442749999999933e+03
1.571028749999999832e+02
6.455853749999999991e+01
1.550329999999999870e+02
6.210892499999999039e+00
4.957205000000000084e+00
4.600290000000000212e+00
9.095991250000000861e+00
3.624239999999999782e+02
5.426240000000000236e+02
8.452896250000000578e+01
5.951896249999999782e+02
4.154653749999999945e+01
1.015309999999999846e+01
1.665214999999999748e+02
3.211831250000000182e+02
7.380897500000001443e+00
4.152061250000000037e+00
4.754036249999999519e+00
9.896837500000000176e+00
4.200127499999999969e+01
9.003469999999999800e+02
6.708242500000000064e+02
2.983236249999999927e+02
2.374153749999999945e+03
1.471931250000000091e+02
1.219353750000000147e+01
3.686885000000000190e+01
2.095766249999999786e+02
1.230996250000000146e+03
1.295908749999999827e+02
2.130843749999999943e+02
1.104581249999999955e+03
6.297458749999999554e+02
1.906226250000000277e+02
5.270693750000000364e+02
9.547176249999999982e+02
5.386275000000000546e+01
9.284421250000001180e+00
1.085584999999999951e+02
9.685691249999998718e+02
1.660588750000000289e+02
1.335177500000000066e+02
9.589746249999998895e+01
1.734338750000000289e+02
1.896310000000000002e+02
1.502044999999999959e+02
1.213929999999999865e+02
1.668489999999999895e+01
6.893653750000000002e+01
1.458488749999999925e+02
9.421331250000000068e+01
7.862408750000000168e+01
8.778863749999999300e+01
8.443823749999999961e+01
7.795952499999999930e+01
6.779874999999999829e+01
6.159492500000000348e+01
5.718996250000000003e+01
5.523742500000000177e+01
5.115081250000000068e+01
4.863188750000000482e+01
4.695011250000000302e+01
4.438385000000000247e+01
4.110247499999999121e+01
3.894944999999999879e+01
3.547371249999999776e+01
3.076752499999999912e+01
2.814545000000000030e+01
2.569576250000000073e+01
2.306852500000000106e+01
2.046542499999999976e+01
1.839898750000000049e+01
1.652104999999999890e+01
1.512716249999999896e+01
1.465469999999999828e+01
1.414418750000000102e+01
1.330732500000000229e+01
1.280131249999999987e+01
1.251248750000000065e+01
1.222690000000000055e+01
1.180850000000000044e+01
1.082461249999999886e+01
9.953895000000001048e+00
9.103870000000000573e+00
8.215243750000000844e+00
7.469859999999999722e+00
7.143984999999999808e+00
6.983982499999999760e+00
6.964219999999999189e+00
6.940156249999999361e+00
6.911083749999999526e+00
6.888992499999999630e+00
6.878972500000000601e+00
6.872217499999999646e+00
6.903546249999999773e+00
6.941823750000000182e+00
6.984871250000000309e+00
7.070697499999999636e+00
7.134537500000000421e+00
7.165533749999999813e+00
7.186812499999999382e+00
7.209151249999999678e+00
7.257548749999999771e+00
7.321513750000001153e+00
7.370276250000000751e+00
7.395356249999999854e+00
7.406082500000001012e+00
7.409341250000000656e+00
7.409258750000001115e+00
7.397421250000000725e+00
7.325346250000000836e+00
7.057272499999999837e+00
6.768266249999999928e+00
6.509301250000000039e+00
5.774422500000000014e+00
5.079707500000000486e+00
4.752366249999999681e+00
4.573126250000001392e+00
4.600718750000000412e+00
4.789783749999999785e+00
1.254459999999999908e+00
1.262893749999999926e+00
1.270321249999999846e+00
6.355825000000000502e-01
6.306625000000000147e-01
