8.231175000000000352e+00
1.186150000000000126e+01
9.751231250000000017e+00
9.181278750000000599e+00
8.893380000000000507e+00
8.676422500000001037e+00
8.470412500000000122e+00
8.311930000000000263e+00
8.201799999999998647e+00
8.110748749999999063e+00
8.026651250000000459e+00
7.944887500000000102e+00
7.887347499999999734e+00
7.805523749999999872e+00
7.771147499999999653e+00
7.754385000000000083e+00
7.736487500000000850e+00
7.721592499999999859e+00
7.708052500000000862e+00
7.695478749999999479e+00
7.683394999999999087e+00
7.671685000000000976e+00
7.651670000000000194e+00
7.623559999999999448e+00
7.595677499999999860e+00
7.567621250000001076e+00
7.539374999999999716e+00
7.510713750000000744e+00
7.481643749999999926e+00
7.452127499999999571e+00
7.422138749999999341e+00
7.391676249999999726e+00
7.360748750000000840e+00
7.329175000000000217e+00
7.281295000000000073e+00
7.214071249999999047e+00
7.144898749999999410e+00
7.072265000000000690e+00
7.015295000000000059e+00
6.976264999999999716e+00
6.915461249999999005e+00
6.834560000000000635e+00
6.748123750000000420e+00
6.657127499999999642e+00
6.564898749999999339e+00
6.488853749999999643e+00
6.437187499999998508e+00
6.386002500000000026e+00
6.334799999999999542e+00
6.297455000000001135e+00
6.273991249999999908e+00
6.250943749999999355e+00
6.227553750000000221e+00
6.204175000000000217e+00
6.180954999999999977e+00
6.157596249999999216e+00
6.134229999999999627e+00
6.111082500000000195e+00
6.087715000000001098e+00
6.064546250000000249e+00
6.041246250000000373e+00
6.017536250000000031e+00
5.991216249999999910e+00
5.964576250000000357e+00
5.917709999999999582e+00
5.851132500000000292e+00
5.784486249999999607e+00
5.717614999999999448e+00
5.606913750000000363e+00
5.454012500000000152e+00
5.296887499999999527e+00
5.118358750000000512e+00
4.938032500000000269e+00
4.660076250000000364e+00
4.269379999999999953e+00
3.817441249999999897e+00
3.301082500000000142e+00
2.746353750000000371e+00
2.229243750000000190e+00
1.510343750000000096e+00
6.090987499999999111e-01
8.243777499999999092e-02
1.981293750000000242e-01
3.672369999999999912e+00
7.331336250000001087e+01
1.501224999999999909e+03
1.649561249999999973e+03
1.898043749999999932e+02
6.655526249999999777e+01
4.902621249999999975e+01
4.305771249999999384e+01
3.569487500000000324e+01
2.565002499999999941e+01
1.984174999999999756e+01
1.756041250000000176e+01
1.522988749999999847e+01
1.389912500000000151e+01
1.338152500000000167e+01
1.280816249999999812e+01
1.244308749999999897e+01
1.226963749999999997e+01
1.213189999999999991e+01
1.197626250000000070e+01
1.188636250000000061e+01
1.166458750000000144e+01
1.135452499999999887e+01
1.112384999999999913e+01
1.089683750000000018e+01
1.073885000000000112e+01
1.063526250000000140e+01
1.049116249999999972e+01
1.027186250000000101e+01
1.058382500000000093e+01
1.042578750000000021e+01
1.028134999999999977e+01
1.014161249999999903e+01
1.003505000000000003e+01
9.954498749999999063e+00
9.833229999999998583e+00
9.367815000000000225e+00
1.036767500000000020e+01
9.621707500000001190e+00
9.369603749999999565e+00
9.176305000000001044e+00
9.084418749999999321e+00
8.975962499999999622e+00
8.859114999999999185e+00
8.770405000000000229e+00
8.653447500000002179e+00
8.501170000000001892e+00
8.263573749999999052e+00
8.046966250000000542e+00
7.816846250000000218e+00
7.493672499999998848e+00
8.410768749999999017e+00
7.277034999999998810e+00
6.692425000000000068e+00
5.940675000000000594e+00
4.869671249999999674e+00
3.847887499999999683e+00
2.314752499999999991e+00
3.320366250000000297e-01
6.900985000000000582e+02
3.615257500000000164e+02
1.655377500000000168e+01
1.397951250000000023e+01
1.557334999999999958e+01
2.188193749999999937e+01
1.241675000000000040e+01
1.179713750000000161e+01
1.146687499999999993e+01
1.112569999999999837e+01
1.041689999999999827e+01
4.493501249999999914e+01
1.432469999999999999e+01
1.121599999999999930e+01
1.079241250000000107e+01
1.321702500000000136e+01
8.967497500000000343e+00
5.459072499999999906e+01
1.525745000000000040e+01
1.210934999999999917e+01
1.127178750000000029e+01
1.358933749999999918e+01
3.753253749999999656e+01
1.452146249999999839e+01
1.077341250000000095e+01
2.452771250000000336e+01
1.753211250000000021e+01
1.800944999999999752e+01
1.758527499999999932e+01
1.728590000000000160e+01
1.669302500000000222e+01
1.644896250000000038e+01
1.632162500000000094e+01
1.608167500000000061e+01
1.569398750000000042e+01
1.537853750000000019e+01
1.474055000000000248e+01
1.402477499999999822e+01
1.367166250000000005e+01
1.398960000000000115e+01
1.377451250000000016e+01
1.346388750000000023e+01
1.323822499999999991e+01
1.302923750000000069e+01
1.284601250000000050e+01
1.274177499999999874e+01
1.261915000000000120e+01
1.236549999999999905e+01
1.219258750000000191e+01
1.209556250000000155e+01
1.199575000000000102e+01
1.184499999999999886e+01
1.143682500000000068e+01
1.106176249999999861e+01
1.059003750000000110e+01
9.875066250000001489e+00
9.127843750000000256e+00
8.534492500000000703e+00
8.157866250000001429e+00
7.997745000000000104e+00
7.806412499999998644e+00
7.580407499999999743e+00
7.280667500000000736e+00
7.024753750000000352e+00
6.861095000000000610e+00
6.551923750000000268e+00
6.319611249999999458e+00
6.090572500000000389e+00
5.674823749999999833e+00
5.325058750000001062e+00
5.152621250000001041e+00
5.028825000000000323e+00
4.897281249999999808e+00
4.630614999999999704e+00
4.271012500000000323e+00
4.055836249999999588e+00
3.961876250000000432e+00
3.907862500000000239e+00
3.864719999999999711e+00
3.828906249999999734e+00
3.763531249999999773e+00
3.629102499999999676e+00
3.663491249999998978e+00
3.830111249999999856e+00
4.028307500000000374e+00
4.484221250000000047e+00
4.692207500000000309e+00
4.509121249999999748e+00
3.750245000000000051e+00
3.049327499999999969e+00
2.833676249999999897e+00
7.578799999999999981e-01
7.764387500000000664e-01
8.103850000000000220e-01
4.421100000000000030e-01
4.657312499999999855e-01
