1.560816250000000025e+02
1.879431250000000091e+02
1.300649999999999977e+02
1.105508749999999907e+02
9.941007499999999197e+01
9.011938750000000198e+01
8.026692500000000052e+01
7.178581250000000580e+01
6.516687500000000455e+01
5.906374999999999886e+01
5.279533749999999515e+01
4.574853750000000474e+01
4.008726250000000135e+01
3.048046249999999802e+01
2.616205000000000069e+01
2.419213750000000118e+01
2.233550000000000324e+01
2.103191250000000068e+01
2.003368749999999920e+01
1.925613750000000124e+01
1.862444999999999951e+01
1.810881249999999909e+01
1.737682500000000019e+01
1.658116250000000136e+01
1.599287499999999973e+01
1.554339999999999833e+01
1.517356250000000095e+01
1.487616249999999951e+01
1.463405000000000200e+01
1.442438749999999814e+01
1.424583750000000038e+01
1.409560000000000102e+01
1.396485000000000021e+01
1.385171249999999787e+01
1.372013749999999987e+01
1.358218749999999986e+01
1.347541250000000090e+01
1.340443750000000200e+01
1.337146249999999981e+01
1.336185000000000045e+01
1.336468749999999872e+01
1.336843749999999709e+01
1.339927500000000116e+01
1.345806249999999871e+01
1.352368749999999942e+01
1.360409999999999897e+01
1.366262500000000024e+01
1.372061249999999966e+01
1.377863749999999854e+01
1.382602500000000134e+01
1.386287499999999717e+01
1.389907499999999985e+01
1.393580000000000041e+01
1.397252500000000097e+01
1.400898749999999993e+01
1.404567499999999924e+01
1.408234999999999992e+01
1.411871249999999911e+01
1.415541249999999707e+01
1.419181249999999928e+01
1.422839999999999883e+01
1.426707500000000017e+01
1.431859999999999999e+01
1.437212500000000048e+01
1.446626249999999914e+01
1.459997499999999881e+01
1.473386250000000075e+01
1.486814999999999998e+01
1.512758750000000063e+01
1.550821250000000084e+01
1.591151250000000061e+01
1.644611249999999814e+01
1.699776250000000033e+01
1.797659999999999769e+01
1.949170000000000158e+01
2.159267499999999984e+01
2.451202500000000128e+01
2.834581250000000097e+01
3.275631249999999994e+01
4.102197499999999764e+01
5.704278750000000286e+01
8.306098749999999598e+01
1.314997500000000059e+02
2.564002500000000282e+02
1.239289999999999964e+03
1.640653749999999854e+04
1.640218750000000000e+04
1.324947500000000218e+03
2.916348749999999654e+02
1.776152499999999748e+02
1.427278750000000116e+02
1.026036249999999939e+02
5.516101249999999823e+01
3.241757499999999936e+01
2.515544999999999831e+01
1.893162499999999682e+01
1.588528750000000045e+01
1.485800000000000054e+01
1.381187500000000057e+01
1.319322499999999998e+01
1.291442499999999782e+01
1.269957499999999939e+01
1.246422500000000078e+01
1.233190000000000097e+01
1.201716250000000130e+01
1.160033750000000019e+01
1.130827500000000008e+01
1.103739999999999988e+01
1.085838749999999919e+01
1.074867500000000220e+01
1.062511249999999841e+01
1.137052499999999888e+01
3.515821250000000475e+01
1.059142500000000098e+01
1.036486249999999920e+01
1.021113749999999953e+01
1.010373749999999937e+01
1.002838749999999912e+01
9.928227500000000205e+00
2.007713750000000275e+01
2.613380000000000081e+01
9.682043750000000060e+00
9.421617499999999978e+00
9.229706250000001333e+00
9.139407499999999018e+00
9.033411250000000337e+00
8.919936250000001010e+00
8.834482500000000016e+00
8.722387499999999960e+00
8.577817500000000095e+00
8.357182500000000402e+00
8.167407499999999487e+00
7.991182500000000744e+00
2.628863750000000010e+01
1.978390000000000271e+01
7.477397499999999475e+00
6.909148749999999062e+00
6.233351250000000121e+00
5.320837499999999665e+00
4.513488749999999605e+00
3.500976249999999901e+00
3.755459999999999798e+00
9.938505000000000109e+02
4.946203749999999673e+02
1.689051249999999982e+01
1.419319999999999915e+01
4.505055000000000121e+01
5.819222500000000053e+01
1.247871250000000032e+01
1.183346249999999955e+01
1.149668750000000017e+01
1.466178750000000086e+01
1.045338749999999806e+01
9.064727500000000759e+01
1.512296249999999986e+01
1.125072500000000097e+01
1.081882500000000036e+01
2.006870000000000331e+01
8.988182500000000630e+00
7.388233749999999134e+01
1.700642500000000013e+01
1.755875000000000341e+01
1.438995000000000068e+01
2.445572499999999749e+01
4.354410000000000025e+01
1.750598749999999981e+01
1.138367500000000199e+01
2.877934999999999732e+01
1.994571249999999907e+01
2.047488750000000124e+01
1.986225000000000307e+01
1.942992499999999723e+01
1.858086250000000206e+01
1.825847500000000068e+01
1.810303749999999923e+01
1.781016249999999701e+01
1.733692500000000081e+01
1.695183749999999634e+01
1.617232500000000073e+01
1.529392499999999977e+01
1.486749999999999972e+01
1.500900000000000034e+01
1.466676250000000081e+01
1.423606249999999918e+01
1.392512499999999775e+01
1.362582499999999897e+01
1.338915000000000077e+01
1.331256250000000030e+01
1.322769999999999868e+01
1.306133749999999871e+01
1.294815000000000005e+01
1.288641250000000049e+01
1.281981250000000117e+01
1.271709999999999852e+01
1.242621249999999833e+01
1.213763750000000030e+01
1.176169999999999938e+01
1.116762499999999747e+01
1.052049999999999841e+01
1.000838750000000132e+01
9.675391249999998777e+00
9.533681249999998997e+00
9.368515000000000370e+00
9.178773749999999509e+00
8.938292499999999308e+00
8.738100000000001089e+00
8.611720000000000041e+00
8.377309999999999590e+00
8.208769999999999456e+00
8.054991250000000491e+00
7.812439999999998719e+00
7.649234999999999118e+00
7.575773749999999751e+00
7.529738749999999925e+00
7.479085000000000427e+00
7.370096249999999571e+00
7.232929999999999637e+00
7.130794999999999995e+00
7.076459999999999972e+00
7.048993749999998393e+00
7.035416250000000815e+00
7.027432499999999749e+00
7.025238749999999754e+00
7.077200000000000379e+00
7.284993749999999935e+00
7.480832499999999996e+00
7.634678749999999958e+00
7.904504999999999448e+00
7.910721250000000815e+00
7.595725000000000726e+00
6.848283750000000225e+00
6.142651250000000118e+00
5.798112500000000225e+00
1.490180000000000060e+00
1.509489999999999998e+00
1.536945000000000006e+00
7.925124999999999531e-01
8.083637500000000475e-01
