8.185299999999999521e-03
9.746561250000000676e-03
6.658178750000000312e-03
5.608811250000000741e-03
5.007542499999999980e-03
4.504750000000000074e-03
3.970097500000000293e-03
3.508685000000000102e-03
3.147697500000000252e-03
2.814108750000000100e-03
2.470763749999999991e-03
2.083662499999999751e-03
1.771775000000000173e-03
1.239427499999999930e-03
9.985677500000001566e-04
8.878668750000000406e-04
7.829462500000000528e-04
7.087872500000000874e-04
6.516312499999998235e-04
6.068090000000000376e-04
5.701498750000000195e-04
5.400001250000000495e-04
4.968179999999999992e-04
4.492162499999999802e-04
4.133376249999999455e-04
3.853167500000000611e-04
3.618107499999999917e-04
3.424076250000000266e-04
3.261403749999999564e-04
3.116982500000000408e-04
2.990032500000000277e-04
2.878960000000000503e-04
2.778667500000000243e-04
2.687947499999999729e-04
2.573138749999999810e-04
2.438425000000000087e-04
2.319365000000000044e-04
2.216888750000000231e-04
2.148632500000000100e-04
2.108427499999999694e-04
2.054732499999999931e-04
1.983288750000000028e-04
1.918909999999999963e-04
1.862887500000000144e-04
1.808297500000000113e-04
1.772858749999999808e-04
1.750208750000000152e-04
1.727765000000000084e-04
1.705315000000000053e-04
1.690330000000000196e-04
1.682856250000000292e-04
1.675516249999999918e-04
1.668070000000000446e-04
1.660625000000000046e-04
1.653231250000000046e-04
1.645791249999999724e-04
1.638350000000000060e-04
1.630978750000000143e-04
1.623537499999999937e-04
1.616161250000000213e-04
1.608741249999999935e-04
1.601463750000000003e-04
1.595043750000000292e-04
1.588803750000000162e-04
1.577826249999999977e-04
1.562228749999999963e-04
1.546616249999999983e-04
1.530950000000000106e-04
1.509696250000000072e-04
1.483151250000000075e-04
1.456826250000000289e-04
1.432872500000000027e-04
1.409585000000000091e-04
1.379721250000000017e-04
1.343332499999999932e-04
1.309898750000000026e-04
1.279561249999999946e-04
1.252876249999999912e-04
1.232048749999999950e-04
1.207731250000000059e-04
1.180713749999999940e-04
1.158968749999999897e-04
1.139969999999999997e-04
1.121763749999999971e-04
1.102728749999999907e-04
1.083853750000000058e-04
1.066683750000000085e-04
1.049786249999999931e-04
1.033931250000000063e-04
1.024176250000000018e-04
1.018263749999999895e-04
1.007706250000000090e-04
9.788103750000000619e-05
9.445547500000000217e-05
9.190299999999999067e-05
8.751682499999999026e-05
8.379621249999998642e-05
8.178795000000000693e-05
7.910006250000000598e-05
7.710651250000000200e-05
7.605869999999999059e-05
7.518034999999999247e-05
7.413441250000001059e-05
7.350435000000000378e-05
7.187264999999999702e-05
6.947503749999999389e-05
6.767091250000000717e-05
6.602821250000000339e-05
6.504657500000000665e-05
6.454418750000000704e-05
6.408824999999999071e-05
6.388346249999999314e-05
6.382059999999999675e-05
6.388017500000001049e-05
6.412820000000000716e-05
6.476351250000000176e-05
6.548083749999999070e-05
6.613621249999999626e-05
6.713658749999999937e-05
6.896942500000000586e-05
7.244409999999999305e-05
7.846251250000000732e-05
8.693209999999999393e-05
9.569937500000001240e-05
1.003982500000000005e-04
1.063943750000000040e-04
1.134111250000000042e-04
1.192531249999999934e-04
1.272747500000000133e-04
1.383798750000000250e-04
1.567271249999999940e-04
1.735552500000000185e-04
1.897738750000000144e-04
2.123856249999999898e-04
2.572131249999999938e-04
3.255853749999999998e-04
4.233227499999999950e-04
5.976129999999999854e-04
9.337583750000000467e-04
1.380983749999999729e-03
2.461715000000000170e-03
7.097767500000000222e-03
6.291333749999999947e-01
2.756783749999999755e-01
7.277527499999999518e-04
5.276776250000000468e-04
9.825937499999999603e-02
1.210971249999999999e-01
1.720080000000000242e-04
9.693400000000000399e-05
7.844512500000000053e-05
4.861697499999999630e-03
9.097527499999998762e-05
1.107578750000000056e-01
1.946676249999999917e-03
9.738966250000000787e-05
7.650822499999998863e-05
1.343064999999999884e-02
3.816551249999999926e-04
4.397370000000000445e-01
6.121488750000000055e-03
7.752900000000000069e-03
2.936723749999999955e-04
3.342772500000000535e-02
2.188328750000000100e-02
5.915938750000000398e-03
2.957927500000000123e-03
1.269453749999999992e-01
9.492814999999999934e-03
1.188321250000000037e-02
1.195327499999999932e-02
1.200271250000000019e-02
1.218969999999999949e-02
1.260569999999999920e-02
1.298200000000000048e-02
1.369107500000000047e-02
1.483675000000000098e-02
1.576901250000000212e-02
1.753696249999999943e-02
1.875133749999999960e-02
1.948702500000000157e-02
1.255040000000000149e-02
1.124711250000000155e-02
1.142407499999999881e-02
1.162440000000000001e-02
1.190988750000000068e-02
1.218996249999999837e-02
1.230358750000000098e-02
1.246531249999999896e-02
1.292440000000000255e-02
1.335681250000000236e-02
1.361416249999999883e-02
1.392384999999999803e-02
1.444087499999999885e-02
1.643082500000000307e-02
1.924891249999999970e-02
2.580868750000000003e-02
4.401618749999999802e-02
7.217510000000000592e-02
1.008463749999999881e-01
1.257361249999999764e-01
1.426751250000000137e-01
1.695731249999999912e-01
2.092363749999999745e-01
2.774665000000000048e-01
3.447097499999999815e-01
3.915536249999999607e-01
4.892906249999999790e-01
5.709690000000000598e-01
6.618639999999998969e-01
8.534772499999999651e-01
1.022666249999999888e+00
1.111761250000000034e+00
1.174647500000000067e+00
1.238497500000000029e+00
1.359813749999999821e+00
1.495843750000000139e+00
1.512590000000000101e+00
1.469664999999999999e+00
1.430793750000000086e+00
1.408622499999999889e+00
1.396587499999999871e+00
1.391991249999999791e+00
1.414288749999999872e+00
1.425886250000000022e+00
1.409629999999999939e+00
1.385228750000000231e+00
1.306038750000000137e+00
1.233389999999999986e+00
1.286285000000000123e+00
1.808894999999999920e+00
1.915267500000000123e+00
1.867091249999999869e+00
4.835150000000000281e-01
4.943237499999999507e-01
5.044049999999999923e-01
2.552849999999999842e-01
2.548874999999999891e-01
