1.478422499999999786e+02
1.760717499999999802e+02
1.203069999999999879e+02
1.013638749999999931e+02
9.051171249999998736e+01
8.143846249999999998e+01
7.179252499999999770e+01
6.347038750000000107e+01
5.696192500000000081e+01
5.095020000000000238e+01
4.476621249999999463e+01
3.780157499999999970e+01
3.219812500000000455e+01
2.267370000000000374e+01
1.838992500000000163e+01
1.643688750000000098e+01
1.459823749999999976e+01
1.330962500000000048e+01
1.232498749999999887e+01
1.156003749999999997e+01
1.094048749999999970e+01
1.043658749999999991e+01
9.724664999999998116e+00
8.957143750000000182e+00
8.396783749999999102e+00
7.975397500000000583e+00
7.633816250000000636e+00
7.365083750000000151e+00
7.152077499999999866e+00
6.971955000000001235e+00
6.823403749999999768e+00
6.703660000000000174e+00
6.603819999999999801e+00
6.522270000000000678e+00
6.438577500000000065e+00
6.367879999999998653e+00
6.330295000000001338e+00
6.331953749999999381e+00
6.355946249999999687e+00
6.385374999999998913e+00
6.449011250000000750e+00
6.533678749999999091e+00
6.650946249999999615e+00
6.800761249999999869e+00
6.958613749999999598e+00
7.115059999999999718e+00
7.225268749999999685e+00
7.334451250000000755e+00
7.443670000000000897e+00
7.528396250000000123e+00
7.588711250000000241e+00
7.647954999999998726e+00
7.708076249999999519e+00
7.768174999999999386e+00
7.827859999999999374e+00
7.887907499999999850e+00
7.947969999999999757e+00
8.007471250000000040e+00
8.067537500000000250e+00
8.127095000000000624e+00
8.186984999999999957e+00
8.249360000000001136e+00
8.327237500000000736e+00
8.407375000000000043e+00
8.548384999999999678e+00
8.748694999999999666e+00
8.949203750000000568e+00
9.150397500000000406e+00
9.520525000000001015e+00
1.005402499999999932e+01
1.061448749999999919e+01
1.132763750000000158e+01
1.205958749999999924e+01
1.331638750000000115e+01
1.522218750000000220e+01
1.777511249999999876e+01
2.121079999999999899e+01
2.559931250000000347e+01
3.052694999999999936e+01
3.951151250000000203e+01
5.643356250000000074e+01
8.297843749999999829e+01
1.313015000000000043e+02
2.527277500000000146e+02
1.165974999999999909e+03
1.490529999999999927e+04
1.475261250000000109e+04
1.135141250000000127e+03
2.250792500000000018e+02
1.285891249999999957e+02
9.967017500000000041e+01
6.690874999999999773e+01
2.951092500000000030e+01
1.257573749999999890e+01
7.594928749999999340e+00
3.701665000000000205e+00
1.986076249999999765e+00
1.476374999999999993e+00
1.003595000000000015e+00
7.500480000000000480e-01
6.446995000000000919e-01
5.676012500000000571e-01
4.879028750000000136e-01
4.454782500000000200e-01
3.525043750000000364e-01
2.457509999999999972e-01
1.843721249999999978e-01
1.405202499999999854e-01
1.194386250000000066e-01
1.133653749999999905e-01
1.338825000000000154e-01
1.098617500000000025e+00
2.457431249999999778e+01
1.655727499999999908e-01
8.345498749999999410e-02
6.943498749999998942e-02
6.859902499999999403e-02
7.382140000000000923e-02
9.492852499999999971e-02
1.070927125000000046e+01
1.576602499999999907e+01
6.025903750000000808e-02
5.192581250000000148e-02
5.330613750000000317e-02
5.488728749999999962e-02
5.734081250000000463e-02
6.070869999999999739e-02
6.396002500000000368e-02
6.881550000000000167e-02
7.650900000000000756e-02
9.345408750000000486e-02
1.202691250000000045e-01
1.741473749999999932e-01
1.879472499999999968e+01
1.137284999999999968e+01
2.000355000000000327e-01
2.163023750000000189e-01
2.920801249999999682e-01
4.502340000000000231e-01
6.642219999999999791e-01
1.183761250000000098e+00
3.416325000000000056e+00
3.031235000000000355e+02
1.328189999999999884e+02
3.360237499999999544e-01
2.131474999999999898e-01
2.937892499999999529e+01
3.618919999999999959e+01
6.180858749999999791e-02
3.624822500000000197e-02
2.975366249999999990e-02
3.531212500000000087e+00
3.637991250000000010e-02
4.560150000000000148e+01
7.962969999999999215e-01
3.463829999999999687e-02
2.633598749999999794e-02
6.838264999999999816e+00
2.030182499999999904e-02
1.885184999999999889e+01
1.742850000000000010e+00
5.441620000000000346e+00
3.117874999999999730e+00
1.083294999999999852e+01
5.989681249999999402e+00
2.978641250000000351e+00
6.073085000000000289e-01
4.124699999999999811e+00
2.404115000000000002e+00
2.453540000000000276e+00
2.265052499999999469e+00
2.132033750000000172e+00
1.875643750000000054e+00
1.796919999999999851e+00
1.768443750000000092e+00
1.714782500000000320e+00
1.628081250000000146e+00
1.557533750000000161e+00
1.414228750000000145e+00
1.250373750000000062e+00
1.176355000000000040e+00
1.006858750000000136e+00
8.809871249999998710e-01
7.607554999999999179e-01
6.752937499999999149e-01
5.846505000000000729e-01
4.967689999999999606e-01
4.648227499999999512e-01
4.254930000000000101e-01
3.586289999999999756e-01
3.231936250000000399e-01
3.068053749999999913e-01
2.917440000000000033e-01
2.721760000000000290e-01
2.325682500000000041e-01
2.069468749999999746e-01
1.857487500000000180e-01
1.647798750000000201e-01
1.506396249999999992e-01
1.419331249999999933e-01
1.366866250000000060e-01
1.345399999999999929e-01
1.320838750000000172e-01
1.293961249999999730e-01
1.262137500000000134e-01
1.236158750000000001e-01
1.219887500000000208e-01
1.190696250000000123e-01
1.173555000000000015e-01
1.164382499999999931e-01
1.140766250000000009e-01
1.101893750000000061e-01
1.077242499999999936e-01
1.059516249999999937e-01
1.041296250000000034e-01
1.005146249999999963e-01
9.388187499999998964e-02
8.671156250000000565e-02
8.245165000000000133e-02
7.960691250000000163e-02
7.716812499999999020e-02
7.515956249999999894e-02
7.180991249999998938e-02
6.261966250000000622e-02
4.604056249999999989e-02
3.388087499999999780e-02
2.514431250000000173e-02
9.637213749999999982e-03
2.070457500000000110e-03
7.347953749999999121e-04
6.859212500000000119e-04
1.614026249999999827e-03
2.357303750000000302e-03
4.658762500000000273e-04
3.963000000000000377e-04
2.670822500000000058e-04
4.615787499999999893e-05
2.041274999999999866e-05
