7.580337500000000617e+00
9.026120000000000587e+00
6.165963750000000410e+00
5.194142499999999885e+00
4.637306249999999963e+00
4.171663749999999560e+00
3.676511249999999897e+00
3.249178749999999560e+00
2.914852499999999846e+00
2.605902500000000011e+00
2.287931250000000194e+00
1.929407499999999942e+00
1.640466250000000015e+00
1.147333749999999819e+00
9.241697500000000121e-01
8.216226249999999398e-01
7.243288750000000942e-01
6.555615000000001302e-01
6.025847499999998913e-01
5.610300000000000287e-01
5.270049999999999457e-01
4.989968750000000064e-01
4.589218749999999791e-01
4.147231249999999703e-01
3.813943750000000632e-01
3.553220000000000267e-01
3.334606250000000105e-01
3.152967500000000145e-01
2.998668749999999772e-01
2.867893750000000130e-01
2.749507500000000215e-01
2.645861250000000053e-01
2.552231249999999951e-01
2.467516250000000022e-01
2.360301250000000350e-01
2.234253749999999816e-01
2.126667499999999877e-01
2.034318749999999842e-01
1.964586249999999978e-01
1.924738749999999887e-01
1.874217500000000258e-01
1.806993749999999954e-01
1.746301249999999694e-01
1.693348749999999958e-01
1.641726249999999887e-01
1.608148749999999683e-01
1.586672500000000097e-01
1.565396250000000156e-01
1.544108750000000030e-01
1.530173750000000110e-01
1.523636250000000025e-01
1.517212500000000019e-01
1.510698750000000201e-01
1.504183749999999931e-01
1.497712500000000224e-01
1.491204999999999892e-01
1.484696249999999940e-01
1.478244999999999976e-01
1.471733749999999952e-01
1.465276250000000224e-01
1.458784999999999943e-01
1.452293749999999939e-01
1.445786250000000162e-01
1.439308750000000137e-01
1.427912499999999807e-01
1.411722499999999991e-01
1.395514999999999950e-01
1.379255000000000064e-01
1.359128749999999886e-01
1.335409999999999930e-01
1.311517500000000114e-01
1.287366249999999934e-01
1.263423750000000068e-01
1.234834999999999960e-01
1.201156250000000036e-01
1.167380000000000084e-01
1.138308749999999980e-01
1.112708750000000052e-01
1.091403749999999978e-01
1.069928750000000151e-01
1.047417500000000085e-01
1.027937500000000032e-01
1.009820000000000023e-01
9.914169999999999927e-02
9.710051249999999967e-02
9.494966250000000385e-02
9.288540000000000685e-02
9.121498750000001099e-02
8.979854999999999088e-02
8.888956249999999115e-02
8.831982500000001846e-02
8.727076250000000146e-02
8.415107500000000573e-02
8.047028750000000119e-02
7.794323750000001216e-02
7.316538749999999813e-02
6.910011250000000493e-02
6.695377499999999316e-02
6.402336250000000006e-02
6.153583750000000269e-02
6.026801250000000248e-02
5.930083750000000875e-02
5.805551249999999636e-02
5.724868749999999923e-02
5.507676250000000107e-02
5.176786250000000450e-02
4.905116249999999511e-02
4.627018750000000402e-02
4.424776250000000272e-02
4.284140000000000170e-02
4.131148750000000064e-02
4.015117500000000422e-02
3.913417500000000021e-02
3.807648750000000581e-02
3.694449999999999124e-02
3.550143749999999654e-02
3.450132499999999935e-02
3.379941250000000064e-02
3.300761249999999841e-02
3.206431250000000427e-02
3.070622500000000019e-02
2.897601249999999865e-02
2.753308750000000096e-02
2.665478749999999897e-02
2.625382500000000147e-02
2.580170000000000033e-02
2.534177500000000041e-02
2.502174999999999885e-02
2.463863750000000116e-02
2.428267500000000009e-02
2.381697500000000065e-02
2.347764999999999921e-02
2.320239999999999803e-02
2.289264999999999703e-02
2.241802500000000115e-02
2.197835000000000066e-02
2.161946250000000222e-02
2.124024999999999871e-02
2.083666250000000206e-02
2.055984999999999757e-02
2.027203749999999943e-02
1.998931250000000187e-02
1.972643749999999918e-02
1.905750000000000152e-02
1.832697500000000229e-02
1.779241250000000024e-02
1.731698750000000217e-02
1.682211249999999991e-02
1.622997500000000065e-02
1.575281250000000119e-02
1.543016249999999874e-02
1.489283750000000225e-02
1.406985000000000006e-02
1.335416249999999902e-02
1.286531249999999828e-02
1.249766250000000113e-02
1.226373749999999999e-02
1.081677500000000069e-02
9.506768750000001850e-03
9.240137499999998699e-03
9.043515000000000234e-03
8.724882499999999513e-03
8.154867500000001143e-03
7.795888749999999555e-03
7.559316250000000688e-03
9.037715000000001719e-03
1.042254999999999918e-02
1.800282500000000008e-02
2.524484999999999646e-01
4.193648750000000258e-01
2.965332500000000121e-02
5.352571250000000003e-01
4.931117500000000223e-03
2.414428750000000186e-03
2.608988749999999624e-03
3.917763750000000100e-01
3.409007499999999660e-03
1.687998749999999881e-01
7.316272500000001178e-02
2.899276249999999805e-02
5.981449999999999961e-02
3.015269999999999756e-02
2.743035000000000612e-02
2.281553749999999658e-02
1.835381249999999687e-02
1.617413750000000136e-02
1.468590000000000000e-02
1.423511249999999916e-02
1.379892499999999834e-02
1.307982500000000152e-02
1.264192500000000004e-02
1.239148749999999938e-02
1.214227499999999925e-02
1.177541250000000046e-02
1.095493749999999940e-02
1.033652499999999919e-02
9.779412499999999217e-03
9.412503750000000488e-03
9.512539999999999885e-03
1.002721249999999863e-02
1.039354999999999966e-02
1.054491249999999977e-02
1.072560000000000006e-02
1.093262499999999963e-02
1.135987499999999845e-02
1.182806250000000003e-02
1.213252499999999817e-02
1.233246249999999863e-02
1.065443749999999898e-02
9.082321250000000706e-03
8.224137500000000892e-03
7.956613750000000873e-03
7.889708749999998355e-03
7.845612499999999809e-03
7.826835000000000736e-03
7.877241249999999972e-03
8.134070000000000189e-03
8.530449999999998451e-03
8.551942499999999614e-03
7.615483749999999753e-03
7.596276249999999765e-03
7.581325000000000737e-03
7.556377500000000143e-03
7.510647500000000240e-03
7.504983750000000266e-03
7.720166250000000396e-03
7.530206249999999227e-03
5.119803749999999633e-03
2.635027500000000460e-03
1.511977500000000023e-03
5.362066250000000053e-04
3.972282499999999893e-04
8.660948749999999516e-04
2.533500000000000053e-04
2.509412499999999989e-04
2.492100000000000348e-04
1.272962499999999995e-04
1.332925000000000049e-04
