1.143547500000000028e+01
1.422296249999999951e+01
1.022188750000000113e+01
8.919886250000001127e+00
8.191481250000000713e+00
7.594248750000000214e+00
6.972488750000000124e+00
6.446968749999999915e+00
6.044186249999999205e+00
5.678674999999999251e+00
5.308647500000000186e+00
4.900013749999999391e+00
4.576452499999999368e+00
4.037873750000000150e+00
3.798462499999999853e+00
3.689821250000000497e+00
3.587285000000000057e+00
3.515139999999999709e+00
3.459732499999999877e+00
3.416352499999999903e+00
3.380877499999999536e+00
3.351705000000000378e+00
3.309984999999999289e+00
3.263968750000000085e+00
3.229224999999999568e+00
3.201982500000000176e+00
3.179087500000000066e+00
3.160002500000000047e+00
3.143726249999999833e+00
3.129862499999999770e+00
3.117268750000000033e+00
3.106188750000000276e+00
3.096137499999999765e+00
3.086988750000000614e+00
3.075315000000000243e+00
3.061456250000000434e+00
3.049483750000000271e+00
3.039057500000000189e+00
3.031183749999999844e+00
3.026617499999999961e+00
3.020712500000000134e+00
3.012855000000000061e+00
3.005648750000000202e+00
2.999236250000000048e+00
2.992960000000000065e+00
2.988767499999999799e+00
2.986063750000000017e+00
2.983384999999999732e+00
2.980706249999999891e+00
2.978927499999999728e+00
2.978052499999999547e+00
2.977196249999999988e+00
2.976327500000000015e+00
2.975457500000000088e+00
2.974592499999999529e+00
2.973723749999999999e+00
2.972855000000000469e+00
2.971995000000000164e+00
2.971124999999999794e+00
2.970262500000000028e+00
2.969395000000000451e+00
2.968530000000000335e+00
2.967661249999999917e+00
2.966794999999999405e+00
2.965274999999999661e+00
2.963112499999999816e+00
2.960948750000000462e+00
2.958778750000000013e+00
2.955953750000000380e+00
2.952517499999999906e+00
2.949054999999999982e+00
2.945555000000000145e+00
2.942083750000000109e+00
2.937739999999999352e+00
2.932449999999999779e+00
2.927134999999999820e+00
2.922312499999999424e+00
2.917941250000000153e+00
2.914303750000000193e+00
2.910287499999999916e+00
2.905813749999999640e+00
2.901942500000000535e+00
2.898342500000000044e+00
2.894688750000000255e+00
2.890633750000000113e+00
2.886358749999999862e+00
2.882245000000000168e+00
2.878448750000000000e+00
2.874923750000000222e+00
2.872661250000000166e+00
2.871242500000000142e+00
2.868631249999999966e+00
2.860865000000000435e+00
2.851055000000000117e+00
2.843345000000000233e+00
2.828006249999999611e+00
2.813416249999999952e+00
2.804552500000000226e+00
2.791280000000000427e+00
2.780012499999999775e+00
2.773615000000000830e+00
2.768057500000000282e+00
2.760906250000000117e+00
2.756272500000000125e+00
2.742991249999999770e+00
2.719854999999999912e+00
2.697978750000000314e+00
2.671217500000000022e+00
2.649753749999999908e+00
2.634453749999999594e+00
2.614524999999999988e+00
2.598497500000000127e+00
2.584421250000000114e+00
2.567631249999999810e+00
2.548163750000000061e+00
2.522190000000000154e+00
2.501758750000000031e+00
2.487163750000000118e+00
2.468647499999999884e+00
2.442241249999999919e+00
2.404221249999999976e+00
2.355785000000000462e+00
2.308586250000000284e+00
2.273292500000000160e+00
2.257182499999999870e+00
2.239011249999999897e+00
2.220528750000000162e+00
2.207671250000000196e+00
2.191663750000000022e+00
2.173291249999999675e+00
2.148646250000000091e+00
2.130691249999999926e+00
2.116124999999999812e+00
2.099732500000000002e+00
2.074611250000000240e+00
2.049032500000000034e+00
2.025405000000000122e+00
2.000423749999999945e+00
1.973837500000000134e+00
1.955603750000000085e+00
1.936211250000000161e+00
1.913745000000000251e+00
1.891921250000000221e+00
1.836390000000000189e+00
1.775742500000000001e+00
1.728984999999999994e+00
1.680379999999999985e+00
1.628513749999999982e+00
1.566170000000000062e+00
1.509521249999999926e+00
1.468893749999999887e+00
1.400577499999999809e+00
1.284553750000000161e+00
1.172671249999999832e+00
1.087820000000000009e+00
1.024010000000000087e+00
9.833994999999999820e-01
6.860489999999999089e-01
3.857897499999999869e-01
3.190777499999999933e-01
2.697688749999999636e-01
1.907113749999999885e-01
6.383472499999999494e-02
1.239233749999999953e-02
6.731293750000000298e-01
4.498981249999999932e+00
7.689620000000000566e+00
2.733012499999999889e+01
5.857221250000000055e+02
8.936581249999999272e+02
1.036561250000000030e+02
1.731832499999999868e+02
3.851028750000000400e+01
2.054981250000000159e+01
1.346214999999999939e+01
7.067878749999999854e+01
8.656951250000000542e+00
2.103811249999999973e+02
1.631937499999999730e+01
5.578441250000000018e+00
1.334183749999999868e+01
7.874531249999999538e+00
6.888342500000000257e+00
6.323968750000000583e+00
5.756527500000000686e+00
5.367043750000000557e+00
5.070942500000000130e+00
4.976928749999999901e+00
4.885263750000000016e+00
4.717701250000000179e+00
4.614547500000000468e+00
4.562053750000000463e+00
4.511041249999999891e+00
4.437333749999999633e+00
4.390198749999999706e+00
4.419411250000000457e+00
4.495023749999999652e+00
4.669962499999999572e+00
4.917270000000000252e+00
5.173173750000000126e+00
5.340128749999999869e+00
5.408839999999999648e+00
5.490782499999999899e+00
5.584417500000000700e+00
5.719247499999999818e+00
5.845023750000000184e+00
5.924861249999999302e+00
6.081747499999998752e+00
6.201923749999999735e+00
6.318794999999999717e+00
6.519607499999999334e+00
6.669123749999998907e+00
6.742607500000000087e+00
6.791957500000000536e+00
6.846416249999999870e+00
6.973232499999999945e+00
7.145912499999999667e+00
7.307136249999999222e+00
7.427578749999999452e+00
7.486555000000000071e+00
7.523735000000001172e+00
7.552880000000000038e+00
7.601913749999999581e+00
7.616078750000000674e+00
7.314289999999998848e+00
6.914827500000000349e+00
6.517794999999999561e+00
5.603585000000000704e+00
4.839046249999999993e+00
4.493613749999999740e+00
4.406178749999999589e+00
4.544094999999999551e+00
4.799162499999999554e+00
1.265067500000000011e+00
1.275048750000000064e+00
1.281222500000000153e+00
6.405587499999999546e-01
6.378624999999999989e-01
