3.855143749999999869e+00
5.196840000000000792e+00
4.055930000000000035e+00
3.725743749999999466e+00
3.554176250000000259e+00
3.422587499999999672e+00
3.295977499999999782e+00
3.197791250000000307e+00
3.129335000000000200e+00
3.072773749999999637e+00
3.020718749999999897e+00
2.970609999999999751e+00
2.935987499999999972e+00
2.890538750000000157e+00
2.874292499999999695e+00
2.868198749999999908e+00
2.862955000000000361e+00
2.859577500000000327e+00
2.857147500000000395e+00
2.855322499999999319e+00
2.853873750000000431e+00
2.852707500000000174e+00
2.851061250000000324e+00
2.849246250000000202e+00
2.847830000000000084e+00
2.846659999999999968e+00
2.845628749999999929e+00
2.844707499999999722e+00
2.843859999999999832e+00
2.843073750000000288e+00
2.842320000000000402e+00
2.841602500000000031e+00
2.840910000000000490e+00
2.840237500000000637e+00
2.839286249999999789e+00
2.838029999999999831e+00
2.836814999999999642e+00
2.835625000000000284e+00
2.834725000000000161e+00
2.834145000000000358e+00
2.833288749999999911e+00
2.832153749999999803e+00
2.831018750000000139e+00
2.829899999999999416e+00
2.828787500000000676e+00
2.827950000000000408e+00
2.827395000000000103e+00
2.826845000000000052e+00
2.826295000000000002e+00
2.825909999999999922e+00
2.825689999999999813e+00
2.825477499999999864e+00
2.825258750000000152e+00
2.825040000000000440e+00
2.824821249999999395e+00
2.824603750000000080e+00
2.824387500000000717e+00
2.824169999999999625e+00
2.823951249999999913e+00
2.823736250000000059e+00
2.823517499999999458e+00
2.823300000000000143e+00
2.823081250000000431e+00
2.822866250000000576e+00
2.822482499999999561e+00
2.821940000000000559e+00
2.821396250000000272e+00
2.820852499999999985e+00
2.820042500000000008e+00
2.818975000000000009e+00
2.817903750000000151e+00
2.816817499999999974e+00
2.815742499999999815e+00
2.814257500000000078e+00
2.812335000000000473e+00
2.810397500000000104e+00
2.808482499999999771e+00
2.806672500000000348e+00
2.805165000000000131e+00
2.803293749999999918e+00
2.801071250000000123e+00
2.799150000000000027e+00
2.797362500000000196e+00
2.795546249999999677e+00
2.793531250000000021e+00
2.791409999999999503e+00
2.789359999999999840e+00
2.787231250000000049e+00
2.785124999999999851e+00
2.783772500000000427e+00
2.782921250000000679e+00
2.781358749999999880e+00
2.776716249999999775e+00
2.770583750000000123e+00
2.765404999999999891e+00
2.754841249999999686e+00
2.744313749999999885e+00
2.737596249999999731e+00
2.727257500000000334e+00
2.718476250000000149e+00
2.713346249999999849e+00
2.708758749999999882e+00
2.702851250000000149e+00
2.699021250000000371e+00
2.687916249999999785e+00
2.668087500000000389e+00
2.648927499999999657e+00
2.624948749999999720e+00
2.605506250000000357e+00
2.591613750000000049e+00
2.573213749999999855e+00
2.558345000000000091e+00
2.545288750000000100e+00
2.529552499999999871e+00
2.511217499999999880e+00
2.486690000000000289e+00
2.467258750000000056e+00
2.453363750000000287e+00
2.435638750000000297e+00
2.410176250000000131e+00
2.373515000000000263e+00
2.326808750000000092e+00
2.281055000000000277e+00
2.246640000000000192e+00
2.230925000000000047e+00
2.213208749999999725e+00
2.195188749999999800e+00
2.182646249999999899e+00
2.167023750000000248e+00
2.149010000000000531e+00
2.124830000000000219e+00
2.107211250000000202e+00
2.092921250000000288e+00
2.076838749999999845e+00
2.052193750000000261e+00
2.027053749999999432e+00
2.003784999999999705e+00
1.979184999999999972e+00
1.952999999999999847e+00
1.935043750000000173e+00
1.915939999999999976e+00
1.893756250000000252e+00
1.872192499999999926e+00
1.817331249999999843e+00
1.757413749999999997e+00
1.711193750000000069e+00
1.663065000000000015e+00
1.611691250000000242e+00
1.549941250000000048e+00
1.493768750000000090e+00
1.453465000000000007e+00
1.385685000000000056e+00
1.270481250000000006e+00
1.159318750000000176e+00
1.074955000000000105e+00
1.011511250000000084e+00
9.711357500000000753e-01
6.752322499999999783e-01
3.762828750000000166e-01
3.098373749999999704e-01
2.607254999999999989e-01
1.819864999999999955e-01
5.567987499999999673e-02
4.596446250000000427e-03
6.655697499999999600e-01
4.489943750000000122e+00
7.679198750000001183e+00
2.731208749999999696e+01
5.854698750000000018e+02
8.932390000000000327e+02
1.036262499999999989e+02
1.726479999999999677e+02
3.850536250000000393e+01
2.054739999999999611e+01
1.345955000000000013e+01
7.028700000000000614e+01
8.653541249999999962e+00
2.102122499999999832e+02
1.624619999999999820e+01
5.549447499999999422e+00
1.328202499999999908e+01
7.844378750000000622e+00
6.860911250000000905e+00
6.301154999999999617e+00
5.738176249999999534e+00
5.350869999999999571e+00
5.056254999999999278e+00
4.962690000000000268e+00
4.871465000000000600e+00
4.704623749999999660e+00
4.601905000000000356e+00
4.549663749999999673e+00
4.498901250000000296e+00
4.425558750000000430e+00
4.379246250000000451e+00
4.409075000000000522e+00
4.485246250000000323e+00
4.660548750000001128e+00
4.907756249999999376e+00
5.163145000000000095e+00
5.329732500000000428e+00
5.398295000000000954e+00
5.480057499999999138e+00
5.573484999999999800e+00
5.707887500000000891e+00
5.833198750000000210e+00
5.912731250000000216e+00
6.053202500000001152e+00
6.085421249999999560e+00
6.104428749999999404e+00
6.216656249999999773e+00
6.312031250000000426e+00
6.360606250000000017e+00
6.393406249999999957e+00
6.428982500000000044e+00
6.509780000000001898e+00
6.607434999999998837e+00
6.689711250000000220e+00
6.748136249999999947e+00
6.742505000000000415e+00
6.730405000000000193e+00
6.721097499999999947e+00
6.705796250000000569e+00
6.493908749999999230e+00
5.829372499999999846e+00
5.225798750000000048e+00
4.706003749999999819e+00
3.561925000000000008e+00
2.699056249999999935e+00
2.341355000000000075e+00
2.209369999999999834e+00
2.330066249999999783e+00
2.532290000000000596e+00
6.904600000000000737e-01
7.007525000000000004e-01
7.076249999999999485e-01
3.538387499999999797e-01
3.500487500000000196e-01
