1.170267499999999927e+01
1.393471249999999806e+01
9.519132500000001329e+00
8.018810000000000215e+00
7.159148749999999950e+00
6.440276250000001035e+00
5.675842499999999902e+00
5.016112499999999308e+00
4.499967500000000342e+00
4.022998749999999291e+00
3.532096249999999493e+00
2.978586250000000213e+00
2.532508750000000308e+00
1.771160000000000068e+00
1.426604999999999901e+00
1.268266249999999928e+00
1.118044999999999956e+00
1.011858750000000029e+00
9.300521249999998963e-01
8.658802500000000180e-01
8.133369999999999767e-01
7.700848750000000020e-01
7.081907499999999800e-01
6.399227500000000957e-01
5.884389999999999343e-01
5.481627500000000319e-01
5.143865000000000798e-01
4.863202500000000650e-01
4.624763749999999951e-01
4.422665000000000068e-01
4.239690000000000958e-01
4.079481249999999948e-01
3.934738750000000285e-01
3.803763750000000443e-01
3.637976250000000134e-01
3.443047500000000483e-01
3.276629999999999265e-01
3.133763749999999848e-01
3.025878750000000061e-01
2.964216250000000219e-01
2.886013750000000488e-01
2.781961249999999608e-01
2.688002500000000183e-01
2.606008750000000096e-01
2.526072499999999499e-01
2.474057500000000076e-01
2.440787500000000110e-01
2.407826250000000001e-01
2.374850000000000017e-01
2.353257500000000002e-01
2.343119999999999925e-01
2.333165000000000100e-01
2.323060000000000125e-01
2.312963750000000263e-01
2.302932500000000327e-01
2.292842499999999950e-01
2.282747500000000263e-01
2.272748750000000151e-01
2.262654999999999805e-01
2.252647499999999858e-01
2.242581250000000026e-01
2.232517499999999711e-01
2.222431249999999858e-01
2.212387500000000395e-01
2.194718750000000107e-01
2.169618750000000262e-01
2.144493750000000254e-01
2.119283750000000022e-01
2.088063750000000163e-01
2.051258749999999575e-01
2.014182499999999931e-01
1.976700000000000401e-01
1.939554999999999751e-01
1.895169999999999910e-01
1.842865000000000197e-01
1.790404999999999913e-01
1.745231250000000012e-01
1.705434999999999868e-01
1.672316250000000226e-01
1.638904999999999945e-01
1.603848749999999823e-01
1.573519999999999919e-01
1.545308749999999842e-01
1.516652500000000015e-01
1.484872499999999873e-01
1.451381250000000067e-01
1.419237499999999874e-01
1.393188750000000087e-01
1.371075000000000210e-01
1.356884999999999897e-01
1.347991249999999919e-01
1.331612500000000088e-01
1.282911249999999781e-01
1.225400000000000100e-01
1.185848749999999924e-01
1.111021249999999960e-01
1.047258749999999961e-01
1.013529999999999986e-01
9.674136249999998327e-02
9.282667499999999738e-02
9.082821250000000513e-02
8.930032500000001372e-02
8.733307500000001000e-02
8.605850000000000999e-02
8.262405000000000443e-02
7.737922499999999593e-02
7.306182499999998303e-02
6.862683750000000971e-02
6.539468749999999275e-02
6.314601250000000110e-02
6.069009999999999683e-02
5.882479999999999654e-02
5.718987499999999419e-02
5.548413750000000255e-02
5.365493749999999951e-02
5.132051249999999842e-02
4.969741250000000304e-02
4.855777499999999747e-02
4.721542500000000531e-02
4.549620000000000053e-02
4.309939999999999605e-02
4.050805000000000378e-02
3.830434999999999396e-02
3.685430000000000650e-02
3.619226249999999562e-02
3.544581249999999989e-02
3.468643750000000026e-02
3.415811250000000410e-02
3.352509999999999518e-02
3.293413749999999501e-02
3.216061249999999788e-02
3.159694999999999865e-02
3.113975000000000076e-02
3.062522499999999898e-02
2.983676250000000252e-02
2.910532500000000480e-02
2.850702500000000181e-02
2.787477500000000094e-02
2.720192500000000180e-02
2.674046249999999930e-02
2.626049999999999912e-02
2.578847500000000167e-02
2.534936250000000002e-02
2.423201250000000390e-02
2.301179999999999892e-02
2.211908749999999882e-02
2.132558750000000322e-02
2.049973750000000025e-02
1.951162500000000119e-02
1.871721250000000017e-02
1.818075000000000246e-02
1.728761250000000055e-02
1.592481250000000320e-02
1.474577500000000263e-02
1.394565000000000041e-02
1.334395000000000026e-02
1.296101250000000066e-02
1.063566250000000032e-02
8.596625000000000100e-03
8.171633750000000668e-03
7.898277500000000159e-03
7.450471250000000045e-03
6.724532499999999816e-03
6.746768749999999815e-03
1.335082500000000172e+00
2.288132499999999958e-01
7.002731249999999755e-03
1.190771250000000059e+00
1.945412499999999989e-01
5.809981250000000319e-01
2.479046250000000118e+00
1.466793749999999869e-02
5.853342500000000559e-01
9.184678749999999545e-03
1.813204999999999956e-01
4.010351249999999923e-01
1.919642500000000029e-01
8.981423749999999095e-02
2.259461249999999977e-01
1.676298749999999838e-01
2.121261249999999710e-01
1.861547500000000077e-01
1.593697500000000045e-01
1.237408750000000141e-01
1.024838750000000021e-01
8.590013750000000115e-02
7.537888749999999138e-02
7.232098749999998910e-02
6.959719999999999795e-02
6.484182500000000571e-02
6.217016250000000077e-02
6.096122500000000777e-02
6.024003749999999602e-02
5.945355000000000778e-02
5.617765000000000258e-02
5.303488750000000251e-02
4.986809999999999854e-02
4.646828750000000369e-02
4.438954999999999984e-02
4.389553749999999810e-02
4.375582499999999819e-02
4.367357499999999226e-02
4.325302499999999356e-02
4.044957499999999456e-02
3.728797499999999404e-02
3.518041250000000092e-02
3.376015000000000266e-02
3.261863749999999867e-02
3.224869999999999820e-02
3.204353749999999668e-02
3.205562499999999732e-02
3.231358750000000446e-02
3.250399999999999817e-02
3.263471250000000295e-02
3.275363750000000185e-02
3.293351250000000480e-02
3.179173750000000020e-02
3.005478749999999921e-02
2.845508750000000364e-02
2.621407500000000335e-02
2.466032500000000030e-02
2.357076249999999831e-02
2.199949999999999822e-02
1.978696249999999796e-02
1.500588750000000048e-02
1.245723750000000095e-02
1.086252500000000135e-02
7.740946250000000153e-03
4.959265000000000027e-03
3.076958749999999902e-03
1.246818750000000054e-03
6.060136249999999690e-04
7.766821249999999359e-04
2.574037500000000002e-04
2.554400000000000073e-04
2.277918750000000017e-04
7.201400000000000542e-05
4.547212500000000299e-05
