2.540419999999999945e+01
3.245926250000000124e+01
2.401363750000000152e+01
2.135089999999999577e+01
1.988819999999999766e+01
1.870734999999999815e+01
1.749888749999999860e+01
1.649504999999999910e+01
1.573912499999999959e+01
1.506411250000000024e+01
1.439096249999999699e+01
1.366208750000000194e+01
1.309487500000000004e+01
1.217478750000000076e+01
1.177373749999999930e+01
1.159434999999999860e+01
1.142619999999999791e+01
1.130858749999999979e+01
1.121870000000000189e+01
1.114853750000000154e+01
1.109136249999999890e+01
1.104443749999999902e+01
1.097749999999999915e+01
1.090390000000000015e+01
1.084853749999999906e+01
1.080518750000000061e+01
1.076883750000000184e+01
1.073858749999999951e+01
1.071282500000000049e+01
1.069092500000000001e+01
1.067101249999999624e+01
1.065353749999999877e+01
1.063768750000000018e+01
1.062326249999999916e+01
1.060487499999999983e+01
1.058309999999999995e+01
1.056427500000000030e+01
1.054792500000000111e+01
1.053555000000000064e+01
1.052841249999999995e+01
1.051914999999999978e+01
1.050683749999999961e+01
1.049556250000000013e+01
1.048551250000000046e+01
1.047569999999999979e+01
1.046917499999999990e+01
1.046493749999999956e+01
1.046075000000000088e+01
1.045657500000000084e+01
1.045379999999999932e+01
1.045241249999999944e+01
1.045109999999999850e+01
1.044971250000000040e+01
1.044839999999999947e+01
1.044701250000000137e+01
1.044570000000000043e+01
1.044430000000000014e+01
1.044299999999999962e+01
1.044159999999999933e+01
1.044030000000000058e+01
1.043890000000000207e+01
1.043758750000000113e+01
1.043621249999999989e+01
1.043487499999999990e+01
1.043248750000000058e+01
1.042913750000000128e+01
1.042573750000000210e+01
1.042236249999999842e+01
1.041798749999999885e+01
1.041261249999999983e+01
1.040721249999999998e+01
1.040177500000000066e+01
1.039636249999999862e+01
1.038961250000000014e+01
1.038138750000000066e+01
1.037312499999999993e+01
1.036562499999999964e+01
1.035882500000000128e+01
1.035318750000000065e+01
1.034696249999999829e+01
1.034001250000000027e+01
1.033402500000000046e+01
1.032841250000000066e+01
1.032277500000000003e+01
1.031648750000000092e+01
1.030987499999999812e+01
1.030349999999999966e+01
1.029762499999999825e+01
1.029217500000000030e+01
1.028866250000000093e+01
1.028647500000000115e+01
1.028245000000000076e+01
1.027046250000000072e+01
1.025528750000000144e+01
1.024341249999999981e+01
1.021978750000000069e+01
1.019733749999999972e+01
1.018371250000000039e+01
1.016334999999999944e+01
1.014606249999999932e+01
1.013626250000000084e+01
1.012773750000000028e+01
1.011682500000000040e+01
1.010971250000000055e+01
1.008939999999999948e+01
1.005408749999999962e+01
1.002076250000000002e+01
9.980101250000000590e+00
9.947527499999999634e+00
9.924317500000000791e+00
9.894172500000001591e+00
9.869948749999998938e+00
9.848676250000000465e+00
9.823359999999999204e+00
9.794046249999999176e+00
9.754974999999998175e+00
9.724308750000000501e+00
9.702407499999999629e+00
9.674508749999999324e+00
9.634494999999999365e+00
9.577167500000001610e+00
9.505786249999999882e+00
9.436251249999999757e+00
9.384024999999999395e+00
9.360183750000000913e+00
9.333297500000000468e+00
9.305949999999999278e+00
9.286917499999999492e+00
9.263257499999999922e+00
9.236221249999999827e+00
9.199976249999998856e+00
9.173564999999999969e+00
9.152142500000000069e+00
9.128028750000000358e+00
9.091086250000000035e+00
9.053542500000000715e+00
9.018946249999999054e+00
8.982368749999999125e+00
8.943440000000000722e+00
8.916737499999999983e+00
8.888355000000000672e+00
8.855548749999998748e+00
8.823698750000000146e+00
8.742653750000000556e+00
8.654146250000000151e+00
8.585914999999999964e+00
8.515001249999999189e+00
8.439328749999999602e+00
8.348363749999998973e+00
8.265466250000001125e+00
8.205940000000000012e+00
8.105777500000000302e+00
7.934584999999998445e+00
7.767551249999999463e+00
7.639091249999999889e+00
7.542485000000000106e+00
7.481008749999999097e+00
7.001113750000000024e+00
6.479359999999999786e+00
6.341164999999999274e+00
6.234722500000000167e+00
6.045832499999999499e+00
5.620745000000000324e+00
5.253500000000000725e+00
6.801943749999999511e+00
3.106961249999999897e+00
2.162452500000000111e+00
2.243094999999999573e+01
1.117234999999999978e+01
1.383246249999999975e+02
1.607655000000000030e+02
6.307471249999999863e+00
3.201722500000000338e+01
2.011091249999999775e+00
4.934542499999999876e+01
1.090895000000000152e+02
4.249289999999999878e+01
1.611880000000000024e+01
2.759008749999999921e+01
2.123422499999999857e+01
1.969064999999999799e+01
1.836435000000000173e+01
1.695282499999999715e+01
1.503822499999999884e+01
1.376960000000000051e+01
1.262399999999999878e+01
1.177694999999999936e+01
1.150291249999999899e+01
1.123030000000000150e+01
1.072556249999999878e+01
1.040931250000000041e+01
1.024597499999999961e+01
1.007928749999999951e+01
9.839801250000000721e+00
9.310623750000001309e+00
8.835748750000000484e+00
8.323745000000000616e+00
7.691652499999999115e+00
7.158578750000000213e+00
6.802337500000000148e+00
6.599466249999999867e+00
6.523674999999999891e+00
6.444977499999999360e+00
6.456066249999999229e+00
6.512531249999999439e+00
6.568297499999999900e+00
6.605881249999999483e+00
6.681483749999999944e+00
6.740714999999999790e+00
6.798413749999999922e+00
6.896041249999999678e+00
6.963560000000000194e+00
6.995158749999999870e+00
7.016851250000000206e+00
7.038951249999999327e+00
7.084472499999999506e+00
7.138788749999999794e+00
7.176835000000000520e+00
7.195976249999999297e+00
7.202057500000000445e+00
7.201465000000000671e+00
7.198316250000000416e+00
7.181628749999999783e+00
7.098221249999999038e+00
6.837842499999999824e+00
6.586683750000000614e+00
6.356449999999999712e+00
5.706445000000000434e+00
5.079036249999999697e+00
4.726379999999999804e+00
4.542213750000000161e+00
4.681709999999998928e+00
4.905476249999999538e+00
1.274725000000000108e+00
1.280188749999999986e+00
1.283041249999999911e+00
6.359875000000000389e-01
6.246637499999999621e-01
