1.370152500000000018e+01
1.852455000000000140e+01
1.449448749999999997e+01
1.333207499999999968e+01
1.272905000000000086e+01
1.226706249999999976e+01
1.182305000000000028e+01
1.147896249999999974e+01
1.123916250000000083e+01
1.104111250000000055e+01
1.085885000000000034e+01
1.068349999999999866e+01
1.056233749999999993e+01
1.040362499999999990e+01
1.034712500000000013e+01
1.032607499999999945e+01
1.030814999999999948e+01
1.029676249999999982e+01
1.028860000000000063e+01
1.028270000000000017e+01
1.027800000000000047e+01
1.027433749999999968e+01
1.026929999999999943e+01
1.026399999999999757e+01
1.026009999999999955e+01
1.025699999999999967e+01
1.025447499999999934e+01
1.025229999999999997e+01
1.025031249999999794e+01
1.024859999999999793e+01
1.024699999999999989e+01
1.024559999999999782e+01
1.024419999999999931e+01
1.024290000000000056e+01
1.024110000000000120e+01
1.023879999999999946e+01
1.023659999999999748e+01
1.023449999999999882e+01
1.023300000000000232e+01
1.023199999999999932e+01
1.023056250000000134e+01
1.022862500000000097e+01
1.022676249999999953e+01
1.022489999999999988e+01
1.022310000000000052e+01
1.022177499999999917e+01
1.022088749999999990e+01
1.022000000000000064e+01
1.021909999999999918e+01
1.021850000000000058e+01
1.021809999999999974e+01
1.021779999999999866e+01
1.021739999999999959e+01
1.021710000000000029e+01
1.021670000000000122e+01
1.021640000000000015e+01
1.021601249999999972e+01
1.021570000000000000e+01
1.021540000000000070e+01
1.021500000000000163e+01
1.021470000000000056e+01
1.021429999999999971e+01
1.021400000000000041e+01
1.021359999999999957e+01
1.021299999999999919e+01
1.021219999999999750e+01
1.021129999999999960e+01
1.021039999999999992e+01
1.020918749999999875e+01
1.020749999999999780e+01
1.020579999999999821e+01
1.020409999999999862e+01
1.020239999999999903e+01
1.020007500000000000e+01
1.019708750000000030e+01
1.019410000000000061e+01
1.019111250000000091e+01
1.018828749999999950e+01
1.018593750000000142e+01
1.018306249999999835e+01
1.017962500000000148e+01
1.017667499999999947e+01
1.017392500000000055e+01
1.017111249999999778e+01
1.016798749999999885e+01
1.016472499999999890e+01
1.016157499999999914e+01
1.015829999999999878e+01
1.015506249999999966e+01
1.015300000000000047e+01
1.015168749999999953e+01
1.014930000000000021e+01
1.014216249999999953e+01
1.013276250000000189e+01
1.012482500000000130e+01
1.010866249999999944e+01
1.009260000000000090e+01
1.008236249999999856e+01
1.006661250000000152e+01
1.005322499999999941e+01
1.004541250000000119e+01
1.003843749999999879e+01
1.002947499999999970e+01
1.002366250000000036e+01
1.000677500000000109e+01
9.976716249999999064e+00
9.947698749999998924e+00
9.911472500000000352e+00
9.882133749999999495e+00
9.861172500000000340e+00
9.833483749999999191e+00
9.811123750000000143e+00
9.791486250000000169e+00
9.767875000000000085e+00
9.740391249999998280e+00
9.703652500000000458e+00
9.674611249999999885e+00
9.653850000000000264e+00
9.627291249999998968e+00
9.588998750000000015e+00
9.534067499999999029e+00
9.465281250000000313e+00
9.397947500000000787e+00
9.347172500000000994e+00
9.323987500000001205e+00
9.297849999999998616e+00
9.271261249999998455e+00
9.252760000000000318e+00
9.229731250000000387e+00
9.203288750000000462e+00
9.167816249999999556e+00
9.141969999999998819e+00
9.121001249999999061e+00
9.097407499999999203e+00
9.061250000000001137e+00
9.024437499999999446e+00
8.990438750000000923e+00
8.954493749999999253e+00
8.916236250000000751e+00
8.889998750000000172e+00
8.862095000000000056e+00
8.829761250000000672e+00
8.798348749999998830e+00
8.718423749999999472e+00
8.631133750000000049e+00
8.563796249999999333e+00
8.493676250000000039e+00
8.418829999999999814e+00
8.328852499999999992e+00
8.246748750000000072e+00
8.187759999999999039e+00
8.088491249999998800e+00
7.918661249999999541e+00
7.752805000000001279e+00
7.625146249999999348e+00
7.529143750000001134e+00
7.468046250000000441e+00
6.990479999999999805e+00
6.470762500000000195e+00
6.332993749999999977e+00
6.226822499999999927e+00
6.038382500000000874e+00
5.614021249999999519e+00
5.246753749999999883e+00
5.466859999999999609e+00
2.878148749999999811e+00
2.155449999999999644e+00
2.124016250000000028e+01
1.097778749999999981e+01
1.377437500000000057e+02
1.582866249999999866e+02
6.292803749999999141e+00
3.143189999999999884e+01
2.001904999999999824e+00
4.916408749999999372e+01
1.086884999999999906e+02
4.230092499999999944e+01
1.602897499999999908e+01
2.736413749999999823e+01
2.106658749999999714e+01
1.947852500000000120e+01
1.817817499999999953e+01
1.679343749999999957e+01
1.491447499999999948e+01
1.366711250000000000e+01
1.253808749999999961e+01
1.170154999999999923e+01
1.143058749999999790e+01
1.116071249999999893e+01
1.066070000000000206e+01
1.034716249999999960e+01
1.018500000000000050e+01
1.001905000000000001e+01
9.780349999999998545e+00
9.254446250000000873e+00
8.782713750000000985e+00
8.273876249999998933e+00
7.645185000000000564e+00
7.114188750000000283e+00
6.758439999999999337e+00
6.555709999999999482e+00
6.480001249999999935e+00
6.369188749999999288e+00
6.088786250000000067e+00
5.900933750000000089e+00
5.867552500000000393e+00
5.845071250000000163e+00
5.827261249999999393e+00
5.821687500000000348e+00
5.816717500000000207e+00
5.809106250000000138e+00
5.798597499999999627e+00
5.792044999999999888e+00
5.787547499999999623e+00
5.783772499999999539e+00
5.707110000000000127e+00
5.622094999999999843e+00
5.559362499999999763e+00
5.501254999999999562e+00
5.449677499999999952e+00
5.396218750000000064e+00
5.311902499999999527e+00
5.169497499999999413e+00
4.874088749999999415e+00
4.376501249999999565e+00
4.016017500000000240e+00
3.739570000000000061e+00
3.069716249999999924e+00
2.503517500000000062e+00
2.205363750000000067e+00
2.058813750000000109e+00
2.241193749999999874e+00
2.525079999999999991e+00
6.884274999999999700e-01
6.948562499999999531e-01
6.995162500000000616e-01
3.469687499999999925e-01
3.383662499999999795e-01
