6.539600000000000080e+00
7.786888749999999249e+00
5.319413749999999830e+00
4.481018749999999606e+00
4.000631249999999639e+00
3.598921250000000072e+00
3.171751249999999800e+00
2.803092500000000431e+00
2.514673750000000041e+00
2.248149999999999871e+00
1.973839999999999817e+00
1.664531250000000018e+00
1.415248749999999944e+00
9.898236249999999847e-01
7.973036249999999603e-01
7.088713749999998592e-01
6.249071250000000077e-01
5.655735000000000623e-01
5.198983749999999127e-01
4.840666250000000281e-01
4.546994999999999787e-01
4.305187500000000056e-01
3.959562500000000096e-01
3.578434999999999810e-01
3.290994999999999893e-01
3.065930000000000044e-01
2.877458749999999843e-01
2.720874999999999821e-01
2.587798750000000481e-01
2.474918750000000278e-01
2.372794999999999765e-01
2.283433749999999873e-01
2.202735000000000110e-01
2.129731249999999854e-01
2.037308749999999780e-01
1.928616250000000087e-01
1.835861249999999889e-01
1.756278749999999889e-01
1.696186249999999951e-01
1.661846249999999747e-01
1.618311249999999923e-01
1.560387500000000038e-01
1.508063750000000203e-01
1.462384999999999935e-01
1.417852500000000016e-01
1.388897500000000063e-01
1.370373749999999891e-01
1.352026250000000207e-01
1.333671250000000030e-01
1.321654999999999913e-01
1.316025000000000111e-01
1.310493749999999680e-01
1.304882500000000001e-01
1.299269999999999869e-01
1.293696249999999881e-01
1.288091249999999965e-01
1.282483749999999978e-01
1.276930000000000009e-01
1.271319999999999950e-01
1.265759999999999941e-01
1.260167499999999829e-01
1.254576250000000170e-01
1.248972500000000013e-01
1.243391250000000087e-01
1.233576249999999985e-01
1.219631249999999917e-01
1.205672500000000008e-01
1.191666250000000121e-01
1.174333750000000065e-01
1.153913749999999905e-01
1.133337499999999970e-01
1.112541249999999954e-01
1.091929999999999984e-01
1.067298750000000018e-01
1.038271249999999923e-01
1.009160000000000057e-01
9.841244999999999854e-02
9.620878750000000368e-02
9.437473749999999995e-02
9.252638750000000134e-02
9.058851249999998190e-02
8.891204999999999248e-02
8.735263749999999661e-02
8.576853750000000554e-02
8.401165000000000715e-02
8.216035000000000699e-02
8.038363750000000751e-02
7.894683750000000555e-02
7.772914999999999686e-02
7.694769999999999388e-02
7.645787500000000847e-02
7.555601250000000546e-02
7.287403749999998848e-02
6.971067499999999972e-02
6.754038749999999314e-02
6.343710000000001015e-02
5.994580000000000741e-02
5.810432499999999834e-02
5.559220000000000828e-02
5.345974999999999339e-02
5.237374999999999670e-02
5.154616249999999927e-02
5.048053750000000561e-02
4.979017499999999208e-02
4.793226249999999605e-02
4.510385000000000089e-02
4.278473750000000297e-02
4.041560000000000291e-02
3.869495000000000573e-02
3.749883749999999988e-02
3.620092499999999491e-02
3.521748749999999845e-02
3.435557499999999931e-02
3.346102499999999841e-02
3.250503750000000025e-02
3.128752500000000353e-02
3.044631249999999942e-02
2.985625000000000084e-02
2.919266249999999743e-02
2.840675000000000144e-02
2.727518749999999562e-02
2.583359999999999823e-02
2.463939999999999880e-02
2.392026250000000090e-02
2.359192499999999970e-02
2.322172499999999862e-02
2.284513750000000121e-02
2.258308749999999795e-02
2.227023749999999802e-02
2.198446249999999949e-02
2.161142500000000008e-02
2.133962499999999748e-02
2.111914999999999973e-02
2.087103750000000174e-02
2.049083749999999760e-02
2.014252500000000140e-02
1.986285000000000134e-02
1.956731250000000311e-02
1.925281250000000083e-02
1.903713750000000232e-02
1.881379999999999858e-02
1.860208750000000300e-02
1.840728750000000108e-02
1.791166250000000154e-02
1.737037500000000040e-02
1.698179999999999829e-02
1.665834999999999885e-02
1.632563750000000022e-02
1.592892500000000003e-02
1.564035000000000078e-02
1.545648750000000113e-02
1.515545000000000087e-02
1.478352499999999875e-02
1.456353749999999767e-02
1.449996249999999966e-02
1.455658749999999904e-02
1.469712500000000185e-02
1.464986250000000156e+00
8.321526249999999791e-02
3.222583749999999997e-02
2.917144999999999808e-02
4.532369999999999455e-01
7.010542499999999899e-01
4.346361250000000354e+01
1.177773750000000036e-01
4.081766249999999735e-02
2.486301250000000351e+01
5.502439999999999554e-01
3.100876250000000108e-03
2.288647500000000334e-02
4.949844999999999828e+00
5.868192499999999590e-02
9.669394999999999518e-01
4.580107499999999665e-03
6.649818750000000556e-01
5.787228749999999700e-01
3.119550000000000378e-01
5.263956249999999226e-01
2.773922500000000069e-01
2.175764999999999783e-01
1.408102499999999979e-01
1.704984999999999973e-01
1.311869999999999981e-01
7.420076249999998930e-02
6.821232500000000420e-02
5.278252499999999681e-02
4.283569999999999739e-02
3.992535000000000528e-02
3.738510000000000444e-02
3.295043749999999882e-02
3.042213750000000161e-02
2.921460000000000029e-02
2.811677500000000010e-02
2.661857500000000196e-02
2.343781250000000205e-02
2.127196250000000163e-02
1.934869999999999993e-02
1.684563749999999985e-02
1.436543749999999973e-02
1.300113750000000089e-02
1.221627500000000040e-02
1.189259999999999970e-02
1.151521250000000010e-02
1.111112499999999947e-02
1.069941249999999990e-02
1.041079999999999957e-02
1.023563750000000029e-02
9.912260000000000862e-03
9.680675000000001432e-03
9.467702499999999452e-03
9.128102500000000522e-03
8.899182500000000010e-03
8.789440000000000794e-03
8.715578749999999472e-03
8.701264999999999694e-03
8.870932499999999513e-03
9.214622500000000174e-03
9.636861249999999907e-03
9.938551249999998463e-03
1.016311250000000166e-02
1.041523750000000054e-02
1.061636250000000045e-02
1.094356250000000016e-02
1.135885000000000020e-02
1.105936249999999940e-02
6.350037499999999953e-03
5.132101249999999892e-03
3.124951250000000246e-03
1.835210000000000096e-03
1.214418750000000134e-03
6.675422500000000037e-04
8.491545000000000299e-04
1.122411249999999893e-03
2.553937499999999567e-04
2.505850000000000005e-04
2.467918749999999757e-04
1.239354999999999927e-04
1.278912499999999895e-04
