2.281656249999999986e+01
2.887042500000000089e+01
2.117735000000000056e+01
1.875258750000000063e+01
1.742696250000000191e+01
1.636431250000000048e+01
1.528924999999999912e+01
1.441005000000000180e+01
1.376127499999999948e+01
1.319477499999999992e+01
1.264332500000000081e+01
1.206677499999999981e+01
1.163283750000000083e+01
1.096572499999999906e+01
1.068740000000000201e+01
1.056720000000000148e+01
1.045628750000000018e+01
1.037997499999999995e+01
1.032236250000000055e+01
1.027786250000000123e+01
1.024181249999999999e+01
1.021242500000000142e+01
1.017096249999999991e+01
1.012574999999999825e+01
1.009210000000000029e+01
1.006596250000000126e+01
1.004424999999999990e+01
1.002631249999999952e+01
1.001111250000000119e+01
9.998267499999998975e+00
9.986672500000000952e+00
9.976552500000000379e+00
9.967422499999999630e+00
9.959171250000000697e+00
9.948723750000000976e+00
9.936437500000000256e+00
9.925942499999999669e+00
9.916918750000000671e+00
9.910106250000000117e+00
9.906201250000000513e+00
9.901222499999999371e+00
9.894600000000000506e+00
9.888592499999999674e+00
9.883314999999999628e+00
9.878166249999999593e+00
9.874785000000001034e+00
9.872617500000000490e+00
9.870468749999998792e+00
9.868321250000001044e+00
9.866907500000001718e+00
9.866231250000000230e+00
9.865568749999999554e+00
9.864896250000001032e+00
9.864223750000000734e+00
9.863556249999998471e+00
9.862883749999999949e+00
9.862211249999999652e+00
9.861545000000001338e+00
9.860873749999999660e+00
9.860207500000001346e+00
9.859535000000001048e+00
9.858865000000001544e+00
9.858194999999998487e+00
9.857526250000001156e+00
9.856349999999999056e+00
9.854677500000001089e+00
9.853003750000000949e+00
9.851324999999999221e+00
9.849203749999999147e+00
9.846667500000000572e+00
9.844110000000000582e+00
9.841527500000001538e+00
9.838966249999998581e+00
9.835841250000001423e+00
9.832094999999998919e+00
9.828338750000000346e+00
9.825018749999998136e+00
9.822052500000001629e+00
9.819586250000000405e+00
9.816971250000001703e+00
9.814140000000000086e+00
9.811688750000001846e+00
9.809408749999999344e+00
9.807095000000000340e+00
9.804527500000000728e+00
9.801819999999999311e+00
9.799217500000001024e+00
9.796943750000000506e+00
9.794904999999999973e+00
9.793593749999999432e+00
9.792773750000000277e+00
9.791262500000000202e+00
9.786770000000000636e+00
9.781231250000001154e+00
9.777070000000001926e+00
9.768917500000000587e+00
9.761406250000000284e+00
9.757002500000000467e+00
9.750556250000000702e+00
9.745081250000000139e+00
9.742042500000000160e+00
9.739468750000000341e+00
9.736153749999999718e+00
9.734002500000000779e+00
9.727912500000000406e+00
9.717513749999998396e+00
9.707857499999999362e+00
9.696261249999999166e+00
9.687038749999999254e+00
9.680471250000000083e+00
9.672016250000000426e+00
9.665232499999998339e+00
9.659277499999999961e+00
9.652203749999999971e+00
9.644021249999999768e+00
9.633104999999998697e+00
9.624522499999999425e+00
9.618388749999999376e+00
9.610586249999998998e+00
9.599401249999999663e+00
9.583298750000000865e+00
9.562784999999999869e+00
9.542566250000000139e+00
9.527258749999999665e+00
9.520270000000000010e+00
9.512389999999999901e+00
9.504373749999999177e+00
9.498796249999999830e+00
9.491820000000000590e+00
9.483617499999999367e+00
9.472587499999999494e+00
9.464551249999999527e+00
9.458032499999999843e+00
9.450697500000000417e+00
9.439453750000000198e+00
9.427813749999998549e+00
9.416857500000000769e+00
9.405266249999998607e+00
9.392935000000001367e+00
9.384476249999998743e+00
9.375429999999999708e+00
9.364532500000001036e+00
9.353854999999999364e+00
9.326685000000001224e+00
9.297010000000001995e+00
9.273704999999999643e+00
9.248283749999998804e+00
9.220969999999999445e+00
9.188061250000000513e+00
9.156457500000000138e+00
9.133250000000000313e+00
9.093966249999999363e+00
9.022870000000001056e+00
8.948597499999999982e+00
8.887537500000000534e+00
8.840650000000000119e+00
8.809837500000000432e+00
1.003349874999999969e+01
8.164787499999999199e+00
7.949263750000000073e+00
7.798251249999998969e+00
7.873054999999999914e+00
6.205325000000000202e+00
2.751242499999999609e+02
9.974811249999998353e+00
6.785905000000000520e+00
1.893118750000000148e+02
1.222307500000000147e+01
7.224393749999999947e+00
5.913087500000000496e+00
2.175964999999999918e+02
1.667777499999999691e+01
9.703798750000000695e+00
6.393396250000000336e+00
2.054777499999999790e+01
2.627832499999999882e+01
9.461367500000001485e+00
1.239866249999999859e+01
1.009390375000000084e+01
1.252111250000000098e+01
8.167692499999999356e+00
9.531425000000000480e+00
1.054388750000000030e+01
8.203773749999999865e+00
8.491181250000000347e+00
8.593417500000001041e+00
8.703963750000001554e+00
8.746721250000000225e+00
8.796051249999999655e+00
8.894127499999999742e+00
8.960938750000000397e+00
8.996886249999999308e+00
9.033303749999999965e+00
9.087653750000001196e+00
9.194299999999998363e+00
9.261442500000001132e+00
9.362983749999999716e+00
9.281174999999999287e+00
9.103265000000000384e+00
8.939243750000001043e+00
8.818206250000001134e+00
8.755421250000001265e+00
8.678973750000000820e+00
8.586671250000000200e+00
8.425715000000000288e+00
8.260182499999999095e+00
8.148641249999998948e+00
7.924306249999999885e+00
7.748556250000000034e+00
7.570789999999999687e+00
7.254903750000000429e+00
7.027763749999999199e+00
6.919092500000000534e+00
6.844487499999999613e+00
6.758350000000000968e+00
6.544950000000000045e+00
6.251821249999998997e+00
5.966877500000000722e+00
5.739397499999999042e+00
5.590748750000000378e+00
5.482412500000000577e+00
5.394687499999999858e+00
5.241371250000000259e+00
4.910028749999999498e+00
4.539122499999999505e+00
4.372857500000000286e+00
4.267753749999999791e+00
4.034682500000000616e+00
3.913262499999999644e+00
3.976807499999999607e+00
4.146626249999999736e+00
4.201652499999999790e+00
4.100486249999999444e+00
9.740474999999999550e-01
9.610125000000000473e-01
9.401774999999999993e-01
4.474474999999999980e-01
4.317150000000000154e-01
