1.627697500000000019e+01
2.108354999999999890e+01
1.585793750000000024e+01
1.427155000000000129e+01
1.342631250000000165e+01
1.276537500000000236e+01
1.211747499999999889e+01
1.160696249999999985e+01
1.124660000000000082e+01
1.094662500000000094e+01
1.066948750000000068e+01
1.040223750000000180e+01
1.021757500000000007e+01
9.975902500000001893e+00
9.890089999999998938e+00
9.858324999999998894e+00
9.831390000000000740e+00
9.814399999999999125e+00
9.802460000000001727e+00
9.793782500000000724e+00
9.787098750000000180e+00
9.781923749999998918e+00
9.774983750000000526e+00
9.767917499999999364e+00
9.762993749999999693e+00
9.759383749999999580e+00
9.756505000000000649e+00
9.754222500000000906e+00
9.752333750000001800e+00
9.750775000000000858e+00
9.749391250000000397e+00
9.748210000000000264e+00
9.747149999999999537e+00
9.746196250000000560e+00
9.744991249999999994e+00
9.743577499999998892e+00
9.742355000000001652e+00
9.741291249999999735e+00
9.740487500000000409e+00
9.740014999999999645e+00
9.739390000000000214e+00
9.738559999999999661e+00
9.737786250000002752e+00
9.737078750000002003e+00
9.736381249999999099e+00
9.735897500000000093e+00
9.735580000000000567e+00
9.735268749999999471e+00
9.734952499999998565e+00
9.734740000000000393e+00
9.734629999999997452e+00
9.734520000000001616e+00
9.734409999999998675e+00
9.734299999999999287e+00
9.734187499999999105e+00
9.734073750000002079e+00
9.733961249999998344e+00
9.733850000000002112e+00
9.733739999999999171e+00
9.733629999999999782e+00
9.733520000000000394e+00
9.733409999999999229e+00
9.733299999999999841e+00
9.733187499999999659e+00
9.732991249999999539e+00
9.732715000000000671e+00
9.732437499999999631e+00
9.732158749999999969e+00
9.731768749999998747e+00
9.731273749999999723e+00
9.730776249999999905e+00
9.730273750000000277e+00
9.729775000000000063e+00
9.729109999999998593e+00
9.728268750000001575e+00
9.727422499999999417e+00
9.726603750000000659e+00
9.725843749999999233e+00
9.725211250000000973e+00
9.724447500000000133e+00
9.723550000000001248e+00
9.722777499999999407e+00
9.722057500000000019e+00
9.721325000000000216e+00
9.720515000000002459e+00
9.719660000000001077e+00
9.718835000000000335e+00
9.717997499999999178e+00
9.717174999999999230e+00
9.716646249999998375e+00
9.716315000000001589e+00
9.715708749999999227e+00
9.713896249999999455e+00
9.711521250000000549e+00
9.709530000000000882e+00
9.705480000000001439e+00
9.701460000000000861e+00
9.698900000000000077e+00
9.694962499999999039e+00
9.691621249999998966e+00
9.689668749999999164e+00
9.687923749999999501e+00
9.685672500000000795e+00
9.684213749999999621e+00
9.679981250000000870e+00
9.672409999999999286e+00
9.665072500000000844e+00
9.655846249999999742e+00
9.648341249999999647e+00
9.642972499999999059e+00
9.635813750000000510e+00
9.630017499999999231e+00
9.624924999999999287e+00
9.618745000000000545e+00
9.611516249999999317e+00
9.601815000000000211e+00
9.594076249999998751e+00
9.588533749999999856e+00
9.581392499999999757e+00
9.570993749999999523e+00
9.556022500000000974e+00
9.536951250000001323e+00
9.517927499999998986e+00
9.503338750000001056e+00
9.496678749999999170e+00
9.489170000000001437e+00
9.481531249999997968e+00
9.476216250000000230e+00
9.469551250000000309e+00
9.461634999999999351e+00
9.450977499999998699e+00
9.443213749999999962e+00
9.436912500000000037e+00
9.429826250000001409e+00
9.418965000000000032e+00
9.407672500000000326e+00
9.396991249999999241e+00
9.385699999999999932e+00
9.373679999999998458e+00
9.365438749999999146e+00
9.356613749999999285e+00
9.345928749999998786e+00
9.335447499999999010e+00
9.308771249999999498e+00
9.279642499999999572e+00
9.256724999999999426e+00
9.231625000000001080e+00
9.204643749999998903e+00
9.172131249999999625e+00
9.140818749999999326e+00
9.117792500000000189e+00
9.078811249999999333e+00
9.008084999999999454e+00
8.934036250000000123e+00
8.873037500000000577e+00
8.826092499999999674e+00
8.795141250000000355e+00
8.568505000000000038e+00
8.081571249999999651e+00
7.917038749999999681e+00
7.769080000000000652e+00
7.419816249999999336e+00
5.504271249999999505e+00
2.316606250000000102e+02
9.857036250000000166e+00
6.745086249999999062e+00
1.644488749999999868e+02
1.167281249999999915e+01
7.221292499999999670e+00
5.890201250000000499e+00
2.126467499999999973e+02
1.661908749999999912e+01
8.736858749999999674e+00
6.388814999999999245e+00
1.988277500000000231e+01
2.569962500000000105e+01
9.149411249999999995e+00
1.187229999999999919e+01
9.816517499999999785e+00
1.230353749999999735e+01
8.026880000000000237e+00
9.360924999999999940e+00
1.041268750000000054e+01
8.129572500000000090e+00
8.422971249999999799e+00
8.540636250000000373e+00
8.661125000000000185e+00
8.706794999999999618e+00
8.758664999999998813e+00
8.861174999999999358e+00
8.930516250000000156e+00
8.967671250000000427e+00
9.005187499999999901e+00
9.061038749999999808e+00
9.170862500000000139e+00
9.240169999999999106e+00
9.343633750000000404e+00
9.264328750000000667e+00
9.088900000000000645e+00
8.926244999999999763e+00
8.805988750000000920e+00
8.743524999999999991e+00
8.667455000000000354e+00
8.575557500000000388e+00
8.415008750000000148e+00
8.249768750000001205e+00
8.138401249999999365e+00
7.914390000000000036e+00
7.738872500000000265e+00
7.561319999999999375e+00
7.245772500000000171e+00
7.018859999999999211e+00
6.910295000000000520e+00
6.835765000000000313e+00
6.749644999999999229e+00
6.536072499999999508e+00
6.242598749999999974e+00
5.957230000000000025e+00
5.723022500000000790e+00
5.545998750000000754e+00
5.416568749999999710e+00
5.311767500000000197e+00
5.126191249999999755e+00
4.554882499999999723e+00
3.752529999999999255e+00
3.038378750000000572e+00
2.673560000000000159e+00
2.208936249999999824e+00
2.104908749999999884e+00
2.216537499999999383e+00
2.424823750000000278e+00
2.450528749999999700e+00
2.381646249999999743e+00
5.486575000000000202e-01
5.345562500000000661e-01
5.121212499999999723e-01
2.322162500000000129e-01
2.166812499999999919e-01
