1.019582499999999925e+01
1.471083750000000023e+01
1.210423749999999998e+01
1.140122500000000016e+01
1.104633749999999992e+01
1.077904999999999980e+01
1.052542500000000025e+01
1.033052499999999974e+01
1.019531250000000000e+01
1.008378749999999968e+01
9.981172500000001335e+00
9.882340000000001012e+00
9.813946250000000759e+00
9.723547500000000454e+00
9.690733749999999702e+00
9.678048750000000311e+00
9.666807500000000886e+00
9.659250000000000114e+00
9.653539999999999566e+00
9.649046250000001379e+00
9.645287500000000236e+00
9.642089999999999606e+00
9.637278750000001892e+00
9.631466250000000784e+00
9.626468749999999019e+00
9.621967500000000229e+00
9.617753750000000323e+00
9.613773750000000007e+00
9.609956249999999756e+00
9.606278750000001310e+00
9.602676250000000024e+00
9.599170000000000869e+00
9.595729999999999649e+00
9.592333749999999881e+00
9.587448749999998299e+00
9.580938749999999615e+00
9.574586249999999410e+00
9.568316250000000522e+00
9.563582499999998987e+00
9.560526250000002335e+00
9.556036250000000010e+00
9.550063749999999629e+00
9.544121249999999890e+00
9.538291250000000332e+00
9.532488750000000621e+00
9.528180000000000760e+00
9.525325000000000486e+00
9.522495000000001042e+00
9.519662499999999028e+00
9.517697499999998811e+00
9.516596249999999202e+00
9.515516249999999232e+00
9.514420000000001210e+00
9.513325000000000031e+00
9.512236250000000837e+00
9.511139999999999262e+00
9.510046249999998480e+00
9.508961249999998699e+00
9.507867499999999694e+00
9.506779999999999120e+00
9.505688749999999132e+00
9.504597499999999144e+00
9.503502499999999742e+00
9.502411250000001530e+00
9.500495000000000800e+00
9.497772499999999951e+00
9.495047499999998308e+00
9.492311250000000200e+00
9.488332500000002057e+00
9.483162500000000605e+00
9.477956250000000082e+00
9.472692500000000848e+00
9.467476250000000704e+00
9.460422499999998180e+00
9.451402499999998597e+00
9.442321250000000887e+00
9.433538750000000306e+00
9.425325000000000841e+00
9.418491250000000647e+00
9.410198750000001056e+00
9.400481250000000344e+00
9.392073749999999777e+00
9.384251249999998379e+00
9.376517500000000283e+00
9.368103749999999508e+00
9.359238750000001161e+00
9.350680000000000547e+00
9.341993749999998542e+00
9.333479999999999777e+00
9.328014999999998835e+00
9.324591250000000997e+00
9.318293749999998710e+00
9.300136249999999549e+00
9.276651249999996907e+00
9.257274999999999920e+00
9.218298750000000652e+00
9.180414999999999992e+00
9.156652500000001638e+00
9.120541249999998712e+00
9.090203749999998806e+00
9.072472499999999940e+00
9.056586250000000504e+00
9.036132500000000789e+00
9.022883750000000092e+00
8.984007499999998814e+00
8.912968749999999218e+00
8.840738749999999868e+00
8.742350000000000065e+00
8.654122500000001494e+00
8.585176249999999953e+00
8.481548749999999970e+00
8.383948750000000061e+00
8.284620000000000317e+00
8.139818749999999881e+00
7.924484999999999779e+00
7.470541250000000133e+00
6.866141250000000085e+00
5.964616249999999731e+00
8.607058750000000202e+00
1.128121250000000089e+02
1.079112499999999919e+01
9.246951250000000400e+00
8.260797499999998905e+00
6.809365000000000556e+00
4.912711249999999197e+00
1.134769999999999897e+02
1.560052499999999931e+01
1.242704999999999949e+01
1.101328749999999879e+01
1.023028750000000109e+01
9.575591250000000443e+00
9.193880000000000052e+00
8.882089999999999819e+00
8.461048749999999785e+00
7.423899999999999721e+00
6.289863749999999953e+01
7.538167500000000132e+01
1.185011249999999805e+01
1.033527499999999932e+01
9.824342500000000200e+00
9.380336250000000931e+00
8.815857499999999902e+00
7.997902500000000359e+00
3.915324999999999989e+01
1.004214999999999947e+01
8.704650000000000887e+00
7.622332500000000266e+01
1.171378749999999869e+01
9.050393749999999571e+00
4.726216250000000230e+01
1.139238749999999989e+01
2.495837500000000375e+01
1.134381250000000030e+01
3.179686249999999603e+01
2.912165000000000248e+01
1.059839999999999982e+01
8.916461249999999339e+00
2.278468749999999687e+01
2.435988749999999925e+01
2.156404999999999816e+01
1.116391250000000213e+01
2.284652499999999620e+01
2.148990000000000222e+01
2.362762499999999832e+01
2.213005000000000067e+01
2.032491249999999994e+01
1.986718750000000000e+01
1.924588749999999848e+01
1.834609999999999985e+01
1.775696250000000020e+01
1.731546250000000242e+01
1.700390000000000157e+01
1.638595000000000113e+01
1.612804999999999822e+01
1.599183749999999904e+01
1.573516250000000127e+01
1.532050000000000090e+01
1.498305000000000042e+01
1.429777499999999790e+01
1.350670000000000037e+01
1.309767500000000062e+01
1.288315000000000055e+01
1.299357499999999810e+01
1.314923749999999991e+01
1.332101250000000014e+01
1.352914999999999957e+01
1.344998749999999887e+01
1.334111249999999949e+01
1.320756249999999987e+01
1.292576249999999938e+01
1.272748750000000051e+01
1.262099999999999866e+01
1.250205000000000055e+01
1.231217499999999987e+01
1.175653750000000031e+01
1.126386250000000189e+01
1.072537499999999966e+01
9.961593749999998693e+00
9.155129999999999768e+00
8.376829999999999998e+00
7.925555000000001016e+00
7.751861250000000148e+00
7.544033750000000538e+00
7.304376249999999793e+00
6.978590000000000515e+00
6.687636250000000615e+00
6.497398749999999445e+00
5.764870000000000161e+00
4.699379999999999669e+00
4.112681249999999622e+00
3.508486249999999806e+00
3.463979999999999837e+00
3.524465000000000181e+00
3.565988750000000262e+00
3.613931250000000261e+00
3.731124999999999581e+00
3.751515000000000377e+00
3.653912500000000563e+00
3.575997499999999718e+00
3.514670000000000183e+00
3.462113750000000323e+00
3.419553749999999503e+00
3.345178749999999646e+00
3.422742500000000021e+00
3.775190000000000268e+00
4.117076250000000215e+00
4.377493750000000183e+00
4.787195000000000533e+00
4.755247500000000294e+00
4.638428750000000100e+00
4.196578750000000468e+00
3.551656250000000181e+00
3.176587500000000119e+00
7.733225000000000238e-01
7.688187499999999952e-01
7.619637500000000507e-01
4.047399999999999887e-01
4.263675000000000104e-01
