2.465061250000000115e+01
3.192173749999999899e+01
2.386063749999999928e+01
2.130411249999999868e+01
1.988714999999999833e+01
1.873167500000000274e+01
1.753353749999999778e+01
1.652342499999999959e+01
1.575032500000000013e+01
1.504926249999999932e+01
1.433973749999999825e+01
1.355637499999999740e+01
1.293622500000000031e+01
1.190274999999999928e+01
1.144247499999999995e+01
1.123282499999999828e+01
1.103457499999999847e+01
1.089452499999999979e+01
1.078648749999999801e+01
1.070156249999999964e+01
1.063187500000000085e+01
1.057433750000000039e+01
1.049147500000000122e+01
1.039926249999999897e+01
1.032883750000000056e+01
1.027297500000000063e+01
1.022550000000000026e+01
1.018542500000000040e+01
1.015082500000000110e+01
1.012097500000000139e+01
1.009361250000000076e+01
1.006922499999999943e+01
1.004686249999999959e+01
1.002631249999999952e+01
9.999581250000000310e+00
9.967310000000001224e+00
9.938877499999998477e+00
9.913558749999999975e+00
9.894439999999999458e+00
9.883136249999999734e+00
9.868134999999998769e+00
9.848172500000000440e+00
9.829572499999999380e+00
9.812672499999999687e+00
9.796076249999998709e+00
9.784727500000000688e+00
9.777361249999998449e+00
9.770063750000000269e+00
9.762764999999999915e+00
9.757870000000000488e+00
9.755393750000001418e+00
9.752962500000000645e+00
9.750491250000001386e+00
9.748021250000000748e+00
9.745573750000000146e+00
9.743108750000001095e+00
9.740642499999999870e+00
9.738197500000000062e+00
9.735731250000000614e+00
9.733288749999999823e+00
9.730827500000000185e+00
9.728370000000001738e+00
9.725900000000001100e+00
9.723448750000001084e+00
9.719131249999998445e+00
9.712998749999998793e+00
9.706858750000002090e+00
9.700698749999999038e+00
9.692484999999999573e+00
9.682331250000000722e+00
9.672101249999998984e+00
9.661760000000001014e+00
9.651512499999999051e+00
9.638472499999998888e+00
9.622431250000001768e+00
9.606306249999999380e+00
9.591501249999998535e+00
9.578007500000001784e+00
9.566776249999998427e+00
9.553806249999999167e+00
9.538990000000001857e+00
9.526176250000000678e+00
9.514257499999999368e+00
9.502927500000000194e+00
9.490970000000000795e+00
9.478368749999999565e+00
9.466216250000000443e+00
9.454306250000000134e+00
9.442849999999999966e+00
9.435497500000000315e+00
9.430889999999999773e+00
9.422433749999997943e+00
9.398927499999999213e+00
9.369270000000000209e+00
9.345568749999999980e+00
9.298633749999998699e+00
9.254422500000000440e+00
9.227430000000000021e+00
9.187252499999999600e+00
9.154116250000001287e+00
9.135108750000000555e+00
9.118355000000001098e+00
9.096780000000000754e+00
9.082803750000000065e+00
9.042276250000000459e+00
8.969833750000001160e+00
8.897821249999999793e+00
8.801933749999999890e+00
8.717701249999999291e+00
8.652879999999999683e+00
8.557188749999999899e+00
8.468996250000000003e+00
8.381119999999999237e+00
8.256511250000000857e+00
8.078487499999999599e+00
7.738859999999999850e+00
7.352482499999999810e+00
7.001209999999999489e+00
4.071421249999999503e+01
4.809935000000000400e+02
1.130516249999999978e+01
9.411933750000001098e+00
8.476954999999998464e+00
7.473718749999999744e+00
7.004851249999999752e+00
4.435302500000000236e+02
1.830123749999999916e+01
1.327482500000000165e+01
1.137546250000000114e+01
1.043681250000000027e+01
9.715665000000001328e+00
9.326958749999999299e+00
9.025799999999998491e+00
8.648807500000000203e+00
7.855137500000000550e+00
2.303896250000000236e+02
2.254427500000000180e+02
1.235713750000000033e+01
1.050691249999999854e+01
9.951747499999999746e+00
9.499658750000000040e+00
8.963485000000000369e+00
8.273821250000001015e+00
1.096583750000000066e+02
1.016430000000000078e+01
8.890562499999999702e+00
2.250243750000000205e+02
1.217361249999999906e+01
9.193212499999999565e+00
1.237332499999999982e+02
1.161302499999999860e+01
5.631596249999999770e+01
1.292802499999999810e+01
6.897862500000000807e+01
6.200208750000000180e+01
1.069847500000000018e+01
9.074188749999999359e+00
4.114263750000000641e+01
4.461919999999999931e+01
3.407732500000000186e+01
1.122591249999999974e+01
3.689632499999999737e+01
2.778694999999999737e+01
3.124610000000000198e+01
2.812017499999999970e+01
2.451419999999999888e+01
2.366892499999999799e+01
2.258183749999999890e+01
2.105257500000000093e+01
2.012673749999999728e+01
1.943627500000000197e+01
1.894898750000000121e+01
1.798876249999999999e+01
1.761163750000000050e+01
1.742334999999999923e+01
1.706864999999999810e+01
1.649549999999999983e+01
1.602916250000000176e+01
1.508982500000000115e+01
1.406274999999999942e+01
1.356131249999999966e+01
1.327091250000000144e+01
1.332012499999999733e+01
1.342428750000000015e+01
1.356540000000000035e+01
1.373954999999999949e+01
1.367162499999999881e+01
1.361632499999999801e+01
1.355346250000000019e+01
1.340445000000000064e+01
1.329266249999999872e+01
1.323251250000000212e+01
1.315956249999999983e+01
1.304401249999999912e+01
1.264911250000000109e+01
1.228097499999999975e+01
1.187996249999999954e+01
1.133364999999999867e+01
1.067601250000000235e+01
9.942536249999999853e+00
9.530747499999998595e+00
9.379118749999999949e+00
9.199901249999998143e+00
9.000156249999999858e+00
8.734698749999999734e+00
8.499133749999998599e+00
8.348376250000001164e+00
7.927944999999999354e+00
7.096656249999999666e+00
6.671467499999999440e+00
6.246014999999999873e+00
6.285011250000000160e+00
6.380009999999999515e+00
6.445229999999999571e+00
6.507405000000000328e+00
6.618244999999999933e+00
6.546710000000000029e+00
6.474020000000000330e+00
6.555651249999999486e+00
6.686613750000000245e+00
6.840685000000000571e+00
6.965445000000000775e+00
7.183462499999999196e+00
7.469433750000000316e+00
7.612688750000000226e+00
7.786732499999999391e+00
7.893473750000000067e+00
7.839631249999999163e+00
7.396523749999999175e+00
7.184034999999999727e+00
7.458756250000000421e+00
6.698034999999999961e+00
5.898852499999999388e+00
1.380357500000000126e+00
1.359951249999999945e+00
1.328881249999999792e+00
6.865175000000000027e-01
7.092637499999999706e-01
