1.445479999999999876e+01
1.721089999999999876e+01
1.175637500000000024e+01
9.902895000000000891e+00
8.840829999999998634e+00
7.952648749999999822e+00
7.008116249999998715e+00
6.192887499999999434e+00
5.555012500000000131e+00
4.965452500000000491e+00
4.358542500000000430e+00
3.674037499999999845e+00
3.122271250000000276e+00
2.179206250000000011e+00
1.751731249999999962e+00
1.554782499999999956e+00
1.367768750000000200e+00
1.235279999999999934e+00
1.132948749999999949e+00
1.052516249999999820e+00
9.865901249999999845e-01
9.322405000000000275e-01
8.541893749999999175e-01
7.678051250000000882e-01
7.023667499999999286e-01
6.509978750000000591e-01
6.077337499999999615e-01
5.716452499999999937e-01
5.408671250000000041e-01
5.146952500000000486e-01
4.909321250000000525e-01
4.700550000000000006e-01
4.511421250000000605e-01
4.339738749999999534e-01
4.121342500000000353e-01
3.863706250000000231e-01
3.642893749999999153e-01
3.452425000000000077e-01
3.308597499999999525e-01
3.226100000000000634e-01
3.120956249999999876e-01
2.981057500000000582e-01
2.854510000000000103e-01
2.743823750000000117e-01
2.635874999999999746e-01
2.565452500000000025e-01
2.520366249999999586e-01
2.475697500000000051e-01
2.431017500000000053e-01
2.401743749999999955e-01
2.387970000000000093e-01
2.374444999999999750e-01
2.360722499999999835e-01
2.346998750000000022e-01
2.333373749999999858e-01
2.319663749999999747e-01
2.305951250000000119e-01
2.292369999999999686e-01
2.278656249999999606e-01
2.265058749999999954e-01
2.251383750000000017e-01
2.237714999999999566e-01
2.224008749999999979e-01
2.210367499999999763e-01
2.186361250000000145e-01
2.152264999999999873e-01
2.118131250000000187e-01
2.083882500000000249e-01
2.041537499999999949e-01
1.991674999999999973e-01
1.941446249999999873e-01
1.890667499999999779e-01
1.840341249999999929e-01
1.780516250000000189e-01
1.710283750000000103e-01
1.639861249999999826e-01
1.579649999999999943e-01
1.526826249999999885e-01
1.482866250000000052e-01
1.436038750000000197e-01
1.385101250000000117e-01
1.341032500000000072e-01
1.300058749999999930e-01
1.264102500000000018e-01
1.228656250000000200e-01
1.191303750000000106e-01
1.155367500000000075e-01
1.123116249999999983e-01
1.093707500000000027e-01
1.074832500000000024e-01
1.063002500000000128e-01
1.041397500000000031e-01
9.879096249999999579e-02
9.261928749999999433e-02
8.829367499999998814e-02
8.033531249999999180e-02
7.400771250000000301e-02
7.077601249999999899e-02
6.671102500000000712e-02
6.391321249999999676e-02
6.263676249999999834e-02
6.176691249999999994e-02
6.064687499999999593e-02
5.992121250000000121e-02
5.826860000000000372e-02
5.686559999999998838e-02
5.708216249999999853e-02
5.958451250000000587e-02
6.357908749999999221e-02
6.770539999999999892e-02
7.564181250000000245e-02
8.504688750000000130e-02
9.649870000000000669e-02
1.166926250000000082e-01
1.540002500000000052e-01
2.683189999999999742e-01
4.863408750000000058e-01
1.036591249999999853e+00
3.210719999999999885e+01
3.681815000000000282e+02
5.140457499999999680e-01
1.649791250000000042e-01
2.161551249999999758e-01
6.643546250000000875e-01
2.092141250000000063e+00
3.300536249999999541e+02
2.700727500000000170e+00
8.477952500000001113e-01
3.621633750000000096e-01
2.065367499999999912e-01
1.400728749999999856e-01
1.330798749999999864e-01
1.437104999999999910e-01
1.877537499999999970e-01
4.312358749999999907e-01
1.674909999999999854e+02
1.500608749999999816e+02
5.070274999999999643e-01
1.716213750000000204e-01
1.274038749999999998e-01
1.193207499999999893e-01
1.476269999999999805e-01
2.759178749999999791e-01
7.050507500000000505e+01
1.221501249999999983e-01
1.859123749999999631e-01
1.488011250000000132e+02
4.598118749999999810e-01
1.428181249999999902e-01
7.647102499999999736e+01
2.206457499999999738e-01
3.135761249999999833e+01
1.584222500000000089e+00
3.718177500000000180e+01
3.288043749999999932e+01
1.000717125000000207e-01
1.577283750000000040e-01
1.835793749999999847e+01
2.025931250000000006e+01
1.251327500000000015e+01
6.201955000000000662e-02
1.404981249999999982e+01
6.296571249999999509e+00
7.617768750000000644e+00
5.989121250000000174e+00
4.187716250000000251e+00
3.800025000000000208e+00
3.333858750000000093e+00
2.703759999999999941e+00
2.366258750000000077e+00
2.116683749999999975e+00
1.940553749999999855e+00
1.597342499999999887e+00
1.477379999999999916e+00
1.424800000000000066e+00
1.325730000000000075e+00
1.165657499999999791e+00
1.035403749999999956e+00
7.783592499999999470e-01
5.367723749999999683e-01
4.399597500000000383e-01
3.617219999999999880e-01
3.022827499999999890e-01
2.540307499999999719e-01
2.270463749999999670e-01
1.951629999999999754e-01
1.513007499999999839e-01
1.349708749999999902e-01
1.208006250000000226e-01
9.669608749999999975e-02
8.419952500000001117e-02
7.898486250000000264e-02
7.458933750000000529e-02
6.927478749999999019e-02
5.755348750000000013e-02
4.934662500000000507e-02
4.534609999999999336e-02
4.143146250000000197e-02
4.040541249999999446e-02
4.091988750000000175e-02
4.128143749999999695e-02
4.144243749999999837e-02
4.163852499999999568e-02
4.187542500000000084e-02
4.087796250000000353e-02
3.922592500000000176e-02
3.811247499999999289e-02
3.587399999999999617e-02
3.413193750000000082e-02
3.246107499999999202e-02
2.900936249999999661e-02
2.640548749999999806e-02
2.527458750000000087e-02
2.449818750000000087e-02
2.360161249999999725e-02
2.138087499999999710e-02
1.839203749999999971e-02
1.602483749999999985e-02
1.450532500000000120e-02
1.358561250000000012e-02
1.297061249999999916e-02
1.247261250000000071e-02
1.160236249999999948e-02
9.096627499999999228e-03
6.592123749999999685e-03
5.277855000000000567e-03
4.161503750000000029e-03
2.180085000000000443e-03
1.481036249999999896e-03
1.150493749999999867e-03
1.352036250000000122e-03
1.759221249999999917e-03
2.204099999999999636e-03
6.741699999999999776e-04
7.008037499999999901e-04
7.413450000000000248e-04
3.750000000000000078e-04
3.750000000000000078e-04
