2.864729999999999777e+01
3.793719999999999715e+01
2.917839999999999989e+01
2.662406250000000085e+01
2.530438750000000070e+01
2.430695000000000050e+01
2.337896249999999654e+01
2.270489999999999853e+01
2.229196250000000035e+01
2.202071249999999836e+01
2.188398749999999993e+01
2.202647499999999781e+01
2.248647500000000221e+01
2.560393749999999713e+01
2.913647499999999724e+01
3.274661249999999768e+01
3.856240000000000379e+01
4.565428750000000235e+01
5.452491250000000633e+01
6.551547500000000923e+01
7.945557500000001028e+01
9.707206250000000125e+01
1.406083750000000236e+02
2.286978750000000105e+02
3.197433750000000146e+02
3.465588749999999436e+02
2.943507500000000050e+02
2.174441249999999854e+02
1.554732500000000073e+02
1.138518750000000068e+02
8.677998750000000427e+01
6.884938750000000596e+01
5.641340000000000288e+01
4.745293750000000443e+01
3.842906250000000057e+01
3.031102500000000077e+01
2.510604999999999976e+01
2.144057500000000260e+01
1.934996250000000018e+01
1.822305000000000064e+01
1.681062500000000171e+01
1.528637499999999960e+01
1.406261250000000018e+01
1.309057499999999941e+01
1.227629999999999910e+01
1.174826249999999916e+01
1.141781250000000014e+01
1.113610000000000255e+01
1.086189999999999856e+01
1.067851250000000007e+01
1.058646250000000144e+01
1.049608749999999979e+01
1.040439999999999898e+01
1.031271249999999995e+01
1.022166249999999899e+01
1.013406249999999886e+01
1.005630000000000024e+01
9.979727500000000973e+00
9.902414999999999523e+00
9.825758749999998543e+00
9.748666250000001199e+00
9.672967499999998608e+00
9.605507500000001642e+00
9.539806249999999821e+00
9.424210000000000420e+00
9.262786249999999555e+00
9.118003749999999741e+00
8.975600000000000023e+00
8.780366250000000150e+00
8.543202499999999588e+00
8.328061249999999305e+00
8.131285000000000096e+00
7.954883749999999587e+00
7.740537500000000293e+00
7.486514999999999809e+00
7.265478749999999764e+00
7.073928749999999432e+00
6.911066249999999300e+00
6.790042500000000203e+00
6.652823749999999592e+00
6.508661249999999399e+00
6.400743750000000176e+00
6.304773749999999843e+00
6.216812500000000519e+00
6.126761250000000381e+00
6.040626250000000752e+00
5.963726249999999673e+00
5.891277500000000167e+00
5.823672499999999808e+00
5.783852500000000063e+00
5.760225000000000151e+00
5.716951250000000151e+00
5.604996249999999236e+00
5.477482499999999810e+00
5.388054999999999595e+00
5.242026249999999443e+00
5.123211249999999772e+00
5.062376249999999800e+00
4.981860000000000177e+00
4.923832500000000501e+00
4.893384999999999430e+00
4.868001249999999835e+00
4.838132500000000391e+00
4.820271250000000229e+00
4.774698749999999769e+00
4.705905000000000449e+00
4.651137499999999925e+00
4.595527500000001098e+00
4.557425000000000281e+00
4.532523750000000184e+00
4.501912500000000428e+00
4.478399999999999714e+00
4.457787499999999348e+00
4.431181249999999849e+00
4.391210000000000946e+00
4.291072500000000289e+00
4.757746250000000288e+00
4.516738750000000024e+00
4.446762500000000173e+00
4.405775000000000219e+00
4.369652499999999939e+00
4.335037499999999433e+00
4.305731250000000010e+00
4.284975000000000200e+00
4.275856250000000358e+00
4.265681250000000091e+00
4.255477499999999580e+00
4.248398750000000668e+00
4.239530000000000243e+00
4.228983750000000263e+00
4.214787499999999909e+00
4.204253750000000345e+00
4.195593750000000455e+00
4.185796250000000107e+00
4.170401250000000282e+00
4.153674999999999784e+00
4.137093750000000014e+00
4.118458750000000279e+00
4.097337500000000077e+00
4.081815000000000637e+00
4.064152500000000501e+00
4.040196250000000155e+00
4.014090000000000380e+00
3.919637500000000330e+00
3.723799999999999777e+00
5.241993749999999785e+00
4.357568749999999547e+00
3.945912499999999934e+00
3.650005000000000610e+00
3.206592499999999735e+00
2.513057499999999944e+00
3.415052499999999469e+01
5.070288749999999567e+00
4.571812500000000057e+00
1.001709499999999942e+01
4.818890000000000562e+00
4.661342499999999944e+00
4.508185000000000109e+00
2.729152500000000359e+01
3.759100000000000108e+01
4.528231250000000152e+00
7.523703750000000134e+00
9.286993750000000603e+00
5.120717500000000477e+00
7.241984999999999673e+00
7.719682500000000225e+00
5.716113749999999882e+00
1.100076250000000044e+01
6.263959999999999972e+00
7.517538749999999936e+00
5.038881250000000200e+00
5.771530000000000271e+00
5.352060000000000706e+00
5.691518750000000182e+00
5.061678750000000448e+00
6.856961250000000341e+00
8.209005000000001218e+00
5.333317500000000599e+00
6.009634999999999394e+00
5.894631250000000655e+00
6.230921249999999745e+00
6.376676250000000046e+00
6.400967499999999255e+00
6.443968749999999801e+00
6.499873749999999895e+00
6.571677499999999839e+00
6.637097500000000316e+00
6.660097500000000892e+00
6.684137500000000287e+00
6.728575000000000195e+00
6.755630000000000024e+00
6.774493749999999537e+00
6.850613749999999058e+00
7.027976250000000036e+00
7.232603749999999998e+00
7.253566250000000437e+00
7.283062500000000661e+00
7.287510000000000154e+00
7.193248750000000413e+00
6.861399999999999721e+00
6.613638749999999789e+00
6.503297500000000397e+00
6.371371250000000153e+00
6.265881249999999625e+00
6.155337499999999906e+00
6.062976250000000178e+00
6.001856249999999449e+00
5.873633749999999765e+00
5.780423750000000638e+00
5.671145000000000103e+00
5.472386249999999563e+00
5.321531250000000490e+00
5.255521250000000144e+00
5.210609999999999076e+00
5.154242500000000504e+00
5.020345000000000724e+00
4.824324999999999974e+00
4.635299999999999976e+00
4.499039999999999928e+00
4.405122500000000052e+00
4.328053750000000477e+00
4.265643750000000622e+00
4.156587499999999658e+00
3.857198749999999787e+00
3.350293750000000070e+00
2.999855000000000160e+00
2.740750000000000242e+00
2.183122499999999633e+00
1.893791250000000037e+00
1.917982499999999924e+00
2.157869999999999955e+00
2.447717500000000435e+00
2.614852500000000024e+00
6.522737499999999855e-01
6.456100000000000172e-01
6.326300000000000257e-01
2.975849999999999884e-01
2.804449999999999998e-01
