1.246005000000000000e+05
1.487445000000000000e+05
1.019522500000000000e+05
8.611188749999999709e+04
7.705966250000000582e+04
6.951043750000000000e+04
6.151213749999999709e+04
5.464838749999999709e+04
4.932008750000000146e+04
4.440119999999999709e+04
3.941046250000000146e+04
3.389661250000000291e+04
2.958428750000000218e+04
2.300849999999999636e+04
2.065193750000000000e+04
2.009667500000000291e+04
2.013577500000000146e+04
2.081781250000000000e+04
2.205717500000000291e+04
2.381986249999999927e+04
2.618018750000000000e+04
2.919316249999999854e+04
3.637782499999999709e+04
4.940597499999999127e+04
5.944157500000000437e+04
5.650676250000000437e+04
4.239696250000000146e+04
2.766720000000000437e+04
1.749370000000000073e+04
1.137113749999999891e+04
7.732893749999999272e+03
5.507877499999998690e+03
4.070382500000000164e+03
3.101099999999999909e+03
2.197904999999999745e+03
1.455418750000000045e+03
1.027513750000000073e+03
7.529071249999999509e+02
6.081196250000000418e+02
5.344802500000000691e+02
4.469851249999999823e+02
3.584928750000000264e+02
2.925571249999999850e+02
2.440216250000000002e+02
2.058216250000000400e+02
1.823893750000000011e+02
1.680678749999999866e+02
1.565300000000000011e+02
1.454277500000000032e+02
1.381308750000000032e+02
1.346641250000000127e+02
1.312588749999999891e+02
1.278036249999999967e+02
1.243491250000000008e+02
1.209188749999999999e+02
1.176728749999999906e+02
1.149293749999999932e+02
1.122341249999999775e+02
1.095136250000000047e+02
1.068161249999999995e+02
1.041032499999999885e+02
1.014571250000000191e+02
9.921059999999999945e+01
9.704416249999999877e+01
9.323232499999997458e+01
8.794437500000000796e+01
8.341578749999999332e+01
7.900251250000000880e+01
7.317278749999999832e+01
6.634147500000000264e+01
6.042579999999999529e+01
5.525105000000000643e+01
5.081466250000000429e+01
4.573622500000000457e+01
3.996751249999999800e+01
3.528414999999999679e+01
3.147683750000000202e+01
2.840701250000000400e+01
2.625438749999999644e+01
2.392449999999999477e+01
2.162562499999999943e+01
2.002633749999999679e+01
1.863881250000000023e+01
1.742901250000000246e+01
1.624453749999999985e+01
1.516491249999999980e+01
1.424306249999999885e+01
1.341842500000000094e+01
1.267600000000000193e+01
1.225772500000000065e+01
1.201729999999999876e+01
1.157806249999999970e+01
1.052236249999999984e+01
9.413333749999999611e+00
8.712714999999999321e+00
7.697942499999999910e+00
6.960356249999999356e+00
6.628012499999999640e+00
6.224601250000000086e+00
5.961751249999998947e+00
5.835069999999999979e+00
5.748317499999999747e+00
5.757321249999999502e+00
5.719392500000000545e+00
5.400478749999999550e+00
5.162446249999999459e+00
5.006576250000000172e+00
4.869091250000000315e+00
4.786466250000000144e+00
4.737052499999999888e+00
4.683924999999999450e+00
4.649617500000000625e+00
4.627262500000000500e+00
4.613855000000000928e+00
4.651909999999999989e+00
1.974638750000000087e+01
1.913765000000000072e+01
5.128266249999999360e+00
4.641458750000000855e+00
5.403792499999999777e+00
4.447175000000000544e+00
4.387887499999999719e+00
4.350218749999999801e+00
4.325667499999999777e+00
4.315340000000000842e+00
4.304003749999999684e+00
4.292955000000000076e+00
4.285379999999999967e+00
4.276205000000000034e+00
4.265353750000000055e+00
4.250747500000000123e+00
4.240375000000000227e+00
4.232140000000000235e+00
4.223007499999999581e+00
4.211842500000000378e+00
4.447612499999999969e+00
4.190016249999999332e+00
4.163103749999999437e+00
4.149588750000000381e+00
4.197036250000000024e+00
4.898802500000000393e+00
4.117162500000000058e+00
4.082608750000000342e+00
4.531328750000000127e+00
3.980432499999999596e+00
4.427257499999999624e+01
4.979894999999999960e+00
4.128784999999999705e+00
3.865486250000000013e+00
3.696016249999999559e+00
4.020887499999999726e+00
1.425668750000000102e+02
5.528739999999999988e+00
1.338633749999999978e+01
4.303345000000000198e+01
4.911782500000000162e+00
4.717818750000000172e+00
7.951698749999999372e+00
4.396946249999999878e+01
5.637406249999999375e+01
4.786843750000000064e+00
1.889182500000000076e+01
2.018903750000000130e+01
8.309303749999999766e+00
1.113336250000000049e+01
1.139072499999999977e+01
1.173956249999999990e+01
1.429683750000000053e+01
8.243040000000000589e+00
9.473623749999999788e+00
5.424811249999998530e+00
7.351829999999998755e+00
6.465143749999999301e+00
6.952658750000000332e+00
5.969142499999999352e+00
7.789741249999999617e+00
9.354597500000000565e+00
5.604029999999999845e+00
6.713176250000000067e+00
6.312547499999999978e+00
6.619657499999999750e+00
7.039456250000000637e+00
7.346129999999999605e+00
7.277508749999999083e+00
7.222855000000000025e+00
7.200087500000000418e+00
7.189865000000000173e+00
7.188258749999999253e+00
7.188060000000000116e+00
7.188657500000000589e+00
7.189608750000000548e+00
7.195854999999999890e+00
7.261501249999999352e+00
7.425803750000000036e+00
7.600803750000000747e+00
7.596346249999999856e+00
7.590075000000000571e+00
7.558754999999999669e+00
7.493141250000000753e+00
7.422722500000000778e+00
7.372351250000000356e+00
7.349919999999999121e+00
7.322568750000000293e+00
7.288853750000000353e+00
7.242451249999999341e+00
7.200697500000000417e+00
7.172638749999999952e+00
7.115446249999999750e+00
7.070880000000000720e+00
7.025329999999999409e+00
6.943716250000000478e+00
6.878551250000000117e+00
6.845987500000000558e+00
6.823528749999999476e+00
6.796804999999999097e+00
6.731266249999999118e+00
6.627269999999999328e+00
6.513757499999999645e+00
6.422796250000000207e+00
6.350467500000000598e+00
6.288278750000000805e+00
6.237922499999999815e+00
6.149922499999999737e+00
5.887477500000000141e+00
5.405527500000000707e+00
5.050688749999999949e+00
4.788863749999999975e+00
4.301528750000001011e+00
4.065294999999999881e+00
4.073258749999999928e+00
4.222088749999999280e+00
4.419567500000000315e+00
4.547442499999999832e+00
1.138002499999999806e+00
1.132463749999999880e+00
1.120664999999999800e+00
5.413962500000000233e-01
5.230774999999999730e-01
