1.245718750000000000e+05
1.487062500000000000e+05
1.019231250000000000e+05
8.608526249999999709e+04
7.703438749999999709e+04
6.948608749999999418e+04
6.148875000000000000e+04
5.462571249999999418e+04
4.929780000000000291e+04
4.437919999999999709e+04
3.938856250000000000e+04
3.387459999999999854e+04
2.956179999999999927e+04
2.298289999999999782e+04
2.062278750000000218e+04
2.006393750000000000e+04
2.009721250000000146e+04
2.077217499999999927e+04
2.200263750000000437e+04
2.375433749999999782e+04
2.610072499999999854e+04
2.909610000000000218e+04
3.623720000000000437e+04
4.917728749999999854e+04
5.912181250000000728e+04
5.616021249999999418e+04
4.210263750000000437e+04
2.744977499999999782e+04
1.733822500000000218e+04
1.125728750000000218e+04
7.646112500000001091e+03
5.439028750000000400e+03
4.013968750000000000e+03
3.053647500000000036e+03
2.159476250000000164e+03
1.425107499999999845e+03
1.002408749999999941e+03
7.314666250000000218e+02
5.887698750000000700e+02
5.162569999999999482e+02
4.301744999999999663e+02
3.432066249999999741e+02
2.784946250000000418e+02
2.309309999999999832e+02
1.935453750000000070e+02
1.706408749999999657e+02
1.566501250000000027e+02
1.453941250000000025e+02
1.345657499999999800e+02
1.274523749999999893e+02
1.240775000000000006e+02
1.207628750000000082e+02
1.173990000000000009e+02
1.140367499999999978e+02
1.106970000000000027e+02
1.075388750000000186e+02
1.048729999999999905e+02
1.022546250000000043e+02
9.961117500000000291e+01
9.699031249999998749e+01
9.435458749999999384e+01
9.178414999999999679e+01
8.960511249999998995e+01
8.750436249999999916e+01
8.380811250000000712e+01
7.868160000000000309e+01
7.429778749999999832e+01
7.002689999999999770e+01
6.439242500000000291e+01
5.779827500000000384e+01
5.209775000000000489e+01
4.711976250000000022e+01
4.285978750000000304e+01
3.799569999999999936e+01
3.248096250000000396e+01
2.801867499999999822e+01
2.440291249999999934e+01
2.149595000000000056e+01
1.946433750000000273e+01
1.727168749999999875e+01
1.511696249999999964e+01
1.362561250000000079e+01
1.233405000000000129e+01
1.121222500000000011e+01
1.011780000000000079e+01
9.124276249999999422e+00
8.279331249999998477e+00
7.527142500000000069e+00
6.852314999999999934e+00
6.473853750000000851e+00
6.257058750000001446e+00
5.861116250000000250e+00
4.917365000000000208e+00
3.935852500000000198e+00
3.324658749999999774e+00
2.455915000000000070e+00
1.837145000000000028e+00
1.565637500000000015e+00
1.242742500000000083e+00
1.037918750000000001e+00
9.416858749999998945e-01
8.803155000000000285e-01
9.191910000000000913e-01
8.991197499999998843e-01
6.257802499999999268e-01
4.565394999999999870e-01
3.554375000000000173e-01
2.735628749999999831e-01
2.290412499999999740e-01
2.045318750000000019e-01
1.820122500000000143e-01
1.712196249999999864e-01
1.694747500000000073e-01
1.826711250000000175e-01
2.606987499999999791e-01
1.545531250000000156e+01
1.437993750000000048e+01
6.115282499999999954e-01
1.946982499999999894e-01
9.980167500000000080e-01
7.752493750000000183e-02
5.284668749999999610e-02
4.448638749999999503e-02
4.069378749999999489e-02
3.948329999999999895e-02
3.832432499999999936e-02
3.747709999999999930e-02
3.698123749999999987e-02
3.667396249999999719e-02
3.636916249999999629e-02
3.595956250000000021e-02
3.611971249999999800e-02
3.654503750000000217e-02
3.720981250000000157e-02
4.144016250000000234e-02
2.939401249999999965e-01
5.292347499999999760e-02
4.464417500000000122e-02
5.225380000000000302e-02
1.152201250000000066e-01
8.346498749999999855e-01
7.696612499999999635e-02
6.851827500000000348e-02
6.116891249999999447e-01
2.566328749999999825e-01
3.903057499999999891e+01
6.223261250000000633e-01
1.828731250000000252e-01
2.154806250000000090e-01
4.894242500000000051e-01
1.507826249999999924e+00
1.084163750000000164e+02
4.584516250000000293e-01
8.814529999999999532e+00
3.301635000000000275e+01
9.289466250000000258e-02
5.647489999999999455e-02
3.443512499999999754e+00
1.667791250000000147e+01
1.878306249999999977e+01
2.586113750000000322e-01
1.136812499999999915e+01
1.090203750000000049e+01
3.188583749999999828e+00
3.891381249999999792e+00
3.671040000000000081e+00
6.023452500000000320e+00
3.296093749999999822e+00
1.979078749999999998e+00
1.956086250000000026e+00
3.859296249999999984e-01
1.580301249999999769e+00
1.113083749999999927e+00
1.261141249999999880e+00
9.074640000000000484e-01
9.327821249999999065e-01
1.145592500000000236e+00
2.707114999999999938e-01
7.035425000000000706e-01
4.179160000000000097e-01
3.887367499999999643e-01
6.627792499999999309e-01
9.451635000000001563e-01
8.335408749999999589e-01
7.229810000000000958e-01
6.284126249999999470e-01
5.527661249999999971e-01
5.281592499999999690e-01
5.039232499999999337e-01
4.600812499999999972e-01
4.339792500000000386e-01
4.213633750000000955e-01
4.108867499999999673e-01
3.978264999999999718e-01
3.681983750000000222e-01
3.427791249999999623e-01
3.070128749999999629e-01
2.712438750000000232e-01
2.488812499999999706e-01
1.940748750000000078e-01
1.627852499999999925e-01
1.488498750000000204e-01
1.322799999999999809e-01
1.210702500000000181e-01
1.108641250000000078e-01
1.019920000000000132e-01
9.640926250000000919e-02
8.725622500000000670e-02
8.199805000000000288e-02
7.598887500000001127e-02
6.667982499999999813e-02
6.082532500000000647e-02
5.882613750000000030e-02
5.735183750000000247e-02
5.518332499999999835e-02
5.057552500000001006e-02
4.493001249999999808e-02
4.103459999999999747e-02
3.932087499999999819e-02
3.916222500000000190e-02
3.932916250000000058e-02
3.946428750000000041e-02
3.970049999999999968e-02
4.239785000000000081e-02
5.090746250000000028e-02
6.015159999999999951e-02
6.572680000000000189e-02
4.285192499999999904e-02
1.544826250000000054e-02
6.534451250000000017e-03
1.186419999999999879e-03
2.797171250000000074e-04
4.102205000000000478e-04
2.395538750000000155e-04
2.495938749999999668e-04
2.500000000000000052e-04
1.250000000000000026e-04
1.250000000000000026e-04
