1.096323750000000018e+03
1.305920000000000073e+03
8.925489999999999782e+02
7.521701249999999845e+02
6.717661250000001019e+02
6.045566249999999400e+02
5.331243749999999864e+02
4.715166249999999764e+02
4.233578750000000355e+02
3.789011250000000359e+02
3.332044999999999959e+02
2.818025000000000091e+02
2.405112499999999613e+02
1.707280000000000086e+02
1.396042499999999791e+02
1.256293749999999960e+02
1.125775000000000006e+02
1.034861250000000013e+02
9.671039999999999281e+01
9.158826250000001323e+01
8.751488750000000039e+01
8.416967499999999802e+01
7.972118749999999920e+01
7.525658750000000907e+01
7.242512499999999420e+01
7.051800000000000068e+01
6.933559999999999945e+01
6.880771250000000805e+01
6.877797500000001207e+01
6.908315000000000339e+01
6.973137499999999989e+01
7.075489999999999213e+01
7.207845000000000368e+01
7.371885000000000332e+01
7.693642499999999984e+01
8.248879999999999768e+01
8.935511250000000416e+01
9.827713749999999493e+01
1.065471249999999941e+02
1.130510000000000019e+02
1.245161249999999882e+02
1.436231250000000159e+02
1.681221250000000111e+02
2.024913750000000050e+02
2.513123749999999745e+02
3.017163749999999709e+02
3.459477499999999850e+02
4.011676250000000437e+02
4.722743749999999636e+02
5.308572499999999081e+02
5.714872500000000173e+02
6.175771250000000236e+02
6.684622500000000400e+02
7.279866250000000036e+02
7.935717500000000655e+02
8.692288750000000164e+02
9.570102499999999281e+02
1.053823750000000018e+03
1.169816249999999854e+03
1.295231250000000045e+03
1.443707500000000209e+03
1.613218750000000000e+03
1.805266249999999900e+03
2.019079999999999927e+03
2.450673749999999927e+03
3.129428750000000036e+03
3.777236249999999927e+03
4.219677499999999782e+03
4.147298749999999927e+03
3.087361249999999927e+03
1.837838750000000118e+03
1.031961249999999836e+03
6.192083750000000464e+02
3.543776249999999663e+02
1.979816250000000082e+02
1.243697499999999820e+02
8.479117499999999552e+01
6.212920000000000442e+01
4.960436249999999347e+01
3.847728749999999565e+01
2.944727499999999765e+01
2.382369999999999877e+01
1.986678749999999738e+01
1.675311249999999674e+01
1.406077499999999958e+01
1.185007500000000036e+01
1.016186249999999980e+01
8.747710000000001429e+00
7.607759999999999856e+00
6.985458750000000272e+00
6.626470000000000304e+00
6.057650000000000645e+00
4.764554999999999652e+00
3.519694999999999574e+00
2.819086250000000238e+00
1.933207499999999968e+00
1.382538749999999705e+00
1.148419999999999774e+00
8.949587500000000251e-01
7.383753750000000560e-01
6.671752499999999975e-01
6.121052500000000451e-01
5.526272500000000143e-01
5.212051250000000469e-01
4.411306249999999984e-01
3.380336250000000042e-01
2.723358750000000050e-01
2.179523750000000037e-01
1.867827499999999974e-01
1.690135000000000109e-01
1.500042500000000056e-01
1.372533750000000108e-01
1.278768750000000010e-01
1.181968749999999929e-01
1.085073749999999893e-01
9.826168750000000007e-02
9.163124999999999742e-02
8.702184999999999782e-02
8.191543749999999346e-02
7.603111249999999766e-02
6.904687499999999367e-02
6.239637499999999698e-02
5.773871249999999733e-02
5.602382499999999932e-02
5.645277499999999671e-02
6.249662500000000009e-02
1.010005499999999945e-01
1.161833749999999998e+00
5.142873749999999911e-01
6.787859999999999727e-02
5.611102500000000187e-02
5.626101249999999887e-02
5.811992500000000283e-02
6.239713749999999809e-02
7.562922499999999437e-02
1.200072499999999959e-01
4.275612500000000038e-01
1.225121249999999939e+01
7.935104999999999187e+00
3.163925000000000209e-01
1.355702500000000033e-01
1.111455000000000082e-01
8.039528749999999557e-02
4.263648750000000043e-02
3.782878750000000234e-02
4.257901249999999915e-02
1.481890000000000152e-01
1.945202499999999946e+00
4.109263750000000104e-02
3.762406249999999952e-02
4.103743749999999579e-02
9.911467500000001318e-02
7.632184999999999775e+00
9.577129999999998977e-02
1.182527499999999954e+00
1.578763749999999855e-01
2.749787499999999940e-01
1.327606250000000010e+01
8.658948750000000416e+01
3.486503750000000124e-01
7.089458749999999476e-02
5.898681249999999932e-02
1.954038749999999780e+01
1.003017499999999984e+01
6.528128749999999592e+00
5.558872499999999661e+00
1.805731250000000010e+00
5.486211250000000206e+00
1.101467500000000044e+00
3.849151250000000246e+00
1.964882499999999865e+00
3.622314999999999952e+00
2.356105000000000338e+00
2.936205000000000176e+00
2.177216249999999409e+00
2.281594999999999818e+00
2.066506250000000211e+00
2.107770000000000366e+00
1.834896249999999895e+00
1.564498750000000049e+00
1.435606250000000195e+00
1.317254999999999843e+00
1.171872499999999873e+00
1.012887499999999941e+00
8.817676250000000548e-01
7.562384999999999247e-01
6.609053750000000171e-01
6.296768750000000248e-01
5.986741250000000569e-01
5.420166250000000296e-01
5.073702499999999116e-01
4.898673749999999383e-01
4.723973750000000082e-01
4.479511250000000055e-01
3.979484999999999828e-01
3.552732500000000404e-01
3.131391250000000182e-01
2.695359999999999978e-01
2.302652500000000046e-01
1.862425000000000053e-01
1.581233749999999827e-01
1.510916250000000072e-01
1.425278750000000261e-01
1.321825000000000083e-01
1.222872500000000140e-01
1.157264999999999822e-01
1.113053750000000119e-01
1.024546249999999936e-01
9.466581250000000169e-02
8.765175000000000050e-02
8.081599999999999895e-02
7.759608749999999389e-02
7.579381249999998793e-02
7.444258750000000424e-02
7.282905000000000628e-02
6.914660000000000251e-02
6.600170000000001036e-02
6.390998750000000117e-02
6.245531250000000562e-02
6.137409999999999394e-02
5.985852500000000270e-02
5.860857499999999609e-02
5.678543750000000778e-02
5.044390000000000679e-02
3.962847500000000328e-02
3.216022500000000062e-02
2.633903750000000238e-02
1.518406250000000138e-02
8.226241249999998589e-03
4.495577500000000337e-03
1.585258750000000019e-03
1.049887499999999953e-03
1.042346250000000070e-03
2.249577500000000062e-04
2.097993750000000076e-04
1.859751249999999959e-04
5.633537500000000101e-05
3.320562500000000109e-05
