1.103204999999999927e+03
1.314920000000000073e+03
8.993840000000000146e+02
7.583551250000000437e+02
6.776072499999999081e+02
6.101296249999999191e+02
5.384367500000000746e+02
4.766240000000000236e+02
4.283214999999999577e+02
3.837451249999999732e+02
3.379376249999999686e+02
2.864282499999999345e+02
2.450620000000000118e+02
1.751753749999999741e+02
1.440110000000000241e+02
1.300178750000000036e+02
1.169476250000000022e+02
1.078414999999999964e+02
1.010531250000000085e+02
9.591932500000000061e+01
9.183502500000001589e+01
8.847930000000000916e+01
8.401303749999999582e+01
7.952342500000000314e+01
7.666691249999999513e+01
7.473431250000000148e+01
7.352573750000000530e+01
7.297067499999999995e+01
7.291269999999998674e+01
7.318857500000000016e+01
7.380636249999999166e+01
7.479802499999999554e+01
7.608837499999999920e+01
7.769388750000000243e+01
8.085578749999999104e+01
8.632585000000000264e+01
9.310269999999999868e+01
1.019237499999999983e+02
1.101094999999999970e+02
1.165533750000000026e+02
1.279206250000000011e+02
1.468830000000000098e+02
1.712183749999999804e+02
2.053988750000000039e+02
2.540043750000000102e+02
3.042301249999999868e+02
3.483365000000000009e+02
4.034322500000000105e+02
4.744213749999999550e+02
5.329286250000000109e+02
5.735227500000000873e+02
6.195854999999999109e+02
6.704507500000000846e+02
7.299712499999998272e+02
7.955668749999999818e+02
8.712573749999999109e+02
9.591057500000001710e+02
1.056014999999999873e+03
1.172166250000000218e+03
1.297772500000000036e+03
1.446538749999999936e+03
1.616428749999999809e+03
1.808977499999999964e+03
2.023423749999999927e+03
2.456553750000000036e+03
3.138378749999999854e+03
3.790131249999999909e+03
4.236813749999999345e+03
4.168984999999999673e+03
3.109800000000000182e+03
1.857042500000000018e+03
1.047612499999999955e+03
6.323640000000000327e+02
3.654618750000000205e+02
2.075172499999999900e+02
1.329894999999999925e+02
9.281831249999999045e+01
6.976026249999999607e+01
5.698646250000000180e+01
4.561332500000000323e+01
3.635722499999999968e+01
3.057668749999999847e+01
2.649846250000000225e+01
2.328049999999999997e+01
2.048986250000000098e+01
1.819101250000000292e+01
1.642954999999999899e+01
1.494902499999999890e+01
1.375126249999999928e+01
1.309546250000000178e+01
1.271653749999999938e+01
1.211431250000000048e+01
1.073725000000000129e+01
9.401160000000000849e+00
8.640017500000000794e+00
7.661396250000000130e+00
7.040203749999999872e+00
6.770081250000000495e+00
6.470881250000000584e+00
6.281492499999999701e+00
6.193423750000000005e+00
6.124319999999999098e+00
6.048318750000000854e+00
6.007222500000000132e+00
5.900807499999999983e+00
5.757444999999999702e+00
5.659406249999999972e+00
5.571026250000000068e+00
5.515887499999999832e+00
5.482402500000000067e+00
5.444107499999999433e+00
5.416782500000000944e+00
5.395372500000000571e+00
5.371882499999999006e+00
5.346858750000000882e+00
5.317581250000000814e+00
5.296695000000000597e+00
5.281967499999999482e+00
5.264401249999999699e+00
5.241457500000000103e+00
5.211077500000000029e+00
5.176360000000000738e+00
5.144878750000000167e+00
5.123376250000000631e+00
5.114921249999999198e+00
5.111057500000000253e+00
5.139514999999999390e+00
6.193461249999999474e+00
5.537019999999999165e+00
5.079936249999999376e+00
5.053465000000000096e+00
5.042367500000000113e+00
5.034647500000001052e+00
5.027305000000000135e+00
5.020191249999999883e+00
5.035731249999999548e+00
5.294931250000000311e+00
1.701535000000000153e+01
1.319203749999999964e+01
5.362955000000000361e+00
5.128249999999999531e+00
5.070277499999999549e+00
5.017738750000000358e+00
4.940372499999999611e+00
4.898028749999999931e+00
4.872756250000001010e+00
4.927386249999999634e+00
6.754828749999999715e+00
4.805028749999999960e+00
4.759114999999999540e+00
4.731105000000000338e+00
4.721391249999999928e+00
1.231577499999999858e+01
4.689921250000000263e+00
5.612121250000000394e+00
4.427523749999999758e+00
4.344739999999999824e+00
2.863592500000000030e+01
1.135031249999999972e+02
5.978901249999999834e+00
5.222021250000000059e+00
4.807186249999999994e+00
2.967150000000000176e+01
1.632701250000000215e+01
1.652656249999999716e+01
1.295057500000000061e+01
5.602891249999999879e+00
1.655768750000000011e+01
6.312155000000000626e+00
1.313561249999999880e+01
1.174217499999999959e+01
1.243720000000000070e+01
1.059332500000000010e+01
1.041267999999999994e+01
9.234567500000000706e+00
1.013986249999999956e+01
1.062085000000000079e+01
8.546545000000000059e+00
9.186353750000000318e+00
8.534203750000001421e+00
8.330876249999999317e+00
8.186051250000000223e+00
8.046153750000000215e+00
7.964406250000000576e+00
7.947693750000000001e+00
7.985532499999999700e+00
8.030162500000001202e+00
8.045778750000000201e+00
8.064941250000000394e+00
8.105529999999999902e+00
8.135803749999999113e+00
8.152876250000000269e+00
8.167616250000001799e+00
8.186761250000001766e+00
8.218836250000000732e+00
8.237476250000000277e+00
8.228545000000000442e+00
8.152403749999999505e+00
8.024226249999999894e+00
7.883231249999999690e+00
7.781907499999999089e+00
7.736784999999999357e+00
7.681827500000000697e+00
7.615441249999999940e+00
7.524831250000000082e+00
7.442812500000000497e+00
7.387537499999998758e+00
7.277023750000000568e+00
7.194784999999999542e+00
7.115572500000000744e+00
6.974027500000000046e+00
6.861778750000000038e+00
6.807927499999999910e+00
6.772417499999999535e+00
6.731415000000000148e+00
6.629704999999999515e+00
6.478434999999999278e+00
6.321727499999999722e+00
6.196623749999999653e+00
6.104723750000000670e+00
6.030083750000000187e+00
5.969642499999999963e+00
5.864020000000000010e+00
5.580209999999999226e+00
5.107636249999999656e+00
4.775434999999999874e+00
4.541258749999999900e+00
4.160568749999999483e+00
4.062068750000000783e+00
4.128793749999999818e+00
4.332711250000000014e+00
4.474050000000000082e+00
4.470550000000000246e+00
1.078613750000000149e+00
1.066816250000000021e+00
1.048858749999999951e+00
5.026387500000000230e-01
4.850875000000000048e-01
