6.881999999999999673e+00
9.001615000000001032e+00
6.834982499999998851e+00
6.185048750000000872e+00
5.841020000000000323e+00
5.573406249999999673e+00
5.312420000000000364e+00
5.107677500000000315e+00
4.963625000000000398e+00
4.843873750000000200e+00
4.733140000000000569e+00
4.625799999999999912e+00
4.550825000000000564e+00
4.447611249999999572e+00
4.406779999999999475e+00
4.388483749999999795e+00
4.370015000000000427e+00
4.355376249999999949e+00
4.342596249999999714e+00
4.331048749999999892e+00
4.320143749999998839e+00
4.309635000000000105e+00
4.291847500000000259e+00
4.266855000000000508e+00
4.241805000000000270e+00
4.216293750000000173e+00
4.190137500000000514e+00
4.162933749999999655e+00
4.134694999999999787e+00
4.105417500000000608e+00
4.074987499999999763e+00
4.043123750000001237e+00
4.009904999999999831e+00
3.975031249999999794e+00
3.919372500000000148e+00
3.837072500000000108e+00
3.747576249999999831e+00
3.646617500000000067e+00
3.562473749999999661e+00
3.502313749999999892e+00
3.404533749999999692e+00
3.259774999999999867e+00
3.096391249999999928e+00
2.907258749999999559e+00
2.692015000000000047e+00
2.513656249999999925e+00
2.388683749999999772e+00
2.264305000000000234e+00
2.146990000000000620e+00
2.071343750000000039e+00
2.035160000000000302e+00
2.008696250000000294e+00
1.988609999999999989e+00
1.984716249999999960e+00
1.995318749999999808e+00
2.028439999999999799e+00
2.095376250000000162e+00
2.190724999999999589e+00
2.348195000000000476e+00
2.542753750000000146e+00
2.828717500000000218e+00
3.211636250000000192e+00
3.710743749999999785e+00
4.342828749999999793e+00
5.880693750000000719e+00
8.950897499999999951e+00
1.289252499999999912e+01
1.713767499999999799e+01
2.168765000000000143e+01
2.243752500000000083e+01
1.920476250000000107e+01
1.565181250000000190e+01
1.315573749999999897e+01
1.108440000000000047e+01
9.535667500000000629e+00
8.619687500000001279e+00
8.027151249999999294e+00
7.631050000000000111e+00
7.382085000000000896e+00
7.136033750000000175e+00
6.909956250000000466e+00
6.752988749999999207e+00
6.631632500000000263e+00
6.527389999999999581e+00
6.429086250000000113e+00
6.340937500000000782e+00
6.267711250000000511e+00
6.201313750000000624e+00
6.143512499999999044e+00
6.110005000000000130e+00
6.090058749999999854e+00
6.056644999999999612e+00
5.972692499999999960e+00
5.881466249999999896e+00
5.820929999999999715e+00
5.728187500000000654e+00
5.657661250000000308e+00
5.621659999999999435e+00
5.575922499999999893e+00
5.543117500000000142e+00
5.526250000000000107e+00
5.512213750000000800e+00
5.495691250000000139e+00
5.486016250000000483e+00
5.459676249999999342e+00
5.419411249999999569e+00
5.387071250000000866e+00
5.353074999999999584e+00
5.329105000000000203e+00
5.313388749999999661e+00
5.294103749999998776e+00
5.279530000000000278e+00
5.267492499999999467e+00
5.253687499999999844e+00
5.238352499999999523e+00
5.219319999999999737e+00
5.205063750000000766e+00
5.194944999999999702e+00
5.182485000000000674e+00
5.165427499999999839e+00
5.142031250000000497e+00
5.113963749999999919e+00
5.087138750000000265e+00
5.067352500000000148e+00
5.058467499999999895e+00
5.048561250000000555e+00
5.038513749999999902e+00
5.031626250000000411e+00
5.022732500000000044e+00
5.012056249999999658e+00
4.997353750000000261e+00
4.986106249999999740e+00
4.976523750000000135e+00
4.964906250000000298e+00
4.944561250000000463e+00
4.915723750000000614e+00
4.867370000000000196e+00
4.764129999999999754e+00
5.256923749999999451e+00
5.046563749999999793e+00
4.992678749999999610e+00
4.959131249999999547e+00
4.937343750000000142e+00
4.897733749999999553e+00
4.860202499999999759e+00
4.830176250000000060e+00
4.779196250000000923e+00
4.809627500000000389e+00
4.763935000000000031e+00
4.721489999999999299e+00
4.690068750000000009e+00
4.622275000000000134e+00
4.683588749999999301e+00
4.594151249999999465e+00
4.429594999999999949e+00
4.269648749999999993e+00
4.069762499999999505e+00
1.535988750000000103e+01
2.691375000000000028e+01
5.630252500000000104e+00
5.151127500000000303e+00
4.748197499999999849e+00
1.013111500000000120e+01
6.296822500000000211e+00
9.998440000000000438e+00
7.391711250000000177e+00
3.797158750000000360e+00
1.107146249999999910e+01
5.210684999999999789e+00
9.286459999999998161e+00
9.777297499999999530e+00
8.814878750000000096e+00
8.237217499999999859e+00
7.476472499999999854e+00
7.057349999999999568e+00
7.858283750000000900e+00
8.554325000000000401e+00
6.438773750000000184e+00
7.351456250000000026e+00
6.969708749999999675e+00
6.895270000000000010e+00
6.868797500000000333e+00
6.874278750000000215e+00
6.951520000000000366e+00
7.065923749999999615e+00
7.229109999999999481e+00
7.367402499999999854e+00
7.413227500000000525e+00
7.462284999999999613e+00
7.557187500000000391e+00
7.620332499999999953e+00
7.653866249999999205e+00
7.684884999999998634e+00
7.726503750000000004e+00
7.800094999999999779e+00
7.851462499999999345e+00
7.868768750000000978e+00
7.805227499999999985e+00
7.628516249999999665e+00
7.192851250000000363e+00
6.811963750000000317e+00
6.706528749999999484e+00
6.578123750000000491e+00
6.423003750000000345e+00
6.266279999999999184e+00
6.134187499999999460e+00
6.030711250000000412e+00
5.855371250000000138e+00
5.719735000000000014e+00
5.579068750000000243e+00
5.374613749999999968e+00
5.218606249999999669e+00
5.141640000000000654e+00
5.089711249999999687e+00
5.023900000000000254e+00
4.877550000000000274e+00
4.676917500000000949e+00
4.485095000000000276e+00
4.311568749999999284e+00
4.196136249999999457e+00
4.091782500000000766e+00
4.010847499999999677e+00
3.878688750000000240e+00
3.523177500000000073e+00
2.994892500000000179e+00
2.655052500000000038e+00
2.401427500000000048e+00
2.000528749999999967e+00
1.906932499999999919e+00
1.977011249999999887e+00
2.209778749999999903e+00
2.425756249999999614e+00
2.486147499999999955e+00
5.922937500000000632e-01
5.812037500000000190e-01
5.638825000000000642e-01
2.612662499999999777e-01
2.453337499999999893e-01
