1.523381249999999909e+01
2.188398750000000348e+01
1.795029999999999859e+01
1.688400000000000034e+01
1.634443749999999795e+01
1.593713750000000218e+01
1.554958749999999945e+01
1.525047499999999978e+01
1.504165000000000063e+01
1.486774999999999913e+01
1.470537500000000186e+01
1.454329999999999856e+01
1.442413750000000050e+01
1.422540000000000049e+01
1.412093750000000014e+01
1.405742499999999851e+01
1.398191249999999997e+01
1.391373749999999809e+01
1.384897499999999937e+01
1.378736250000000041e+01
1.372760000000000069e+01
1.366948750000000068e+01
1.357096250000000026e+01
1.343403749999999874e+01
1.330023749999999971e+01
1.316680000000000206e+01
1.303162500000000001e+01
1.289204999999999934e+01
1.274492499999999851e+01
1.258502499999999991e+01
1.240573749999999897e+01
1.219727500000000120e+01
1.194266249999999729e+01
1.161046250000000057e+01
1.093726250000000100e+01
1.288546249999999915e+01
1.663208749999999725e+01
1.487451250000000158e+01
1.405212499999999842e+01
1.374088750000000125e+01
1.341469999999999985e+01
1.309873749999999859e+01
1.285291249999999863e+01
1.264563749999999942e+01
1.245457499999999840e+01
1.231434999999999924e+01
1.222110000000000163e+01
1.212683750000000060e+01
1.202929999999999922e+01
1.195871249999999897e+01
1.191644999999999932e+01
1.187481250000000088e+01
1.183037500000000009e+01
1.178521249999999831e+01
1.173954999999999771e+01
1.169060000000000343e+01
1.164128750000000068e+01
1.158996250000000039e+01
1.153472500000000167e+01
1.147974999999999923e+01
1.141883750000000219e+01
1.135541249999999991e+01
1.129063750000000077e+01
1.121978750000000069e+01
1.108044999999999902e+01
1.084648750000000028e+01
1.055019999999999847e+01
1.017973749999999988e+01
9.907591249999999405e+00
1.099126249999999949e+01
1.112079999999999913e+01
1.179890000000000150e+01
1.962866250000000079e+01
2.048546250000000057e+01
1.547710000000000186e+01
1.407388749999999789e+01
1.338917499999999983e+01
1.288861249999999892e+01
1.311978749999999927e+01
1.322952499999999887e+01
1.285442500000000088e+01
1.265761250000000082e+01
1.251661249999999903e+01
1.239481250000000045e+01
1.227528750000000102e+01
1.215807500000000019e+01
1.205027499999999918e+01
1.194003749999999897e+01
1.182982499999999959e+01
1.175680000000000014e+01
1.171078750000000035e+01
1.162086250000000121e+01
1.127142499999999892e+01
1.026269999999999882e+01
1.380237499999999962e+01
1.220007500000000000e+01
1.139921249999999908e+01
1.077675000000000161e+01
1.515771250000000059e+01
1.341853750000000112e+01
1.274975000000000058e+01
1.270031250000000078e+01
1.191462500000000091e+01
1.143365000000000009e+01
1.158987499999999748e+01
1.065055000000000085e+01
1.313502500000000239e+01
1.583392500000000069e+01
1.366447500000000126e+01
1.492136250000000075e+01
1.332778749999999945e+01
1.216278750000000031e+01
1.157045000000000101e+01
1.066057499999999969e+01
1.519833750000000094e+01
1.189107499999999895e+01
1.078593749999999929e+01
1.031416249999999835e+01
1.523026250000000026e+01
1.406843749999999993e+01
1.747573749999999748e+01
2.499399999999999977e+01
1.208191249999999783e+01
2.821692499999999981e+01
1.489201249999999987e+01
1.283749999999999858e+01
1.261553750000000207e+01
1.284332500000000010e+01
1.237940000000000040e+01
1.132751250000000098e+01
1.318978749999999955e+01
1.421130000000000138e+01
1.494447499999999884e+01
1.238626250000000084e+01
1.646444999999999936e+01
1.194057499999999905e+01
1.064531249999999929e+01
1.405797499999999900e+01
1.705116250000000022e+01
9.585710000000000619e+00
5.234272500000000861e+01
2.642312500000000242e+01
1.546345000000000169e+01
1.295758750000000070e+01
1.628651249999999706e+01
1.388283750000000083e+01
1.806638750000000115e+01
1.944031250000000099e+01
1.428583750000000130e+01
1.373848749999999974e+01
1.214992500000000142e+01
1.763693750000000193e+01
1.582808750000000053e+01
1.871734999999999971e+01
1.596384999999999899e+01
1.586878749999999982e+01
1.443807500000000132e+01
1.459538750000000107e+01
2.121522500000000022e+01
1.667776250000000005e+01
1.613931249999999906e+01
1.776668749999999974e+01
1.670516250000000014e+01
1.681264999999999787e+01
1.663311250000000285e+01
1.437160000000000082e+01
1.434241249999999823e+01
1.429063749999999899e+01
1.420911249999999981e+01
1.413067500000000010e+01
1.407230000000000025e+01
1.403918750000000060e+01
1.396886249999999841e+01
1.392202500000000143e+01
1.388916249999999941e+01
1.382722499999999854e+01
1.374145000000000039e+01
1.367865000000000109e+01
1.355898750000000064e+01
1.334131250000000080e+01
1.316268750000000054e+01
1.299580000000000268e+01
1.280657500000000049e+01
1.249942500000000045e+01
1.226703749999999893e+01
1.186967500000000086e+01
1.152227500000000049e+01
1.141506250000000122e+01
1.129567499999999924e+01
1.098612500000000125e+01
1.071631250000000080e+01
1.056230000000000047e+01
1.039991249999999923e+01
1.013823749999999890e+01
9.586668749999999406e+00
9.188228750000000389e+00
8.698832499999999968e+00
7.991337500000000205e+00
7.257654999999999745e+00
6.672792500000000793e+00
6.290528750000000002e+00
6.128605000000000302e+00
5.955909999999999371e+00
5.742372499999999214e+00
5.505653750000000457e+00
5.288830000000000808e+00
5.135160000000000835e+00
4.849882499999999652e+00
4.656247500000000095e+00
4.480281249999999993e+00
4.180492499999999723e+00
3.985265000000000057e+00
3.901109999999999634e+00
3.846846250000000023e+00
3.783677500000000027e+00
3.642186249999999959e+00
3.498733749999999976e+00
3.404024999999999856e+00
3.331118749999999906e+00
3.289151249999999749e+00
3.266097499999999432e+00
3.248906249999999662e+00
3.245994999999999298e+00
3.268080000000000318e+00
3.401198749999999826e+00
3.592809999999999615e+00
3.733071250000000063e+00
4.162221249999999984e+00
4.274811249999999951e+00
4.017443749999999980e+00
3.302847499999999936e+00
2.787895000000000234e+00
2.591685000000000016e+00
6.595925000000000260e-01
6.655499999999999750e-01
6.837862500000000399e-01
3.658662500000000040e-01
3.804462499999999858e-01
