1.353670000000000073e+03
1.614733750000000100e+03
1.105287500000000136e+03
9.323262499999999591e+02
8.332406250000000227e+02
7.503823749999999109e+02
6.622562500000001364e+02
5.861698750000000473e+02
5.266008749999998599e+02
4.714977499999999964e+02
4.147069999999999936e+02
3.505084999999999695e+02
2.985985000000000014e+02
2.091622500000000002e+02
1.682475000000000023e+02
1.492355000000000018e+02
1.311201250000000016e+02
1.182771250000000123e+02
1.083871249999999975e+02
1.006636249999999961e+02
9.437556249999998670e+01
8.920969999999999800e+01
8.226568750000001273e+01
7.492768749999999045e+01
7.002352499999999225e+01
6.691902500000000487e+01
6.536908750000000623e+01
6.524429999999999552e+01
6.678242499999998927e+01
7.045701249999999050e+01
7.720622500000000343e+01
8.888710000000000377e+01
1.095771249999999952e+02
1.499587500000000091e+02
3.694572499999999877e+02
1.455512499999999818e+03
9.498894999999999982e+02
1.980064999999999884e+02
9.448665000000001157e+01
7.105843749999999659e+01
5.331167500000000103e+01
4.136657499999999743e+01
3.537852499999999623e+01
3.228726250000000420e+01
3.067046249999999930e+01
3.018847499999999684e+01
3.010826249999999860e+01
3.030106249999999690e+01
3.078269999999999840e+01
3.126835000000000164e+01
3.165340000000000131e+01
3.203892499999999899e+01
3.254946249999999708e+01
3.310058750000000316e+01
3.368962499999999238e+01
3.444783749999999856e+01
3.522332500000000266e+01
3.613183749999999606e+01
3.724236249999999870e+01
3.835731250000000614e+01
3.982907500000000312e+01
4.146028749999999974e+01
4.317686250000000570e+01
4.534064999999999657e+01
5.036308749999999890e+01
6.126078750000000639e+01
8.191697500000000787e+01
1.299759999999999991e+02
3.261941249999999854e+02
5.444727499999999054e+02
4.131680000000000632e+02
8.439030000000000200e+02
1.649983750000000100e+03
6.957583750000000009e+02
9.538798750000000837e+01
4.443609999999999616e+01
3.545738749999999584e+01
7.242779999999999063e+01
1.406478749999999991e+02
5.525087500000000773e+01
2.120883749999999779e+01
1.830953750000000113e+01
1.709868750000000048e+01
1.635475000000000279e+01
1.582390000000000008e+01
1.542658750000000190e+01
1.516617500000000085e+01
1.500436249999999916e+01
1.493271249999999917e+01
1.494891250000000049e+01
1.496630000000000038e+01
1.506897500000000001e+01
1.655095000000000027e+01
3.734363749999999982e+01
4.457363749999999527e+02
4.141447500000000304e+01
6.542867499999999836e+01
1.940042499999999848e+01
3.606577500000000214e+02
3.874436250000000825e+01
1.171838750000000005e+02
3.713048750000000098e+01
1.794266250000000085e+01
2.031187500000000057e+01
5.699493749999999892e+01
6.568388749999999732e+01
1.409579999999999984e+02
2.762441249999999968e+02
2.113597499999999840e+01
1.428259999999999934e+02
2.073927499999999924e+01
1.358578750000000035e+01
1.298072499999999962e+01
5.328377500000000566e+01
1.329108750000000043e+02
3.075823749999999990e+01
2.259883749999999836e+01
2.857515000000000072e+01
1.667412500000000080e+02
1.124263749999999931e+02
1.627456249999999898e+02
1.746638749999999902e+02
2.289408750000000126e+01
2.286823749999999791e+02
4.422008749999999822e+01
1.776859999999999928e+01
6.759827499999998679e+01
4.318868750000000034e+01
4.333133749999999651e+01
2.399366249999999923e+01
8.541613749999999072e+01
1.318223749999999939e+02
9.099089999999999634e+01
3.781000000000000227e+01
9.183368749999999636e+01
2.493900000000000006e+01
1.334891249999999907e+01
1.103762499999999847e+02
8.742092499999999688e+01
4.031774999999999665e+01
4.035037500000000250e+02
7.061357499999999732e+01
4.697371249999999776e+01
3.557816249999999769e+01
1.074048750000000041e+02
6.308552500000000407e+01
1.081158749999999884e+02
9.916292500000000132e+01
3.077547500000000369e+01
4.660181250000000119e+01
2.879421250000000043e+01
9.292907500000001164e+01
5.248174999999999812e+01
6.930847500000000139e+01
6.348829999999999529e+01
4.073268749999999727e+01
2.634682499999999905e+01
4.007323749999999762e+01
5.852799999999999869e+01
4.403657499999999914e+01
3.613021249999999895e+01
4.841786250000000535e+01
3.815821249999999765e+01
3.684356250000000443e+01
3.332208749999999498e+01
2.944268749999999812e+01
2.860510000000000019e+01
2.723266250000000355e+01
2.543970000000000198e+01
2.410457500000000053e+01
2.314284999999999926e+01
2.271787499999999937e+01
2.184118750000000375e+01
2.134693750000000279e+01
2.102641250000000284e+01
2.042244999999999777e+01
1.969448750000000103e+01
1.922361250000000155e+01
1.847305000000000064e+01
1.743837500000000063e+01
1.679065000000000296e+01
1.625891249999999744e+01
1.570311250000000136e+01
1.498558749999999762e+01
1.447707500000000103e+01
1.387621250000000117e+01
1.344695000000000107e+01
1.331381250000000094e+01
1.315053750000000043e+01
1.280466249999999917e+01
1.254668749999999910e+01
1.239761249999999926e+01
1.223112500000000047e+01
1.196530000000000094e+01
1.145923750000000219e+01
1.111531249999999993e+01
1.068531250000000021e+01
1.006735000000000113e+01
9.453036250000000251e+00
8.976476249999999268e+00
8.676628749999999002e+00
8.553080000000001348e+00
8.410962499999998343e+00
8.250276249999998868e+00
8.051193749999999483e+00
7.887063750000000262e+00
7.786062499999999886e+00
7.603161249999999427e+00
7.470331250000000978e+00
7.351013749999999014e+00
7.158033750000000417e+00
7.027872499999999967e+00
6.974244999999999806e+00
6.941365000000000229e+00
6.906200000000000117e+00
6.831377500000000325e+00
6.739842499999999959e+00
6.686813750000000667e+00
6.669311250000000690e+00
6.670149999999999579e+00
6.679818750000000804e+00
6.692887500000000323e+00
6.732774999999999288e+00
6.874732500000000357e+00
7.145852500000000163e+00
7.352777499999999300e+00
7.501268750000000374e+00
7.761115000000001096e+00
7.676711249999999431e+00
7.286837499999999856e+00
6.524022500000000946e+00
5.960914999999999964e+00
5.687934999999999519e+00
1.418404999999999916e+00
1.425918750000000124e+00
1.439848749999999900e+00
7.395749999999999824e-01
7.533312500000000078e-01
