1.707241250000000043e-01
2.031532500000000352e-01
1.386591249999999942e-01
1.167248750000000057e-01
1.041489999999999916e-01
9.362553749999999453e-02
8.242562500000000236e-02
7.274944999999999329e-02
6.516876250000000481e-02
5.815181249999999691e-02
5.091505000000000336e-02
4.272568749999999804e-02
3.609606250000000488e-02
2.464018750000000063e-02
1.937916250000000160e-02
1.692170000000000132e-02
1.456928749999999821e-02
1.289094999999999998e-02
1.158918750000000053e-02
1.056361249999999974e-02
9.720011250000000491e-03
9.018016250000000095e-03
8.051088750000000988e-03
6.984760000000000447e-03
6.203826250000000694e-03
5.616130000000000427e-03
5.175154999999999859e-03
4.846187499999999801e-03
4.623849999999999662e-03
4.509748749999999660e-03
4.524114999999999560e-03
4.718140000000000008e-03
5.211882499999999883e-03
6.329193749999999057e-03
1.290964999999999821e-02
4.592315000000000286e-02
3.018907499999999924e-02
7.113382500000000296e-03
3.902736250000000268e-03
3.158822499999999669e-03
2.581717499999999603e-03
2.184041250000000149e-03
1.986356250000000188e-03
1.900301250000000159e-03
1.886201249999999979e-03
1.921511250000000181e-03
1.963086250000000040e-03
2.029827499999999844e-03
2.127260000000000175e-03
2.212879999999999969e-03
2.275244999999999958e-03
2.337513749999999869e-03
2.417028749999999924e-03
2.502093749999999978e-03
2.592741249999999838e-03
2.708421250000000221e-03
2.826654999999999966e-03
2.966007499999999842e-03
3.137306249999999297e-03
3.309486249999999807e-03
3.541806250000000076e-03
3.801050000000000262e-03
4.075356250000000333e-03
4.429211250000000474e-03
5.276736249999999621e-03
7.207682499999999715e-03
1.110346250000000118e-02
2.068574999999999928e-02
6.092378749999999982e-02
1.018986249999999927e-01
5.180623749999999778e-02
3.671506249999999250e-02
5.726536249999999995e-02
2.415364999999999873e-02
3.889541250000000134e-03
2.043732500000000098e-03
1.946237500000000138e-03
6.205153749999999316e-03
1.352906249999999942e-02
4.564496250000000220e-03
1.063738750000000092e-03
8.109239999999999764e-04
7.194534999999998431e-04
6.700589999999999758e-04
6.405503749999999497e-04
6.234721249999999578e-04
6.183201249999999366e-04
6.243153750000000890e-04
6.406051250000000799e-04
6.590587500000000569e-04
6.715587499999999812e-04
7.055703750000000014e-04
9.871166250000000097e-04
4.189759999999999839e-03
6.339029999999999665e-02
4.712086250000000615e-03
6.488501249999999686e-03
1.960825000000000241e-03
8.664227499999999083e-02
5.218915000000000186e-03
1.013052500000000133e-02
6.459546249999999906e-03
2.173022500000000318e-03
3.833039999999999798e-03
1.397727500000000081e-02
1.734456250000000060e-02
6.833817499999999580e-03
1.261643750000000092e-02
5.175127500000000673e-04
9.912933749999998812e-04
1.463270000000000022e-03
3.668678749999999692e-04
3.750084999999999248e-04
2.454107499999999813e-03
6.096816250000000430e-03
4.291989999999999868e-03
1.474121250000000197e-03
4.834327499999999979e-03
2.764790000000000476e-03
9.417883750000001497e-03
2.101588749999999672e-02
1.530388750000000186e-01
2.512195000000000400e-02
1.163906249999999920e+00
2.512689999999999715e-02
5.648913749999999803e-03
1.343690000000000162e-02
5.241391250000000494e-03
5.591672500000000393e-03
5.100783750000000005e-02
5.752163750000000020e-01
9.298247500000000887e-01
1.588021249999999940e+00
2.954352499999999715e+00
1.185462500000000086e+00
8.343682500000000613e-02
2.897128749999999808e-02
3.408823750000000152e-01
7.565711250000000873e-03
2.720431249999999759e-02
3.693517499999999787e-01
5.894603749999999254e-02
1.167601249999999924e-02
6.061898750000000065e-03
1.899358749999999901e-02
7.250929999999999181e-03
1.056123749999999910e-02
6.874628750000000288e-03
1.761083750000000132e-03
7.782097499999999059e-04
2.140071249999999769e-03
7.825704999999998773e-03
4.030491249999999630e-03
1.429669999999999899e-02
8.216671249999999913e-03
1.226595000000000046e-01
8.831321250000000456e-01
9.951844999999999095e-03
9.756429999999999270e-02
4.630044999999999855e-01
2.046418750000000147e-02
1.180188749999999953e-01
1.148162499999999947e-01
1.706041249999999676e-02
5.218207500000000137e-02
4.750286249999999266e-02
4.773714999999999903e-02
4.925691250000000659e-02
5.111519999999999953e-02
4.752348749999999594e-02
4.446273750000000191e-02
4.153666249999999477e-02
3.586597500000000133e-02
3.400422499999999904e-02
3.325486250000000282e-02
3.184284999999999893e-02
2.992051249999999954e-02
2.853223750000000170e-02
2.567807500000000159e-02
2.255437500000000151e-02
2.077913749999999934e-02
1.897737499999999772e-02
1.739668750000000069e-02
1.599873750000000219e-02
1.436781250000000038e-02
1.426141249999999909e-02
1.431031249999999838e-02
1.446146250000000105e-02
1.537004999999999968e-02
1.675822500000000159e-02
1.825298749999999803e-02
1.846067499999999931e-02
1.797548750000000153e-02
1.849747499999999933e-02
2.032823750000000221e-02
2.531858750000000324e-02
3.090968750000000140e-02
4.580331250000000548e-02
7.695295000000000607e-02
1.351658749999999909e-01
2.119861250000000252e-01
2.693526249999999567e-01
3.377805000000000391e-01
4.342617500000000019e-01
5.454520000000000479e-01
6.596839999999999371e-01
7.485304999999999875e-01
9.135460000000000802e-01
1.014334999999999987e+00
1.099213750000000100e+00
1.236296250000000096e+00
1.307831249999999779e+00
1.338422500000000070e+00
1.359423749999999931e+00
1.385823749999999910e+00
1.444694999999999840e+00
1.480903749999999963e+00
1.501279999999999948e+00
1.534866250000000099e+00
1.556538750000000082e+00
1.569307499999999855e+00
1.583611250000000137e+00
1.602653749999999766e+00
1.650937499999999947e+00
1.692277499999999879e+00
1.674241250000000125e+00
1.678903749999999917e+00
1.609054999999999902e+00
1.529831250000000198e+00
1.528145000000000087e+00
2.098977500000000163e+00
2.219316250000000323e+00
2.107818749999999852e+00
5.234449999999999381e-01
5.336425000000000196e-01
5.561549999999999550e-01
2.838775000000000048e-01
2.830750000000000210e-01
