1.338263750000000073e+03
1.592649999999999864e+03
1.087198750000000018e+03
9.153254999999999200e+02
8.167921250000000555e+02
7.343515000000001010e+02
6.466242500000000746e+02
5.708464999999999918e+02
5.114939999999999714e+02
4.565720000000000027e+02
3.999506250000000023e+02
3.359221249999999941e+02
2.841382500000000277e+02
1.949120000000000346e+02
1.541073749999999905e+02
1.351610000000000014e+02
1.171233749999999958e+02
1.043505000000000109e+02
9.452660000000000196e+01
8.686572499999999764e+01
8.063822500000000559e+01
7.553120000000001255e+01
6.868666249999999707e+01
6.148666249999999422e+01
5.671710000000000207e+01
5.374661250000000479e+01
5.233227499999999566e+01
5.234741249999999724e+01
5.403288750000000107e+01
5.786746250000000913e+01
6.479597500000001276e+01
7.668508749999999452e+01
9.762920000000001153e+01
1.383417499999999905e+02
3.585071249999999736e+02
1.442581249999999955e+03
9.332272500000000264e+02
1.831248750000000030e+02
8.043063750000000312e+01
5.731437499999999829e+01
3.989438749999999345e+01
2.826563750000000041e+01
2.252362500000000267e+01
1.963973749999999896e+01
1.821399999999999864e+01
1.787222500000000025e+01
1.788517499999999671e+01
1.817218749999999972e+01
1.875123750000000200e+01
1.930741249999999809e+01
1.973463749999999806e+01
2.016177499999999867e+01
2.071668750000000259e+01
2.131288750000000221e+01
2.194746250000000032e+01
2.275452499999999745e+01
2.357921249999999702e+01
2.453890000000000171e+01
2.570446249999999822e+01
2.687423750000000311e+01
2.840667499999999990e+01
3.010107500000000158e+01
3.188214999999999577e+01
3.411644999999999328e+01
3.927733750000000157e+01
5.040707499999999897e+01
7.135566250000000821e+01
1.197757499999999879e+02
3.162256250000000364e+02
5.333797500000000582e+02
4.019955000000000496e+02
8.320673749999999700e+02
1.630296250000000100e+03
6.752490000000000236e+02
7.990698749999999961e+01
3.036014999999999731e+01
2.206623749999999973e+01
5.953297499999999332e+01
1.275144999999999982e+02
4.201680000000000348e+01
8.353312499999999474e+00
5.651104999999999379e+00
4.581350000000000477e+00
3.959268749999999670e+00
3.547976250000000054e+00
3.267890000000000406e+00
3.115283749999999685e+00
3.063694999999999613e+00
3.102256250000000382e+00
3.191421250000000320e+00
3.254828749999999715e+00
3.447423750000000009e+00
5.278516249999999133e+00
2.707673750000000013e+01
4.318705000000000496e+02
2.920971250000000197e+01
5.402294999999999447e+01
8.621712500000001000e+00
3.454132500000000050e+02
2.532060000000000244e+01
1.044241250000000036e+02
2.442368749999999977e+01
6.025867500000000376e+00
8.874403749999999036e+00
4.539110000000000156e+01
5.501595000000000368e+01
1.278163750000000078e+02
2.603976250000000050e+02
7.470983749999999368e+00
1.279037500000000023e+02
7.410039999999999516e+00
1.422608749999999977e+00
1.409932500000000033e+00
4.262075000000000102e+01
1.177066249999999883e+02
1.886287499999999895e+01
1.181143749999999848e+01
1.825613749999999769e+01
1.515082500000000039e+02
9.834826250000000414e+01
1.452488749999999982e+02
1.495165000000000077e+02
1.078705000000000069e+01
1.993016250000000014e+02
2.930298749999999330e+01
4.925452500000000455e+00
5.496931250000000091e+01
3.034012500000000045e+01
3.094632500000000519e+01
1.261512500000000081e+01
7.165113749999999015e+01
1.166813750000000027e+02
7.445841250000000855e+01
2.246937499999999943e+01
7.418375000000000341e+01
1.291498750000000051e+01
2.674640000000000128e+00
9.597740000000000293e+01
7.036221249999999827e+01
3.070481249999999918e+01
3.507917499999999791e+02
4.413150000000000261e+01
3.149857499999999888e+01
2.261451250000000357e+01
9.109957500000000152e+01
4.919545000000000101e+01
9.003884999999999650e+01
7.971574999999999989e+01
1.648788749999999936e+01
3.286253750000000196e+01
1.664216250000000130e+01
7.528427500000000805e+01
3.664964999999999407e+01
5.057683750000000344e+01
4.751625000000000654e+01
2.474121249999999961e+01
1.102562499999999801e+01
2.546792499999999748e+01
3.721520000000000294e+01
2.689585000000000292e+01
1.997042500000000231e+01
3.053313749999999871e+01
2.133827499999999944e+01
2.001386250000000189e+01
1.663679999999999737e+01
1.502357500000000101e+01
1.421494999999999997e+01
1.289276249999999990e+01
1.117949999999999910e+01
9.926367500000001343e+00
9.026097500000000551e+00
8.637150000000000105e+00
7.836427499999999213e+00
7.390888750000000229e+00
7.103979999999999073e+00
6.563372500000000720e+00
5.923117500000000035e+00
5.516422500000000007e+00
4.888393749999999649e+00
4.074513749999999490e+00
3.607184999999999864e+00
3.244097500000000078e+00
2.879137500000000127e+00
2.470174999999999788e+00
2.195661250000000120e+00
1.949256249999999913e+00
1.768683750000000110e+00
1.708337500000000064e+00
1.644887500000000058e+00
1.507730000000000015e+00
1.417216250000000288e+00
1.374845000000000095e+00
1.332632499999999887e+00
1.271030000000000104e+00
1.120942499999999953e+00
9.941552500000000459e-01
8.812651250000000935e-01
7.672553749999999617e-01
6.806393750000000464e-01
6.015647499999999814e-01
5.335358749999999928e-01
5.044873749999999601e-01
4.711015000000000064e-01
4.334061249999999754e-01
3.861786249999999976e-01
3.482703750000000209e-01
3.265022500000000494e-01
2.916254999999999820e-01
2.683703749999999943e-01
2.492681250000000071e-01
2.211171249999999699e-01
2.051284999999999914e-01
1.988830000000000042e-01
1.950254999999999905e-01
1.905807500000000210e-01
1.795398749999999877e-01
1.590993749999999596e-01
1.368520000000000014e-01
1.229358749999999861e-01
1.151134999999999936e-01
1.102507499999999946e-01
1.061124999999999846e-01
9.718267499999999615e-02
7.880386249999998816e-02
5.739412500000000417e-02
4.491156250000000183e-02
3.770212499999999606e-02
2.632216250000000285e-02
1.778341250000000165e-02
1.331597500000000073e-02
9.081943750000001647e-03
6.543976249999999828e-03
4.884131250000000625e-03
9.145849999999999856e-04
8.687650000000000754e-04
8.064562499999999683e-04
3.424650000000000220e-04
3.062499999999999901e-04
