4.564858750000000214e+02
5.434287500000000364e+02
3.711182499999999891e+02
3.125516250000000014e+02
2.789862500000000409e+02
2.509117500000000405e+02
2.210493749999999977e+02
1.952681249999999977e+02
1.750883749999999850e+02
1.564296250000000157e+02
1.372122500000000116e+02
1.155194999999999936e+02
9.801542499999999336e+01
6.803389999999998849e+01
5.440268750000000608e+01
4.815819999999999368e+01
4.221948749999999961e+01
3.802043749999999278e+01
3.480494999999999806e+01
3.229967499999999347e+01
3.026804999999999524e+01
2.861625000000000085e+01
2.628903749999999917e+01
2.380106250000000045e+01
2.201834999999999809e+01
2.071913749999999865e+01
1.970297500000000213e+01
1.894447500000000062e+01
1.838152499999999989e+01
1.799827499999999958e+01
1.771326249999999902e+01
1.755130000000000123e+01
1.748120000000000118e+01
1.750201249999999931e+01
1.774200000000000088e+01
1.835661250000000067e+01
1.926317500000000038e+01
2.059968750000000171e+01
2.191783749999999742e+01
2.299526249999999905e+01
2.494856250000000131e+01
2.830162500000000136e+01
3.271077499999999816e+01
3.912279999999999802e+01
4.855676249999999783e+01
5.862177499999999952e+01
6.772606249999999761e+01
7.936214999999999975e+01
9.451720000000000255e+01
1.083665000000000163e+02
1.179439999999999884e+02
1.289960000000000093e+02
1.418966250000000286e+02
1.568565000000000111e+02
1.748781249999999829e+02
1.959091250000000173e+02
2.216541250000000218e+02
2.528860000000000241e+02
2.919180000000000064e+02
3.399162499999999909e+02
4.026315000000000168e+02
4.838315000000000055e+02
5.909030000000000200e+02
7.309120000000000346e+02
1.093338749999999891e+03
1.813265000000000100e+03
2.506169999999999618e+03
2.628017499999999927e+03
1.673976250000000164e+03
5.932029999999999745e+02
2.384347500000000082e+02
1.258152500000000202e+02
7.880607499999999277e+01
4.896193749999999767e+01
3.076255000000000095e+01
2.205978749999999877e+01
1.756792499999999890e+01
1.521031250000000057e+01
1.412191250000000053e+01
1.355038749999999936e+01
1.373123750000000065e+01
1.467712500000000020e+01
1.629518749999999727e+01
1.897026250000000047e+01
2.371933749999999819e+01
3.264934999999999832e+01
5.108261250000000331e+01
1.239896250000000038e+02
5.928012499999999818e+02
8.956784999999999854e+02
7.579528750000000628e+02
8.198041249999999991e+02
3.735960000000000605e+02
3.410587499999999750e+01
1.945456250000000153e+01
7.052493750000000716e+01
7.101770000000000493e+01
1.683676249999999897e+01
9.422173749999998904e+00
1.414289999999999914e+01
7.069311250000000157e+00
7.949532500000000113e+00
3.550842499999999546e+01
1.275951250000000101e+02
1.950181249999999977e+02
1.465038749999999901e+01
3.905017499999999586e+01
8.022616249999998672e+00
1.357371250000000096e+01
1.397748749999999873e+00
5.149107500000000837e-01
4.635372499999999563e-01
5.056312500000000876e-01
6.940275000000000194e-01
1.558485000000000120e+00
2.873132500000000178e+01
7.385945000000000427e+00
3.363055000000000128e+00
1.015432499999999960e+00
1.037627500000000147e+00
5.600683750000000627e-01
1.127645000000000008e+00
5.973322500000000090e+00
1.452321249999999964e+02
1.819649999999999990e+00
1.369241249999999965e+01
4.484078750000000113e-01
3.912503749999999836e-01
6.507672500000000193e-01
2.535176250000000309e+01
4.876169999999999760e+01
5.272513750000000776e+00
6.016457499999999792e-01
2.799153750000000329e+00
1.374527499999999769e+01
5.462803749999999070e+00
4.433523749999999808e+01
5.692968749999999467e+00
9.307562499999999517e+00
8.689236250000001860e+01
4.555040000000000333e+01
5.879303749999999695e+01
3.371001250000000482e+01
3.928490000000000038e+00
2.060960000000000036e+01
2.884576249999999931e+01
3.018473750000000067e+01
3.098260000000000502e+01
2.768575000000000230e+01
2.358653750000000215e+01
2.058441249999999911e+01
1.550944999999999929e+01
1.095007499999999823e+01
1.015861250000000027e+01
9.518176249999999783e+00
9.036554999999999893e+00
8.730056249999998741e+00
9.348007499999999581e+00
1.009627500000000211e+01
9.961101250000000462e+00
9.851169999999999760e+00
9.652080000000001547e+00
8.932770000000001431e+00
7.902448749999999578e+00
6.069826249999999312e+00
5.689454999999999707e+00
4.817334999999999923e+00
4.158356249999999754e+00
3.477953750000000177e+00
2.967541249999999575e+00
2.818626249999999889e+00
2.733687499999999826e+00
2.486861250000000023e+00
2.276586250000000256e+00
2.124975000000000058e+00
1.955458750000000023e+00
1.747222499999999901e+00
1.634998750000000278e+00
1.494753750000000325e+00
1.254366249999999905e+00
1.107577500000000104e+00
1.004511249999999967e+00
8.818396250000000158e-01
7.772838750000000685e-01
7.225004999999999900e-01
6.827813750000000237e-01
6.611202500000000759e-01
6.524732499999998936e-01
6.385933749999999076e-01
6.007997499999999658e-01
5.672997500000001025e-01
5.505502499999999078e-01
5.320446250000000488e-01
5.038543749999999655e-01
4.406875000000000098e-01
3.909340000000000037e-01
3.430677500000000046e-01
2.958273750000000035e-01
2.474422499999999747e-01
2.220983750000000145e-01
2.104477499999999890e-01
2.060140000000000027e-01
2.008286249999999828e-01
1.952248749999999922e-01
1.901809999999999889e-01
1.870493749999999900e-01
1.849393750000000169e-01
1.812723750000000134e-01
1.785761250000000022e-01
1.760970000000000313e-01
1.722147500000000275e-01
1.693956250000000219e-01
1.680286250000000425e-01
1.670902499999999957e-01
1.659867500000000162e-01
1.631732500000000197e-01
1.578112499999999863e-01
1.513467500000000021e-01
1.461861250000000001e-01
1.411288750000000147e-01
1.361702499999999927e-01
1.321551249999999844e-01
1.251387499999999930e-01
1.029341250000000152e-01
6.539466250000000591e-02
4.180614999999999332e-02
3.035936249999999711e-02
1.247263749999999970e-02
3.316698749999999907e-03
1.481738749999999844e-03
1.247695000000000054e-03
1.558672500000000049e-03
1.422937499999999940e-03
2.479117500000000036e-04
2.208326250000000124e-04
1.855867499999999930e-04
6.389975000000000429e-05
4.779762499999999962e-05
