8.425037500000000179e+00
1.217670000000000030e+01
1.003059999999999974e+01
9.452347499999998348e+00
9.160379999999999967e+00
8.940332500000000238e+00
8.731236250000000254e+00
8.570143749999999727e+00
8.457910000000001816e+00
8.364748750000000399e+00
8.278176249999999570e+00
8.192751250000000596e+00
8.131088749999999976e+00
8.034441250000000423e+00
7.987267500000000631e+00
7.960318749999999000e+00
7.928896249999999313e+00
7.900840000000000529e+00
7.874253750000000274e+00
7.848903749999999846e+00
7.824186250000000342e+00
7.800006249999999142e+00
7.758478749999999202e+00
7.700127499999999792e+00
7.642487500000000544e+00
7.584835000000000882e+00
7.527012499999999662e+00
7.468563749999999501e+00
7.409403750000000066e+00
7.348904999999998466e+00
7.287423750000000311e+00
7.224525000000000752e+00
7.160142500000000965e+00
7.093747500000000095e+00
6.990624999999999645e+00
6.841651249999999962e+00
6.682808750000000408e+00
6.507547500000000262e+00
6.363755000000001161e+00
6.261918749999999534e+00
6.097727500000000411e+00
5.856224999999999348e+00
5.584646250000000478e+00
5.268996249999998938e+00
4.904806250000000034e+00
4.596277499999999350e+00
4.373545000000000016e+00
4.143534999999999968e+00
3.912213750000000267e+00
3.756247499999999739e+00
3.673536250000000614e+00
3.602509999999999657e+00
3.543871249999999584e+00
3.503364999999999618e+00
3.496468749999999570e+00
3.524828749999999733e+00
3.616186250000000157e+00
3.793402500000000011e+00
4.098742500000000177e+00
4.575387499999999719e+00
5.351887500000000131e+00
6.549922500000000980e+00
8.395412499999999056e+00
1.116009999999999991e+01
1.980186250000000214e+01
4.119448750000000103e+01
6.905629999999999313e+01
8.619277499999999748e+01
7.197323750000001041e+01
4.079836249999999609e+01
2.619463749999999891e+01
2.012032499999999757e+01
1.700580000000000069e+01
1.459235000000000149e+01
1.275402500000000039e+01
1.160378749999999926e+01
1.080603749999999863e+01
1.021773749999999836e+01
9.803606249999997857e+00
9.343977500000001157e+00
8.839698750000000160e+00
8.415403750000001182e+00
8.009293749999999434e+00
7.564367500000000355e+00
7.006477500000000802e+00
6.288822499999999316e+00
5.357221249999999380e+00
3.912782499999999608e+00
5.061763749999999895e+00
1.046928750000000186e+01
1.339033749999999934e+01
2.624198750000000047e+01
3.026393750000000082e+01
1.444173749999999856e+01
1.170822499999999877e+01
1.109600000000000186e+01
1.850176250000000167e+01
1.427237500000000026e+01
1.180824999999999925e+01
1.135272500000000129e+01
1.085839999999999961e+01
1.012215000000000131e+01
8.775643750000000409e+00
1.090566250000000181e+01
1.418205000000000027e+01
1.203632500000000149e+01
1.230888750000000087e+01
1.157512499999999989e+01
1.145716250000000080e+01
1.118623749999999717e+01
1.070825000000000138e+01
1.044258749999999836e+01
1.020721250000000069e+01
9.860092500000000371e+00
9.181478750000000133e+00
1.177187499999999964e+01
1.388968750000000085e+01
1.258980000000000032e+01
1.186656249999999879e+01
1.122847499999999954e+01
1.072363750000000060e+01
1.029516249999999999e+01
9.287430000000000518e+00
2.453328750000000014e+01
1.152710000000000079e+01
1.131223749999999839e+01
1.080834999999999901e+01
1.048189999999999955e+01
1.000682250000000018e+01
1.020973750000000102e+01
1.189480000000000182e+01
1.175588749999999827e+01
1.064637499999999903e+01
1.019010000000000105e+01
1.070771249999999952e+01
9.722439999999998861e+00
1.093175000000000097e+01
1.066498749999999873e+01
8.144543749999998639e+00
2.318391250000000170e+01
1.507709999999999795e+01
1.664705000000000013e+01
1.516370000000000040e+01
1.209759999999999991e+01
1.624022499999999880e+01
2.182576249999999973e+01
2.381096250000000225e+01
2.535846249999999813e+01
2.333287500000000136e+01
2.052895000000000181e+01
1.847541250000000090e+01
1.500407500000000205e+01
1.208205000000000062e+01
1.191262499999999847e+01
1.177552500000000180e+01
1.167243749999999736e+01
1.160681250000000020e+01
1.270951250000000243e+01
1.393361250000000062e+01
1.405412500000000087e+01
1.415212500000000162e+01
1.432963750000000047e+01
1.433188749999999878e+01
1.369618750000000063e+01
1.305368749999999878e+01
1.411285000000000167e+01
1.314842500000000136e+01
1.267582499999999790e+01
1.229844999999999899e+01
1.202861250000000126e+01
1.210164999999999758e+01
1.217176249999999982e+01
1.202017500000000005e+01
1.181488749999999932e+01
1.166725000000000101e+01
1.151099999999999923e+01
1.132866250000000008e+01
1.124917499999999926e+01
1.117864999999999931e+01
1.090298750000000005e+01
1.068887500000000124e+01
1.054980000000000118e+01
1.036372500000000052e+01
1.022698749999999990e+01
1.020071250000000163e+01
1.021973749999999903e+01
1.023629999999999995e+01
1.024367500000000142e+01
1.025539999999999985e+01
1.025668749999999996e+01
1.023582500000000017e+01
1.022097499999999926e+01
1.020045000000000002e+01
1.016522499999999951e+01
1.005180000000000007e+01
9.908488750000000067e+00
9.611721250000000438e+00
9.083313750000000297e+00
8.356598749999999853e+00
7.660038750000000007e+00
7.223315000000000374e+00
7.046174999999999855e+00
6.839413749999999403e+00
6.617266250000000127e+00
6.317523750000000327e+00
6.046349999999999447e+00
5.863597500000000018e+00
5.541717500000000740e+00
5.303498750000000150e+00
5.082900000000000418e+00
4.735066250000000032e+00
4.499010000000000176e+00
4.389414999999999623e+00
4.314177499999999554e+00
4.235841250000000002e+00
4.068330000000000446e+00
3.848043750000000429e+00
3.642108749999999784e+00
3.477709999999999635e+00
3.389836250000000106e+00
3.340555000000000163e+00
3.300650000000000084e+00
3.230916249999999934e+00
3.177126249999999708e+00
3.447926250000000081e+00
3.826769999999999783e+00
4.113199999999999967e+00
4.624009999999999287e+00
4.951543750000000799e+00
4.969147499999999162e+00
3.959414999999999907e+00
3.043233750000000626e+00
2.741814999999999891e+00
7.144524999999999348e-01
7.336650000000000116e-01
7.673974999999999547e-01
4.169875000000000109e-01
4.397150000000000225e-01
