1.349409999999999854e+03
1.608661249999999882e+03
1.100388750000000073e+03
9.277975000000001273e+02
8.289282500000000482e+02
7.462621250000000828e+02
6.583628749999999172e+02
5.825032499999999800e+02
5.231468750000000227e+02
4.682836249999999723e+02
4.117978749999999764e+02
3.480697499999999991e+02
2.966765000000000327e+02
2.087573749999999961e+02
1.688367500000000234e+02
1.505722499999999968e+02
1.332132499999999879e+02
1.209455000000000098e+02
1.115531250000000085e+02
1.042347499999999911e+02
9.829808749999999407e+01
9.346832499999999300e+01
8.665619999999998413e+01
7.935663749999999084e+01
7.410386250000000530e+01
7.025143749999999443e+01
6.721758749999999338e+01
6.492722499999999286e+01
6.320041249999999877e+01
6.198983750000000015e+01
6.106098749999999598e+01
6.048427500000001089e+01
6.016976250000000448e+01
6.011326250000000471e+01
6.062267500000000098e+01
6.212717500000000115e+01
6.444992499999999325e+01
6.797168750000000159e+01
7.149107499999999504e+01
7.439071249999999225e+01
7.967695000000000505e+01
8.880488749999999243e+01
1.008654999999999973e+02
1.184966250000000088e+02
1.445465000000000089e+02
1.724226250000000107e+02
1.976953750000000127e+02
2.300508749999999623e+02
2.722593749999999773e+02
3.108863749999999868e+02
3.376233750000000100e+02
3.685013750000000528e+02
4.045677499999999895e+02
4.464178750000000377e+02
4.968757500000000391e+02
5.557950000000000728e+02
6.279764999999999873e+02
7.156068750000000591e+02
8.252060000000000173e+02
9.600827500000000327e+02
1.136466249999999945e+03
1.365030000000000200e+03
1.666678750000000036e+03
2.061473749999999654e+03
3.084922500000000127e+03
5.122126249999999345e+03
7.090133750000000873e+03
7.448463750000000800e+03
4.762954999999999927e+03
1.705651249999999663e+03
6.977422500000000127e+02
3.763821250000000305e+02
2.416947499999999991e+02
1.557986249999999870e+02
1.031196250000000134e+02
7.773435000000000628e+01
6.450569999999999027e+01
5.746675000000000466e+01
5.413789999999999480e+01
5.224893750000000381e+01
5.244900000000001228e+01
5.481131249999999966e+01
5.898687500000000483e+01
6.589019999999999300e+01
7.795669999999999789e+01
9.978637500000000671e+01
1.411416250000000332e+02
2.686198749999999791e+02
9.325328749999998763e+02
1.466649999999999864e+03
1.556678749999999809e+03
2.475918750000000273e+03
1.234310000000000173e+03
1.386273749999999723e+02
1.025109999999999957e+02
5.153176250000000209e+02
5.360444999999999709e+02
1.302052500000000066e+02
6.895477499999999793e+01
9.414178750000000662e+01
4.562728750000000133e+01
4.210331250000000125e+01
1.322912499999999909e+02
4.488659999999999854e+02
2.867653750000000059e+02
4.355595000000000283e+01
2.070037500000000250e+02
4.874432500000000346e+01
7.271950000000001069e+01
1.802021249999999952e+01
1.386776249999999955e+01
1.370836249999999801e+01
1.414201250000000165e+01
1.575517500000000126e+01
2.301609999999999800e+01
2.582732500000000186e+02
9.608352500000000873e+01
6.835898750000001201e+01
2.584641250000000312e+01
1.679465000000000074e+01
1.384272500000000150e+01
1.602898749999999950e+01
1.727601250000000022e+01
1.899050000000000296e+02
1.428559999999999874e+01
3.396589999999999776e+01
1.171331250000000068e+01
1.135916250000000005e+01
1.157353749999999870e+01
7.402686249999999291e+01
7.815002499999999941e+01
1.946845000000000425e+01
1.254776249999999749e+01
1.730108750000000128e+01
3.283502500000000879e+01
1.653298750000000084e+01
9.384648749999999495e+01
2.401991250000000022e+01
4.981283750000000055e+01
2.895511250000000132e+02
1.258354999999999961e+02
1.194256249999999966e+02
5.677660000000000196e+01
2.298023749999999765e+01
9.429749999999999943e+01
1.313822499999999991e+02
1.396343750000000057e+02
1.452166249999999934e+02
1.301222500000000082e+02
1.108336249999999836e+02
9.670714999999999861e+01
7.282713749999999209e+01
5.174138750000000186e+01
4.871368749999999181e+01
4.626363750000000152e+01
4.442121250000000288e+01
4.324868749999999551e+01
4.746051250000000721e+01
5.233403750000000798e+01
5.208868750000000603e+01
5.188917500000000160e+01
5.152783749999999685e+01
4.905383750000000020e+01
4.434201250000000272e+01
3.682819999999999538e+01
3.737448749999999364e+01
3.265306249999999721e+01
2.952888749999999973e+01
2.649466250000000400e+01
2.423892499999999828e+01
2.383840000000000003e+01
2.365821249999999765e+01
2.253354999999999819e+01
2.144671250000000029e+01
2.066378750000000153e+01
1.980496250000000202e+01
1.876781249999999801e+01
1.824191249999999798e+01
1.763870000000000005e+01
1.635786249999999953e+01
1.550919999999999987e+01
1.494977500000000070e+01
1.425669999999999860e+01
1.373311250000000072e+01
1.357181250000000006e+01
1.344693750000000065e+01
1.337081249999999955e+01
1.334450000000000180e+01
1.331596250000000126e+01
1.325473749999999917e+01
1.320957500000000095e+01
1.318546249999999986e+01
1.315343750000000078e+01
1.310047499999999943e+01
1.293811250000000079e+01
1.275993749999999949e+01
1.244043749999999804e+01
1.189936250000000051e+01
1.120085000000000086e+01
1.052575000000000038e+01
1.010467500000000030e+01
9.939305000000000945e+00
9.747702499999999048e+00
9.546368749999999181e+00
9.275043750000000031e+00
9.029443750000000435e+00
8.863925000000000054e+00
8.581319999999998061e+00
8.375282499999999075e+00
8.189603749999999849e+00
7.909270000000001133e+00
7.727669999999998929e+00
7.645788750000000356e+00
7.589574999999999960e+00
7.532881249999999973e+00
7.418144999999999101e+00
7.284751250000001122e+00
7.175327499999999858e+00
7.087969999999998549e+00
7.045164999999999011e+00
7.024751250000000447e+00
7.008221249999999181e+00
6.979332500000000827e+00
6.968382499999999702e+00
7.094362499999999017e+00
7.270646250000000421e+00
7.413763750000001096e+00
7.695937500000001208e+00
7.759420000000000428e+00
7.543074999999999974e+00
6.853294999999998360e+00
6.140930000000000000e+00
5.870302500000000201e+00
1.487773750000000117e+00
1.498388750000000158e+00
1.521486250000000151e+00
7.872375000000000345e-01
8.061300000000000132e-01
