8.844987499999999727e+02
1.053057874999999967e+03
7.192398749999999836e+02
6.057934999999999945e+02
5.407815000000000509e+02
4.864098749999999995e+02
4.285823750000000132e+02
3.786649999999999636e+02
3.396008749999999736e+02
3.034895000000000209e+02
2.663075000000000045e+02
2.243573750000000189e+02
1.905300000000000011e+02
1.326888749999999959e+02
1.064466250000000116e+02
9.445376249999999629e+01
8.306491250000001969e+01
7.502418749999999648e+01
6.887391250000000298e+01
6.408618749999999409e+01
6.020586250000000206e+01
5.705206250000000523e+01
5.260866250000000832e+01
4.785543750000000784e+01
4.444303749999999553e+01
4.194747500000000429e+01
3.998758750000000362e+01
3.851418750000000557e+01
3.740947500000000048e+01
3.664266250000000014e+01
3.606028750000000116e+01
3.570846249999999600e+01
3.552838750000000090e+01
3.551752499999999912e+01
3.589002500000000140e+01
3.692893749999999642e+01
3.850392500000000240e+01
4.086442499999999711e+01
4.320949999999999847e+01
4.513354999999999961e+01
4.863069999999999737e+01
5.464705000000000013e+01
6.256978750000000389e+01
7.410483750000000214e+01
9.108503749999999854e+01
1.092046250000000072e+02
1.255956249999999841e+02
1.465452499999999816e+02
1.738302500000000066e+02
1.987635000000000218e+02
2.160061249999999973e+02
2.359026250000000005e+02
2.591274999999999977e+02
2.860582500000000437e+02
3.185011249999999450e+02
3.563610000000000468e+02
4.027061249999999859e+02
4.589273749999999836e+02
5.291892499999999018e+02
6.155910000000001219e+02
7.284832499999999982e+02
8.746478749999999991e+02
1.067381249999999909e+03
1.319403750000000173e+03
1.971779999999999973e+03
3.267662499999999909e+03
4.514907499999999345e+03
4.734252499999999600e+03
3.017005000000000109e+03
1.071651249999999891e+03
4.331128750000000309e+02
2.304465000000000146e+02
1.458829999999999814e+02
9.224445000000000050e+01
5.960297500000000070e+01
4.407078750000000156e+01
3.613176250000000067e+01
3.203868750000000176e+01
3.021240000000000236e+01
2.935458749999999739e+01
2.987806249999999864e+01
3.171881249999999852e+01
3.468238750000000437e+01
3.935556249999999778e+01
4.723092499999999916e+01
6.084826249999999703e+01
8.470177499999999782e+01
1.407177499999999952e+02
3.346700000000000159e+02
5.605023749999999154e+02
7.853337499999998954e+02
1.629873750000000200e+03
8.304507500000000846e+02
9.007977499999999793e+01
7.134825000000000728e+01
4.336967499999999518e+02
4.465247500000000400e+02
9.909624999999999773e+01
4.772435000000000116e+01
6.864615000000000578e+01
2.769958749999999981e+01
2.403161250000000138e+01
8.800716250000000684e+01
3.103652500000000600e+02
7.756542500000000473e+01
1.686922500000000014e+01
1.556447500000000161e+02
2.914658749999999898e+01
4.768859999999999388e+01
5.436208750000000478e+00
2.644603749999999920e+00
2.802252499999999813e+00
3.429159999999999542e+00
5.201056249999999714e+00
1.227614999999999945e+01
2.177701249999999789e+02
7.480787499999999568e+01
5.240613749999999982e+01
1.296439999999999948e+01
4.528551249999999584e+00
2.558997499999999814e+00
4.606206250000000502e+00
2.015252499999999891e+00
2.013943749999999966e+01
9.388372500000000676e-01
8.961235000000000284e+00
4.565642500000000048e-01
4.860069999999999668e-01
9.159395000000001286e-01
3.846536249999999768e+01
1.749356250000000301e+01
2.440030000000000143e+00
1.299756249999999946e+00
4.311834999999999418e+00
8.382060000000000954e+00
1.347762499999999974e+00
3.857952499999999674e+01
7.661945000000001116e+00
3.236073749999999905e+01
1.794747500000000002e+02
6.520806249999999693e+01
4.398567500000000052e+01
7.902867500000001044e+00
6.954162499999998914e+00
5.744769999999999754e+01
8.071068750000000591e+01
8.563847499999998547e+01
8.887557500000001198e+01
7.910367499999999552e+01
6.671815000000000850e+01
5.764731249999999818e+01
4.231362500000000182e+01
2.870926249999999769e+01
2.664243749999999977e+01
2.496995000000000076e+01
2.371222499999999656e+01
2.291182499999999678e+01
2.540301250000000266e+01
2.830414999999999992e+01
2.807348750000000237e+01
2.788586249999999822e+01
2.754612499999999997e+01
2.578918750000000060e+01
2.274339999999999762e+01
1.770471249999999941e+01
1.757217500000000143e+01
1.468731249999999910e+01
1.269470000000000098e+01
1.071823749999999897e+01
9.242787499999998602e+00
8.918101249999999425e+00
8.752729999999999677e+00
8.026513750000001224e+00
7.355221249999999600e+00
6.871526250000000502e+00
6.338506250000000009e+00
5.691952499999999304e+00
5.357742500000000518e+00
4.965289999999999537e+00
4.200503750000000203e+00
3.712746249999999915e+00
3.395486250000000261e+00
3.011151249999999724e+00
2.728847500000000537e+00
2.648601250000000018e+00
2.544448750000000370e+00
2.473396249999999963e+00
2.448358750000000139e+00
2.421975000000000211e+00
2.372533750000000108e+00
2.341445000000000221e+00
2.325531250000000050e+00
2.309025000000000105e+00
2.284626250000000081e+00
2.216641249999999896e+00
2.158402499999999780e+00
2.091278749999999853e+00
1.995741249999999800e+00
1.904841250000000041e+00
1.835238749999999808e+00
1.792407500000000153e+00
1.777395000000000058e+00
1.759709999999999885e+00
1.740187500000000220e+00
1.717577499999999979e+00
1.699287500000000062e+00
1.686958749999999840e+00
1.665731250000000108e+00
1.650186249999999966e+00
1.637880000000000003e+00
1.623452499999999965e+00
1.616012500000000074e+00
1.613187499999999996e+00
1.611246249999999769e+00
1.609999999999999876e+00
1.610231249999999781e+00
1.631433750000000238e+00
1.669502500000000111e+00
1.699892499999999806e+00
1.726576249999999924e+00
1.751176249999999879e+00
1.771096249999999817e+00
1.805904999999999871e+00
1.895446249999999999e+00
1.903157500000000057e+00
1.816140000000000088e+00
1.769558749999999847e+00
1.681976249999999951e+00
1.587473750000000017e+00
1.570958750000000181e+00
2.018091250000000336e+00
2.213227499999999903e+00
2.268323750000000416e+00
5.975000000000000311e-01
5.973749999999999893e-01
5.954312500000000785e-01
2.961462499999999998e-01
2.950537500000000035e-01
