8.641574999999999118e-01
1.028979499999999936e+00
7.029213749999999594e-01
5.921338750000000317e-01
5.286545000000000272e-01
4.755716249999999978e-01
4.191246249999999174e-01
3.704096250000000201e-01
3.322973750000000059e-01
2.970788750000000200e-01
2.608310000000000350e-01
2.199586249999999632e-01
1.870179999999999898e-01
1.308025000000000160e-01
1.053637499999999921e-01
9.367953749999999302e-02
8.258447500000000441e-02
7.474453749999999952e-02
6.871033749999999607e-02
6.397646249999999757e-02
6.009604999999999808e-02
5.690090000000000425e-02
5.233483749999999490e-02
4.730020000000000058e-02
4.350314999999999738e-02
4.052972500000000255e-02
3.804048750000000451e-02
3.597257500000000663e-02
3.421497500000000164e-02
3.272395000000000165e-02
3.137519999999999892e-02
3.019530000000000131e-02
2.912983749999999497e-02
2.816606250000000186e-02
2.694577500000000167e-02
2.551080000000000361e-02
2.428642499999999690e-02
2.323617499999999780e-02
2.244311249999999744e-02
2.198993750000000080e-02
2.141555000000000195e-02
2.065128750000000055e-02
1.996090000000000017e-02
1.935821250000000285e-02
1.877067500000000055e-02
1.838870000000000088e-02
1.814441249999999839e-02
1.790241249999999923e-02
1.766029999999999683e-02
1.750186249999999971e-02
1.742764999999999939e-02
1.735471250000000104e-02
1.728071249999999989e-02
1.720677500000000054e-02
1.713331249999999750e-02
1.705939999999999887e-02
1.698550000000000060e-02
1.691225000000000020e-02
1.683832499999999774e-02
1.676502499999999937e-02
1.669131249999999955e-02
1.661762500000000045e-02
1.654373749999999907e-02
1.647017500000000009e-02
1.634078749999999872e-02
1.615697500000000050e-02
1.597294999999999965e-02
1.578829999999999817e-02
1.555992499999999876e-02
1.529084999999999993e-02
1.501977500000000083e-02
1.474577499999999916e-02
1.447419999999999957e-02
1.414972499999999841e-02
1.376738750000000219e-02
1.338394999999999863e-02
1.305432499999999857e-02
1.276427499999999854e-02
1.252283749999999994e-02
1.227971249999999792e-02
1.202485000000000012e-02
1.180436250000000027e-02
1.159928749999999953e-02
1.139095000000000038e-02
1.115992500000000109e-02
1.091644999999999942e-02
1.068279999999999924e-02
1.049401250000000022e-02
1.033412499999999956e-02
1.023152499999999999e-02
1.016718749999999914e-02
1.004877500000000111e-02
9.696622499999998229e-03
9.281464999999999160e-03
8.996933750000001700e-03
8.459154999999999452e-03
8.001952499999999413e-03
7.761097499999999524e-03
7.432827500000000961e-03
7.154171249999999836e-03
7.012405000000000201e-03
6.904518750000000586e-03
6.765606250000001133e-03
6.675608750000000015e-03
6.433562499999999178e-03
6.065607500000000374e-03
5.764423749999999895e-03
5.457465000000000753e-03
5.234848750000000751e-03
5.080147500000000739e-03
4.912737499999999223e-03
4.786015000000000234e-03
4.674953750000000394e-03
4.559943749999999935e-03
4.437202500000000070e-03
4.281005000000000053e-03
4.173337499999999790e-03
4.097841249999999505e-03
4.013107499999999869e-03
3.913097499999999666e-03
3.769105000000000025e-03
3.585661249999999838e-03
3.434054999999999660e-03
3.343101250000000101e-03
3.301577499999999721e-03
3.254757499999999786e-03
3.207127499999999458e-03
3.173987500000000246e-03
3.134431249999999457e-03
3.098351249999999925e-03
3.051267500000000472e-03
3.016962499999999506e-03
2.989136250000000179e-03
2.957817500000000342e-03
2.909828749999999759e-03
2.865808750000000543e-03
2.830391249999999678e-03
2.792967499999999669e-03
2.753140000000000275e-03
2.725824999999999863e-03
2.697506249999999557e-03
2.670361249999999870e-03
2.645302500000000154e-03
2.581542500000000209e-03
2.511910000000000011e-03
2.461458750000000174e-03
2.418059999999999654e-03
2.373156250000000266e-03
2.319493750000000201e-03
2.277773750000000336e-03
2.250115000000000448e-03
2.204242500000000091e-03
2.137213749999999825e-03
2.082717500000000159e-03
2.048687500000000161e-03
2.023094999999999928e-03
2.006807499999999946e-03
1.938204999999999919e-03
1.916677500000000265e-03
1.926728749999999987e-03
1.944262499999999940e-03
1.982376249999999972e-03
2.136083749999999597e-03
2.357752500000000022e-03
2.165667500000000079e+00
1.182317500000000000e-02
2.904467499999999723e-03
1.955993750000000093e-03
2.622521249999999922e-03
1.108565000000000023e+00
1.069899999999999844e-02
5.770664999999999475e-03
9.940745000000002218e-02
2.065585000000000004e+00
3.472883749999999825e-02
1.288626250000000084e+00
1.185788749999999942e-03
4.819079999999999675e-04
6.501146249999999183e-02
1.066042999999999991e-01
1.413548749999999909e-01
6.100664999999999560e-02
3.744592499999999796e-02
1.422598749999999870e-02
2.487233750000000104e-02
1.785198749999999945e-02
2.926006249999999961e-03
2.466506249999999775e-02
4.562646249999999931e-03
1.373419999999999849e-02
2.494764999999999830e-02
1.312796249999999970e-02
4.548936249999999820e-03
1.804466250000000271e-02
1.931767499999999943e-02
1.841151249999999767e-02
1.768453750000000338e-02
1.719089999999999854e-02
1.703367500000000159e-02
1.695920000000000066e-02
1.691291250000000190e-02
1.689542500000000211e-02
1.687409999999999952e-02
1.684835000000000152e-02
1.687071249999999925e-02
1.692355000000000248e-02
1.695920000000000066e-02
1.703085000000000016e-02
1.708701249999999838e-02
1.716282499999999961e-02
1.734232500000000218e-02
1.753001250000000080e-02
1.763642499999999724e-02
1.724636250000000093e-02
1.416183750000000151e-02
1.121563750000000026e-02
9.294359999999999775e-03
8.792641250000000214e-03
8.439282499999999076e-03
8.365443749999999790e-03
8.428762500000000837e-03
8.480033749999999274e-03
8.569632500000000375e-03
9.183978750000000232e-03
9.021466250000000422e-03
6.943684999999999788e-03
6.140467499999999884e-03
4.662166249999999575e-03
3.347446249999999884e-03
2.388888750000000075e-03
1.292333750000000149e-03
7.531283749999999550e-04
9.092793750000001613e-04
2.637412500000000390e-04
2.543575000000000393e-04
2.408952500000000074e-04
1.119051249999999953e-04
1.103712499999999946e-04
