7.321850000000000414e+00
9.344911249999999114e+00
6.921363750000000259e+00
6.169132499999999908e+00
5.762448749999999897e+00
5.440066249999999215e+00
5.118660000000000210e+00
4.860439999999999650e+00
4.673992499999999772e+00
4.515038750000000434e+00
4.364303750000000370e+00
4.212918750000000045e+00
4.103608750000000249e+00
3.947448750000000395e+00
3.886534999999999851e+00
3.861732500000000012e+00
3.839521249999999775e+00
3.824681249999999810e+00
3.813732499999999970e+00
3.805435000000000567e+00
3.798816249999999783e+00
3.793505000000000571e+00
3.786113750000000167e+00
3.778220000000000578e+00
3.772452499999999542e+00
3.768048750000000169e+00
3.764433750000000245e+00
3.761486249999999032e+00
3.759013749999999821e+00
3.756943750000000026e+00
3.755086249999999737e+00
3.753482500000000055e+00
3.752043750000000344e+00
3.750747500000000123e+00
3.749127500000000612e+00
3.747235000000000760e+00
3.745635000000000048e+00
3.744275000000000020e+00
3.743246249999999886e+00
3.742663750000000178e+00
3.741927500000000073e+00
3.740948750000000267e+00
3.740066249999999926e+00
3.739301250000000021e+00
3.738552499999999945e+00
3.738070000000000004e+00
3.737760000000000637e+00
3.737453749999999797e+00
3.737146249999999892e+00
3.736942500000000500e+00
3.736850000000000005e+00
3.736759999999999859e+00
3.736660000000000093e+00
3.736569999999999947e+00
3.736477499999999896e+00
3.736380000000000035e+00
3.736289999999999889e+00
3.736193750000000424e+00
3.736099999999999977e+00
3.736009999999999831e+00
3.735911250000000017e+00
3.735819999999999919e+00
3.735725000000000406e+00
3.735630000000000006e+00
3.735467499999999497e+00
3.735233750000000352e+00
3.735001249999999828e+00
3.734765000000000779e+00
3.734470000000000844e+00
3.734127500000000044e+00
3.733776249999999575e+00
3.733427499999999455e+00
3.733077500000000715e+00
3.732656249999999787e+00
3.732159999999999922e+00
3.731660000000000643e+00
3.731223750000000283e+00
3.730840000000000600e+00
3.730519999999999392e+00
3.730187499999999989e+00
3.729832500000000106e+00
3.729528750000000503e+00
3.729242500000000238e+00
3.728952500000000558e+00
3.728634999999999255e+00
3.728296250000000533e+00
3.727972499999999467e+00
3.727696249999999711e+00
3.727456250000000360e+00
3.727300000000000058e+00
3.727203749999999705e+00
3.727027499999999716e+00
3.726494999999999891e+00
3.725851250000000281e+00
3.725385000000000169e+00
3.724474999999999980e+00
3.723657499999999398e+00
3.723193749999999635e+00
3.722521249999999782e+00
3.721953749999999950e+00
3.721640000000000281e+00
3.721388750000000023e+00
3.721057500000000573e+00
3.720839999999999481e+00
3.720236250000000133e+00
3.719232499999999941e+00
3.718312499999999243e+00
3.717232500000000162e+00
3.716380000000000461e+00
3.715776249999999337e+00
3.715007499999999574e+00
3.714398750000000415e+00
3.713858750000000430e+00
3.713224999999999998e+00
3.712496249999999165e+00
3.711526249999999916e+00
3.710763749999999916e+00
3.710221249999999582e+00
3.709530000000000438e+00
3.708547499999999442e+00
3.707127499999999909e+00
3.705323750000000249e+00
3.703542500000000182e+00
3.702192500000000219e+00
3.701576250000000012e+00
3.700881250000000122e+00
3.700173749999999817e+00
3.699682500000000207e+00
3.699067499999999509e+00
3.698337500000000944e+00
3.697358749999999805e+00
3.696644999999999737e+00
3.696066249999999886e+00
3.695413749999999276e+00
3.694412499999999877e+00
3.693376250000000471e+00
3.692392499999999966e+00
3.691354999999999720e+00
3.690248749999999855e+00
3.689489999999999714e+00
3.688677500000000276e+00
3.687691249999999865e+00
3.686722500000000569e+00
3.684255000000000280e+00
3.681562500000000071e+00
3.679436249999999742e+00
3.677101249999999766e+00
3.674583750000000038e+00
3.671553749999999727e+00
3.668622500000000120e+00
3.666463750000000132e+00
3.662806250000000041e+00
3.656163750000000157e+00
3.649181249999999821e+00
3.643406250000000401e+00
3.639065000000000438e+00
3.636302500000000215e+00
3.610190000000000232e+00
3.576842500000000147e+00
3.566405000000000047e+00
3.557349999999999568e+00
3.540567499999999868e+00
3.497076250000000108e+00
3.452971250000000492e+00
1.196519999999999939e+01
4.105956250000000196e+00
3.673090000000000188e+00
3.398691249999999719e+00
2.939933750000000234e+00
1.682286250000000294e+01
3.646376249999999875e+00
2.476013749999999902e+00
9.525505000000000777e+00
3.868277499999999804e+02
2.024815000000000254e+01
1.231507500000000022e+01
6.079205000000000858e+00
5.416848749999999768e+00
6.475596250000000609e+00
4.904267499999999558e+00
4.335688750000000091e+00
1.811244999999999905e+01
6.819277500000000991e+00
5.827549999999998676e+00
9.351861249999998904e+00
1.078902500000000053e+01
6.598258750000001172e+00
7.356618749999999096e+00
5.148741250000000491e+00
1.211049999999999827e+01
1.858728749999999863e+01
1.303517499999999885e+01
7.653205000000000702e+00
9.989051249999999271e+00
8.060111250000000283e+00
8.020561250000000086e+00
7.953547499999999992e+00
7.813936250000000250e+00
7.605474999999999319e+00
7.355524999999999203e+00
7.193607499999999710e+00
7.134016250000000170e+00
7.061440000000000161e+00
6.973771250000000421e+00
6.842977499999999047e+00
6.718265000000000597e+00
6.634218750000000497e+00
6.465157499999999224e+00
6.332695000000001073e+00
6.204155000000000086e+00
5.986782499999999452e+00
5.823900000000000077e+00
5.743801249999999747e+00
5.688969999999999416e+00
5.627222500000000238e+00
5.482597499999999791e+00
5.274640000000000661e+00
5.066052499999999625e+00
4.925950000000000273e+00
4.827835000000000321e+00
4.750537500000000080e+00
4.687945000000000029e+00
4.578562499999999424e+00
4.325427499999999981e+00
3.995310000000000361e+00
3.827931250000000230e+00
3.741213750000000449e+00
3.666676249999999637e+00
3.768658750000000168e+00
3.962262500000000465e+00
4.349366250000000100e+00
4.499333749999999910e+00
4.282603749999999820e+00
9.782649999999999402e-01
9.599137499999998990e-01
9.349324999999999442e-01
4.420287500000000258e-01
4.225837499999999802e-01
