6.457687499999999581e+00
8.315931250000001995e+00
6.218443749999999604e+00
5.576996250000000543e+00
5.233795000000000641e+00
4.964493749999999928e+00
4.699535000000000906e+00
4.490031249999999474e+00
4.341693750000000129e+00
4.217960000000000598e+00
4.103470000000000617e+00
3.992958750000000112e+00
3.916591250000000191e+00
3.816647499999999749e+00
3.781172499999999825e+00
3.768052499999999583e+00
3.756937500000000263e+00
3.749936250000000193e+00
3.745019999999999794e+00
3.741458750000000055e+00
3.738718750000000313e+00
3.736603749999999557e+00
3.733779999999999877e+00
3.730918750000000284e+00
3.728948750000000700e+00
3.727518749999999770e+00
3.726393749999999727e+00
3.725516250000000085e+00
3.724800000000000999e+00
3.724219999999999420e+00
3.723710000000000075e+00
3.723287499999999195e+00
3.722909999999999719e+00
3.722583750000000080e+00
3.722180000000000710e+00
3.721722500000000711e+00
3.721350000000000602e+00
3.721039999999999459e+00
3.720801250000000060e+00
3.720669999999999256e+00
3.720510000000000428e+00
3.720297500000000035e+00
3.720106249999999726e+00
3.719940000000000246e+00
3.719782499999999992e+00
3.719679999999999875e+00
3.719617499999999577e+00
3.719549999999999024e+00
3.719489999999999963e+00
3.719439999999999635e+00
3.719419999999999948e+00
3.719399999999999817e+00
3.719380000000000575e+00
3.719360000000000888e+00
3.719339999999999424e+00
3.719320000000000181e+00
3.719300000000000050e+00
3.719280000000000364e+00
3.719259999999999344e+00
3.719239999999999657e+00
3.719219999999999970e+00
3.719200000000000284e+00
3.719180000000000597e+00
3.719159999999999577e+00
3.719129999999999825e+00
3.719079999999999053e+00
3.719030000000000058e+00
3.718980000000001063e+00
3.718910000000000604e+00
3.718837500000000240e+00
3.718760000000000066e+00
3.718679999999999541e+00
3.718599999999999461e+00
3.718508750000000695e+00
3.718389999999999862e+00
3.718278750000000077e+00
3.718170000000000197e+00
3.718076250000000194e+00
3.717998750000000019e+00
3.717909999999999826e+00
3.717810000000000059e+00
3.717722499999999819e+00
3.717642499999999739e+00
3.717559999999999754e+00
3.717469999999999608e+00
3.717379999999999463e+00
3.717289999999999317e+00
3.717201249999999568e+00
3.717120000000000424e+00
3.717070000000000096e+00
3.717040000000000344e+00
3.716979999999999951e+00
3.716799999999999660e+00
3.716570000000000373e+00
3.716387500000000177e+00
3.716017499999999973e+00
3.715657500000000280e+00
3.715431250000000407e+00
3.715090000000000003e+00
3.714799999999999880e+00
3.714630000000000098e+00
3.714480000000000892e+00
3.714289999999999203e+00
3.714169999999999749e+00
3.713806249999999309e+00
3.713166249999999113e+00
3.712549999999999795e+00
3.711773750000000760e+00
3.711148749999999996e+00
3.710696249999999807e+00
3.710096250000000317e+00
3.709610000000000518e+00
3.709186250000000129e+00
3.708665000000000322e+00
3.708057500000000228e+00
3.707242499999999996e+00
3.706590000000000273e+00
3.706122499999999320e+00
3.705518749999999972e+00
3.704633750000000170e+00
3.703358750000000033e+00
3.701737500000000125e+00
3.700108749999999169e+00
3.698850000000000193e+00
3.698275000000000201e+00
3.697625000000000384e+00
3.696966250000000009e+00
3.696508750000000010e+00
3.695931250000000112e+00
3.695239999999999192e+00
3.694307500000000744e+00
3.693626249999999889e+00
3.693076249999999838e+00
3.692455000000000709e+00
3.691502499999999909e+00
3.690511249999999688e+00
3.689562500000000078e+00
3.688562499999999744e+00
3.687496249999999698e+00
3.686766249999999800e+00
3.685980000000000256e+00
3.685021250000000137e+00
3.684077499999999894e+00
3.681675000000000253e+00
3.679047499999999804e+00
3.676976250000000057e+00
3.674683749999999804e+00
3.672211250000000149e+00
3.669233750000000072e+00
3.666346249999999696e+00
3.664213750000000047e+00
3.660602500000000425e+00
3.654023749999999904e+00
3.647096249999999706e+00
3.641357499999999803e+00
3.637041250000000225e+00
3.634296249999999784e+00
3.608249999999999957e+00
3.574925000000000352e+00
3.564478749999999696e+00
3.555406249999999435e+00
3.538587500000000219e+00
3.494938749999999761e+00
3.450611250000000130e+00
9.799543750000001552e+00
4.094133750000000127e+00
3.670187500000000380e+00
3.396736249999999568e+00
2.937312499999999993e+00
1.571429999999999971e+01
3.635678749999999848e+00
2.470244999999999802e+00
9.426099999999999923e+00
3.847622499999999945e+02
2.021342500000000086e+01
1.102645000000000053e+01
6.078019999999999534e+00
5.416367500000000668e+00
6.410586249999999708e+00
4.797663749999999894e+00
4.194337499999999608e+00
1.805142499999999828e+01
6.781832499999999264e+00
5.813325000000000742e+00
9.326988749999999939e+00
1.077118749999999991e+01
6.595333749999999995e+00
7.331953750000000269e+00
5.144176249999999229e+00
1.209675000000000189e+01
1.856231250000000088e+01
1.302203749999999971e+01
7.648653750000001139e+00
9.970996250000000671e+00
8.040792500000000231e+00
8.002150000000000318e+00
7.935863749999999328e+00
7.796743750000000972e+00
7.588440000000000296e+00
7.338567499999999910e+00
7.176692499999999697e+00
7.117119999999999891e+00
7.044567500000000315e+00
6.956923750000000517e+00
6.826107499999999995e+00
6.701341250000000471e+00
6.617258750000000411e+00
6.448126249999999615e+00
6.315607500000000485e+00
6.186992499999999673e+00
5.969439999999999635e+00
5.806370000000000253e+00
5.726164999999999949e+00
5.664493749999999217e+00
5.538512500000000394e+00
5.246789999999999843e+00
4.881823749999999684e+00
4.557758749999999637e+00
4.332196249999999971e+00
4.189876250000000191e+00
4.088937500000000114e+00
4.007201250000000492e+00
3.864367500000000177e+00
3.546407499999999935e+00
3.002361249999999426e+00
2.613590000000000302e+00
2.416343750000000234e+00
2.164099999999999469e+00
2.240943749999999568e+00
2.412180000000000213e+00
2.756432500000000285e+00
2.963131249999999994e+00
2.975897499999999862e+00
6.426637500000000891e-01
6.337424999999999864e-01
6.059674999999999923e-01
2.731112500000000276e-01
2.519462499999999827e-01
