2.873806249999999807e+01
3.517282500000000312e+01
2.484689999999999799e+01
2.144782500000000169e+01
1.953784999999999883e+01
1.796816250000000181e+01
1.633241250000000022e+01
1.495073749999999890e+01
1.389436249999999973e+01
1.293927500000000030e+01
1.197681249999999942e+01
1.092123750000000015e+01
1.009088750000000090e+01
8.722612500000000324e+00
8.119105000000001127e+00
7.847008749999999644e+00
7.590779999999999639e+00
7.411088750000000225e+00
7.273557499999999898e+00
7.166121249999999776e+00
7.078336249999998664e+00
7.006274999999998698e+00
6.903607499999999675e+00
6.790797500000000042e+00
6.705988749999999499e+00
6.639732500000000037e+00
6.584371250000000231e+00
6.538447500000000190e+00
6.499445000000000583e+00
6.466386250000000224e+00
6.436496250000001140e+00
6.410361249999999345e+00
6.386769999999999392e+00
6.365432500000000715e+00
6.338398750000001414e+00
6.306611249999999558e+00
6.279468749999999488e+00
6.256162500000000293e+00
6.238562499999999567e+00
6.228493750000000162e+00
6.215703750000000305e+00
6.198683750000000714e+00
6.183281250000000284e+00
6.169801249999999904e+00
6.156657499999999672e+00
6.148078749999999815e+00
6.142587500000001199e+00
6.137143750000000786e+00
6.131700000000000372e+00
6.128130000000000521e+00
6.126448749999999777e+00
6.124789999999999068e+00
6.123112499999999514e+00
6.121433750000000451e+00
6.119767500000000915e+00
6.118091249999999981e+00
6.116411250000000521e+00
6.114752500000000701e+00
6.113072500000000353e+00
6.111409999999999343e+00
6.109737499999999599e+00
6.108062499999999950e+00
6.106386249999999905e+00
6.104718749999999972e+00
6.101782500000000553e+00
6.097611249999999927e+00
6.093432499999999585e+00
6.089245000000000907e+00
6.084013750000000442e+00
6.077818749999999604e+00
6.071575000000000166e+00
6.065266249999999637e+00
6.059011250000000182e+00
6.051471249999999635e+00
6.042526249999999877e+00
6.033549999999999969e+00
6.025743750000000176e+00
6.018831249999999855e+00
6.013078750000000916e+00
6.007152500000000117e+00
6.000845000000000873e+00
5.995386249999999251e+00
5.990311250000000420e+00
5.985153749999999384e+00
5.979433750000000103e+00
5.973407500000000425e+00
5.967619999999999258e+00
5.962758750000000774e+00
5.958524999999999849e+00
5.955808750000000096e+00
5.954103750000000694e+00
5.950969999999999871e+00
5.941641249999999985e+00
5.930385000000000240e+00
5.922276249999999465e+00
5.906627499999999920e+00
5.892682500000000267e+00
5.884832499999999911e+00
5.873622500000000635e+00
5.864107499999999362e+00
5.858967500000000328e+00
5.854749999999999233e+00
5.849320000000000519e+00
5.845802499999999569e+00
5.835960000000000036e+00
5.819610000000000838e+00
5.804802500000000975e+00
5.787441250000000537e+00
5.773787500000000072e+00
5.764086249999999190e+00
5.751723749999999136e+00
5.741841249999999341e+00
5.733162500000000605e+00
5.722841250000000102e+00
5.710891250000000419e+00
5.694898749999999232e+00
5.682211250000000824e+00
5.673140000000000072e+00
5.661329999999999529e+00
5.643917499999999698e+00
5.618852499999999139e+00
5.586920000000000108e+00
5.553721250000000609e+00
5.527178750000000029e+00
5.515059999999999185e+00
5.501396249999999988e+00
5.487496249999999520e+00
5.477824999999999278e+00
5.465440000000000076e+00
5.449308750000000146e+00
5.427398750000000049e+00
5.411434999999999995e+00
5.398489999999999789e+00
5.383914999999999118e+00
5.361583750000000315e+00
5.336592500000000072e+00
5.311075000000000657e+00
5.284085000000000143e+00
5.255357500000000570e+00
5.235657499999999409e+00
5.214145000000000252e+00
5.184879999999999711e+00
5.155441250000000863e+00
5.077876250000000091e+00
4.983719999999999928e+00
4.904453750000000056e+00
4.807498749999999710e+00
4.688833749999999689e+00
4.525716250000000329e+00
4.345171249999999930e+00
4.197521249999999426e+00
3.942740000000000133e+00
1.790729999999999933e+01
5.417568750000000364e+02
1.180379999999999896e+01
8.664691250000000622e+00
8.090878749999998121e+00
9.340953749999999900e+01
7.633833749999999974e+00
1.465706250000000210e+01
8.197612499999999969e+00
7.118226250000000199e+00
6.946229999999999905e+00
6.319087500000000190e+00
5.634005000000000152e+00
5.440550000000001063e+01
1.388191250000000139e+02
8.253751250000000539e+00
2.446507499999999879e+01
4.947755000000000081e+01
7.420051250000000209e+01
2.161723750000000166e+01
1.345632499999999965e+01
9.102247500000000713e+00
6.840478750000000829e+00
1.628968749999999943e+01
1.008602875000000054e+01
1.328686250000000157e+01
1.161100000000000065e+01
9.524860000000000326e+00
8.664609999999999701e+00
1.100534999999999997e+01
8.957619999999998583e+00
9.369617500000000376e+00
9.071425000000001404e+00
8.813696250000001342e+00
8.613408750000001390e+00
8.548719999999999430e+00
8.484251249999998024e+00
8.364242499999999580e+00
8.288327499999999404e+00
8.248768749999999983e+00
8.208032499999999843e+00
8.148780000000000356e+00
8.055509999999999948e+00
8.014193750000000449e+00
7.945335000000000036e+00
7.805248749999998736e+00
7.591952500000000548e+00
7.327611250000000354e+00
7.167231249999999498e+00
7.106491249999999482e+00
7.035606250000000728e+00
6.959482500000000904e+00
6.832340000000000302e+00
6.703495000000000203e+00
6.614769999999999150e+00
6.446392499999999970e+00
6.320013750000000208e+00
6.193282499999998691e+00
5.977718750000000192e+00
5.814573749999999208e+00
5.733708749999999910e+00
5.681173749999999245e+00
5.620548750000000204e+00
5.476676249999999690e+00
5.267903750000000329e+00
5.066406250000000000e+00
4.920284999999998909e+00
4.815390000000000725e+00
4.731327499999999908e+00
4.667567499999999647e+00
4.564797500000000063e+00
4.316229999999999123e+00
3.994972499999999815e+00
3.842042499999999805e+00
3.756293749999999765e+00
3.682953749999999804e+00
3.770397499999999624e+00
3.963587500000000041e+00
4.350138750000000165e+00
4.500945000000000640e+00
4.284376250000000219e+00
9.781249999999999112e-01
9.598112500000000047e-01
9.347574999999999079e-01
4.421200000000000130e-01
4.224975000000000258e-01
