1.016815000000000069e+01
1.306101250000000036e+01
9.741701250000000201e+00
8.723337499999999523e+00
8.177448749999999933e+00
7.748443750000000740e+00
7.325646249999999249e+00
6.990802500000000030e+00
6.753373750000001507e+00
6.555107500000000087e+00
6.371521249999999803e+00
6.194212499999999899e+00
6.071656249999999311e+00
5.911204999999999821e+00
5.854213749999999550e+00
5.833099999999999952e+00
5.815188749999999906e+00
5.803874999999999673e+00
5.795916249999999437e+00
5.790118750000000425e+00
5.785646250000000990e+00
5.782173750000000112e+00
5.777508749999999971e+00
5.772724999999999440e+00
5.769370000000000331e+00
5.766885000000000261e+00
5.764884999999998705e+00
5.763277500000000053e+00
5.761935000000000251e+00
5.760811249999999717e+00
5.759801249999998873e+00
5.758928749999999930e+00
5.758133750000000717e+00
5.757411250000000535e+00
5.756476250000000405e+00
5.755358749999999191e+00
5.754364999999999952e+00
5.753474999999999895e+00
5.752805000000000391e+00
5.752400000000000624e+00
5.751850000000000129e+00
5.751117499999999438e+00
5.750418749999999690e+00
5.749766249999999523e+00
5.749121249999999073e+00
5.748660000000000103e+00
5.748357500000000009e+00
5.748058750000000217e+00
5.747760000000000424e+00
5.747550000000000381e+00
5.747439999999999216e+00
5.747329999999998940e+00
5.747219999999999551e+00
5.747110000000000163e+00
5.746999999999999886e+00
5.746889999999999610e+00
5.746778750000000713e+00
5.746668750000000436e+00
5.746553750000000349e+00
5.746443750000000072e+00
5.746332500000000287e+00
5.746221250000000502e+00
5.746111250000001114e+00
5.746000000000001329e+00
5.745806250000000226e+00
5.745530000000000470e+00
5.745253749999999826e+00
5.744977500000000070e+00
5.744578750000000511e+00
5.744063749999999580e+00
5.743547500000000028e+00
5.743027500000000174e+00
5.742507500000000320e+00
5.741807499999999287e+00
5.740911249999999910e+00
5.740007499999999041e+00
5.739126249999999985e+00
5.738297500000000717e+00
5.737608750000001478e+00
5.736761249999999812e+00
5.735763749999999384e+00
5.734897499999999759e+00
5.734097499999999847e+00
5.733278749999999313e+00
5.732373750000000712e+00
5.731419999999999959e+00
5.730495000000000339e+00
5.729545000000000776e+00
5.728604999999999947e+00
5.727998749999998473e+00
5.727621250000000330e+00
5.726921250000000185e+00
5.724847499999999201e+00
5.722104999999999997e+00
5.719777500000000181e+00
5.715030000000000499e+00
5.710273749999999815e+00
5.707203750000000575e+00
5.702452499999999702e+00
5.698421249999999105e+00
5.696041250000000389e+00
5.693888749999999277e+00
5.691116250000000321e+00
5.689320000000001265e+00
5.684071250000000575e+00
5.674561249999999113e+00
5.665198750000000061e+00
5.653152499999999137e+00
5.643246249999999797e+00
5.636127500000000623e+00
5.626361250000000425e+00
5.618392500000000567e+00
5.611387499999999307e+00
5.602660000000000196e+00
5.592308749999999939e+00
5.578265000000000029e+00
5.566736249999999941e+00
5.558458749999999782e+00
5.547344999999999970e+00
5.530348749999999924e+00
5.505881249999999838e+00
5.474705000000001043e+00
5.441222500000000295e+00
5.413622499999999782e+00
5.401022499999999837e+00
5.386812500000000448e+00
5.372358750000000072e+00
5.362302499999999306e+00
5.349326249999999838e+00
5.331881249999999461e+00
5.308124999999999538e+00
5.290813749999999871e+00
5.276773750000000263e+00
5.260971249999999877e+00
5.236757499999999510e+00
5.209160000000000679e+00
5.180497500000000421e+00
5.150176250000000344e+00
5.117905000000000371e+00
5.095772499999999816e+00
5.071497499999999548e+00
5.037661250000001090e+00
5.003465000000000273e+00
4.912636250000000260e+00
4.799895000000000245e+00
4.703463750000000054e+00
4.582120000000000637e+00
4.427841250000000173e+00
4.204671250000000526e+00
3.937340000000000284e+00
3.696643749999999784e+00
3.100826250000000339e+00
4.818941249999999954e+00
2.277421249999999873e+02
9.857461250000000064e+00
7.375418749999999690e+00
6.615976250000000114e+00
5.902001250000000709e+01
7.522128750000000252e+00
7.602561249999999937e+00
7.718844999999999956e+00
7.051818750000000691e+00
6.571647500000000086e+00
6.300613750000000124e+00
5.400141249999999893e+00
4.303526250000000175e+01
1.251398749999999893e+02
7.761381249999999454e+00
2.024181249999999821e+01
4.688221250000000850e+01
6.973160000000000025e+01
2.075213749999999635e+01
1.204673750000000076e+01
8.166935000000000500e+00
6.712402499999999606e+00
1.513402500000000117e+01
9.245805000000000717e+00
1.193126250000000077e+01
1.101067499999999910e+01
8.915987499999999955e+00
8.271746249999999634e+00
1.067798749999999863e+01
8.780886249999998228e+00
9.044633750000000916e+00
8.801196250000000276e+00
8.590445000000000775e+00
8.425872500000000542e+00
8.372279999999999944e+00
8.318262499999999449e+00
8.217041249999999408e+00
8.152165000000000106e+00
8.117954999999998478e+00
8.082459999999999312e+00
8.030353749999999735e+00
7.951629999999999754e+00
7.920942499999999775e+00
7.861601249999999652e+00
7.730569999999999276e+00
7.444972499999999549e+00
7.019014999999999560e+00
6.762763749999999519e+00
6.663504999999999789e+00
6.546998750000000200e+00
6.419716249999999569e+00
6.245087500000000347e+00
6.069011249999999968e+00
5.928197500000000453e+00
5.644605000000000317e+00
5.428107499999999419e+00
5.219946249999999566e+00
4.885793750000000379e+00
4.622816250000000515e+00
4.486864999999999881e+00
4.397632500000000277e+00
4.301076249999999490e+00
4.089450000000000252e+00
3.807711249999999659e+00
3.559532499999999988e+00
3.388073750000000217e+00
3.264956249999999560e+00
3.165128750000000046e+00
3.085898750000000135e+00
2.955133749999999893e+00
2.650658749999999841e+00
2.280596250000000325e+00
2.100540000000000074e+00
1.991216250000000132e+00
1.942721249999999955e+00
2.115990000000000038e+00
2.353911250000000344e+00
2.742548750000000091e+00
2.955692500000000500e+00
2.936900000000000066e+00
6.369175000000000253e-01
6.256587499999999302e-01
5.960512500000000324e-01
2.671549999999999758e-01
2.462799999999999989e-01
