1.856991250000000093e+01
2.211181249999999920e+01
1.510517499999999913e+01
1.272449999999999903e+01
1.136040000000000028e+01
1.021971250000000175e+01
9.006748749999999859e+00
7.959937500000000554e+00
7.140967499999999468e+00
6.384182499999999649e+00
5.605293749999999520e+00
4.727038750000001066e+00
4.019243750000000226e+00
2.811411249999999917e+00
2.264891250000000245e+00
2.013908750000000136e+00
1.775588749999999827e+00
1.607214999999999838e+00
1.477641250000000017e+00
1.376002500000000017e+00
1.292690000000000117e+00
1.224100000000000188e+00
1.126098749999999926e+00
1.018072500000000158e+00
9.366194999999999382e-01
8.728510000000000435e-01
8.194867500000000415e-01
7.751695000000000668e-01
7.375115000000000975e-01
7.055735000000000756e-01
6.766918750000000538e-01
6.514356249999999626e-01
6.286364999999999315e-01
6.080191249999999936e-01
5.819238749999999794e-01
5.512543749999999632e-01
5.251027500000000625e-01
5.026861249999999837e-01
4.857585000000000375e-01
4.760928750000000265e-01
4.638522500000000215e-01
4.475652500000000256e-01
4.328623750000000214e-01
4.200369999999999937e-01
4.075369999999999826e-01
3.994190000000000240e-01
3.942292500000000310e-01
3.890875000000000306e-01
3.839441249999999695e-01
3.805796249999999770e-01
3.790066249999999304e-01
3.774616250000000228e-01
3.758933749999999741e-01
3.743259999999999921e-01
3.727691250000000345e-01
3.712031250000000226e-01
3.696366249999999409e-01
3.680846249999999986e-01
3.665178749999999930e-01
3.649646250000000425e-01
3.634026250000000902e-01
3.618408750000000063e-01
3.602749999999999564e-01
3.587167500000000286e-01
3.559742499999999921e-01
3.520786250000000339e-01
3.481795000000000861e-01
3.442665000000000308e-01
3.394360000000000710e-01
3.337526250000000250e-01
3.280273749999999544e-01
3.222397499999999915e-01
3.165040000000000076e-01
3.096634999999999804e-01
3.016141250000000107e-01
2.935423749999999665e-01
2.866188749999999952e-01
2.805343750000000025e-01
2.754702500000000276e-01
2.703900000000000192e-01
2.650804999999999967e-01
2.604872500000000035e-01
2.562143749999999942e-01
2.518742499999999662e-01
2.470607499999999956e-01
2.419882500000000158e-01
2.371208750000000087e-01
2.332142500000000118e-01
2.299218749999999700e-01
2.278093750000000084e-01
2.264849999999999919e-01
2.240467499999999890e-01
2.167956249999999918e-01
2.082807500000000145e-01
2.024954999999999949e-01
1.915989999999999915e-01
1.824112499999999693e-01
1.776287500000000019e-01
1.711686250000000187e-01
1.656849999999999989e-01
1.629273749999999854e-01
1.608622499999999844e-01
1.582036250000000144e-01
1.564809999999999812e-01
1.518878750000000055e-01
1.450513750000000102e-01
1.396042500000000131e-01
1.342877500000000113e-01
1.305416249999999945e-01
1.279607499999999842e-01
1.253618749999999837e-01
1.234492499999999965e-01
1.217748750000000046e-01
1.201827500000000049e-01
1.185835000000000083e-01
1.166347500000000093e-01
1.154748750000000046e-01
1.146808750000000016e-01
1.139823749999999969e-01
1.135687500000000100e-01
1.129731250000000076e-01
1.122144999999999948e-01
1.124982499999999802e-01
1.135553750000000001e-01
1.140380000000000005e-01
1.145823749999999863e-01
1.151361249999999919e-01
1.155213749999999956e-01
1.161148750000000063e-01
1.174266249999999789e-01
1.192752499999999993e-01
1.206221250000000106e-01
1.217145000000000032e-01
1.229441250000000013e-01
1.248283749999999914e-01
1.274321250000000072e-01
1.305788750000000109e-01
1.339091249999999900e-01
1.374535000000000062e-01
1.398841249999999981e-01
1.426461250000000125e-01
1.472178749999999980e-01
1.519764999999999866e-01
1.652407499999999918e-01
1.838256249999999925e-01
2.009856250000000566e-01
2.253797500000000176e-01
2.609932500000000100e-01
3.210474999999999857e-01
4.078321249999999898e-01
5.008767499999999817e-01
8.419120000000001047e-01
1.308835000000000015e+01
3.140149999999999864e+02
1.946361249999999821e+00
1.289271250000000091e+00
1.474902500000000227e+00
3.438952500000000612e+01
1.117054999999999992e-01
7.054514999999999425e+00
4.787703750000000258e-01
6.640893750000000095e-02
3.745834999999999582e-01
1.847375000000000059e-02
2.338651250000000070e-01
1.137023750000000000e+01
1.367918750000000117e+01
4.923725000000001017e-01
4.223276249999999621e+00
2.595326250000000279e+00
4.468896250000000236e+00
8.650941250000000471e-01
1.409575000000000022e+00
9.353135000000000199e-01
1.280756249999999985e-01
1.155651250000000019e+00
8.402118750000000524e-01
1.355602500000000044e+00
6.003308750000000416e-01
6.088698750000000048e-01
3.928618749999999160e-01
3.273527499999999701e-01
1.767346249999999785e-01
3.249836250000000537e-01
2.702314999999999579e-01
2.232535000000000214e-01
1.875343750000000032e-01
1.764420000000000155e-01
1.659898750000000089e-01
1.472034999999999871e-01
1.361613750000000012e-01
1.308113750000000075e-01
1.255702500000000221e-01
1.184228750000000108e-01
1.038832500000000103e-01
9.325147500000001421e-02
8.373486250000000686e-02
7.467786249999999737e-02
6.210600000000000148e-02
5.285657500000000286e-02
4.901233749999999584e-02
4.757452499999999945e-02
4.590091249999999484e-02
4.411753750000000501e-02
4.243384999999999518e-02
3.742661249999999773e-02
3.422834999999999767e-02
3.018540000000000112e-02
2.752453749999999796e-02
2.581914999999999558e-02
2.376653750000000051e-02
2.191162499999999708e-02
2.036068750000000205e-02
1.925351250000000014e-02
1.826448749999999913e-02
1.672324999999999853e-02
1.529593749999999877e-02
1.464969999999999987e-02
1.445567499999999943e-02
1.430201249999999910e-02
1.420288750000000058e-02
1.400456250000000138e-02
1.361302499999999908e-02
1.324599999999999736e-02
1.382744999999999981e-02
1.268572500000000186e-02
1.093687499999999868e-02
7.006653750000000312e-03
3.999761249999999983e-03
2.595854999999999777e-03
1.142232500000000140e-03
5.902743750000001349e-04
8.832356249999998975e-04
2.595262500000000260e-04
2.508217499999999605e-04
2.388536249999999945e-04
1.120995000000000064e-04
1.111233750000000057e-04
