3.485610000000000355e+02
4.151078750000000355e+02
2.836282500000000368e+02
2.389638750000000016e+02
2.133761249999999734e+02
1.919825000000000159e+02
1.692382499999999936e+02
1.496151250000000061e+02
1.342681249999999977e+02
1.200926249999999982e+02
1.055116249999999951e+02
8.909171249999999986e+01
7.588477500000000475e+01
5.348537500000000477e+01
4.346931250000000091e+01
3.896778750000000002e+01
3.481701249999999703e+01
3.202241250000000150e+01
3.002073750000000274e+01
2.862838749999999877e+01
2.768853750000000247e+01
2.714961249999999993e+01
2.712263749999999973e+01
2.810951250000000101e+01
2.807094999999999985e+01
2.524579999999999913e+01
2.207906249999999915e+01
1.950629999999999953e+01
1.679991250000000136e+01
1.493983749999999944e+01
1.388207499999999861e+01
1.320716250000000080e+01
1.274150000000000027e+01
1.239082500000000131e+01
1.211937500000000156e+01
1.181944999999999979e+01
1.163393750000000182e+01
1.156957500000000039e+01
1.152092500000000008e+01
1.148901249999999941e+01
1.145502499999999912e+01
1.150767499999999899e+01
1.161046250000000057e+01
1.193591250000000059e+01
1.231632500000000086e+01
1.277170000000000094e+01
1.315534999999999854e+01
1.353543749999999868e+01
1.391568749999999888e+01
1.422548749999999806e+01
1.446555000000000035e+01
1.470137500000000230e+01
1.494067500000000059e+01
1.517986250000000226e+01
1.541742499999999794e+01
1.565643749999999912e+01
1.592976249999999894e+01
1.626213750000000147e+01
1.659897499999999937e+01
1.693293750000000131e+01
1.726877499999999799e+01
1.760456250000000011e+01
1.794118750000000162e+01
1.830601249999999780e+01
1.912186250000000243e+01
2.029191250000000224e+01
2.150004999999999811e+01
2.305093749999999986e+01
2.554561250000000072e+01
2.967148749999999779e+01
3.476676249999999868e+01
4.122080000000000410e+01
4.927133749999999424e+01
6.526456250000001091e+01
1.018837499999999920e+02
1.542833750000000066e+02
1.504865000000000066e+02
9.717557499999999493e+01
6.563397500000000662e+01
5.518135000000000190e+01
9.415225000000000932e+01
2.804510000000000218e+02
2.941413750000000391e+02
9.350733749999999134e+01
2.989826250000000485e+01
1.564226249999999929e+01
1.085953750000000007e+01
8.526522500000000448e+00
7.419597500000000068e+00
7.115043749999999001e+00
7.011652500000000288e+00
7.108281249999999218e+00
1.089713749999999948e+01
4.143039999999999878e+01
1.342688750000000120e+01
6.065714999999999968e+00
6.292819999999999858e+00
5.365066249999999926e+00
9.854715000000000558e+00
1.042612500000000075e+01
1.451374999999999993e+01
5.024603749999999991e+01
1.449867500000000291e+02
3.706617500000000121e+01
8.248668750000000216e+00
4.982973749999999313e+00
1.086803749999999980e+01
3.329025000000000034e+01
6.711772499999999475e+00
1.914117500000000049e+01
1.915567500000000223e+01
7.068751250000000041e+00
5.487662499999999888e+00
3.455884999999999962e+01
1.932179999999999964e+01
8.534380000000000521e+00
2.982355000000000089e+01
1.326796250000000121e+01
9.089273749999998486e+00
3.171497499999999903e+01
9.850017499999999870e+00
6.103943750000000001e+00
6.420149999999999579e+00
7.128588750000000474e+00
5.228608750000000249e+00
8.211902499999998994e+00
2.940748750000000022e+00
3.656689999999999774e+00
3.094877500000000392e+00
4.202537500000000037e+00
3.950923749999999846e+00
1.634166250000000042e+00
2.723803750000000523e+00
3.479196250000000656e+00
4.056292500000000523e+00
6.680381249999999937e+00
1.222805000000000142e+00
4.669649999999999856e+00
3.887545000000000250e+00
2.902089999999999748e+01
2.964629999999999654e+00
1.308108749999999931e+00
3.592712499999999753e+00
7.100317499999999171e+00
1.404560000000000031e+00
9.301476250000000334e+00
2.787287499999999696e+00
2.651229999999999976e+00
1.215253749999999933e+01
2.802406249999999766e+00
2.308485000000000120e+00
6.744444999999998913e+00
1.422222500000000167e+01
6.212381249999999078e+00
4.675163749999999396e+00
5.284453749999999062e+00
4.804551250000000273e+00
3.816628750000000014e+00
2.307336250000000089e+00
3.836381250000000520e+00
2.551523750000000312e+00
4.207278750000000400e+00
2.845316249999999769e+00
3.119264999999999510e+00
1.936514999999999986e+00
2.473727499999999857e+00
2.883091250000000105e+00
2.459743749999999896e+00
1.880041250000000108e+00
1.759956249999999889e+00
1.659858750000000160e+00
1.533366250000000264e+00
1.436549999999999772e+00
1.323698750000000368e+00
1.322672499999999918e+00
1.238941249999999883e+00
1.096946250000000234e+00
1.026773750000000263e+00
9.006724999999998760e-01
7.312266250000000190e-01
6.487196250000000219e-01
5.616422500000000095e-01
5.002477499999999910e-01
4.581788749999999855e-01
4.228193749999999973e-01
3.816267500000000146e-01
3.636253749999999174e-01
3.531370000000000897e-01
3.411917499999999603e-01
3.206982500000000180e-01
3.081612499999999977e-01
3.017828750000000060e-01
2.949191250000000042e-01
2.848301250000000451e-01
2.628508749999999838e-01
2.466749999999999776e-01
2.285213750000000266e-01
2.044548750000000359e-01
1.831943749999999926e-01
1.658705000000000040e-01
1.554388750000000041e-01
1.514567500000000011e-01
1.469532500000000075e-01
1.419257499999999894e-01
1.355802500000000133e-01
1.297663749999999894e-01
1.256334999999999813e-01
1.174226250000000027e-01
1.114061249999999947e-01
1.060021250000000026e-01
9.758517499999999623e-02
9.186584999999999890e-02
8.925818749999998858e-02
8.754892499999999966e-02
8.566097500000000031e-02
8.139218750000000446e-02
7.546251249999999522e-02
6.988926249999999341e-02
6.601606250000000009e-02
6.333107500000001444e-02
6.123611249999999506e-02
5.963444999999999857e-02
5.706155000000000255e-02
4.989333750000000262e-02
3.769931250000000539e-02
2.924277500000000210e-02
2.334957499999999742e-02
1.272433750000000197e-02
6.288267499999999899e-03
3.962307499999999719e-03
2.218802499999999924e-03
1.744165000000000212e-03
1.506370000000000148e-03
3.229650000000000359e-04
3.142124999999999736e-04
3.020375000000000165e-04
1.304649999999999918e-04
1.074968750000000024e-04
