4.195424999999999272e+03
4.995401249999999891e+03
3.412275000000000091e+03
2.874322499999999764e+03
2.566068750000000364e+03
2.308286250000000109e+03
2.034151250000000118e+03
1.797546250000000100e+03
1.612417500000000018e+03
1.441311250000000200e+03
1.265172500000000127e+03
1.066518749999999955e+03
9.063845000000000027e+02
6.326644999999999754e+02
5.085412500000000477e+02
4.512946249999999964e+02
3.968435000000000628e+02
3.581570000000000391e+02
3.281503749999999968e+02
3.044116250000000150e+02
2.847263750000000186e+02
2.681325000000000500e+02
2.449567499999999995e+02
2.204457500000000039e+02
2.062436250000000086e+02
1.986804999999999950e+02
1.915313749999999970e+02
1.834758750000000020e+02
1.756041250000000105e+02
1.686268749999999841e+02
1.625758749999999964e+02
1.573464999999999918e+02
1.528349999999999795e+02
1.488402500000000259e+02
1.442177499999999952e+02
1.382914999999999850e+02
1.331572500000000048e+02
1.288248749999999916e+02
1.255536249999999967e+02
1.234046250000000100e+02
1.205621250000000089e+02
1.194358750000000100e+02
1.191952500000000015e+02
1.215011250000000160e+02
1.244072499999999906e+02
1.279903750000000002e+02
1.310413750000000164e+02
1.340637500000000273e+02
1.370872499999999832e+02
1.395366249999999866e+02
1.414172499999999673e+02
1.432642500000000041e+02
1.451384999999999934e+02
1.470122499999999945e+02
1.488731250000000159e+02
1.507451250000000016e+02
1.528667499999999961e+02
1.554161250000000223e+02
1.579995000000000118e+02
1.605607499999999845e+02
1.631364999999999839e+02
1.657117499999999950e+02
1.682932499999999720e+02
1.710632499999999823e+02
1.771080000000000041e+02
1.857696249999999623e+02
1.946585000000000036e+02
2.055883749999999850e+02
2.229193750000000023e+02
2.495820000000000221e+02
2.794716250000000173e+02
3.126826250000000300e+02
3.465303749999999923e+02
3.991896249999999782e+02
5.240236250000000382e+02
7.531825000000001182e+02
7.759706250000000409e+02
5.409547499999999900e+02
3.772730000000000246e+02
2.858477500000000191e+02
3.031708749999999668e+02
5.056700000000000728e+02
3.971046250000000555e+02
1.169728750000000019e+02
5.575580000000000069e+01
4.732668750000000557e+01
4.641507500000000164e+01
4.795200000000000529e+01
5.143812499999999943e+01
5.485199999999998965e+01
5.732386250000000416e+01
6.330877500000000424e+01
9.389153749999999832e+01
1.670687499999999943e+02
7.667740000000000578e+01
7.854776250000000459e+01
1.055673750000000126e+02
7.511761249999999279e+01
8.387166249999999934e+01
1.020168749999999847e+02
1.171786249999999967e+02
2.468376250000000027e+02
4.642139999999999986e+02
1.140791249999999906e+02
3.557031250000000000e+01
3.179588750000000275e+01
6.888620000000000232e+01
1.965199999999999818e+02
5.512539999999999196e+01
1.489653749999999945e+02
1.140466249999999917e+02
4.617161249999999484e+01
1.588723749999999946e+01
1.254983750000000100e+02
1.347734999999999843e+02
4.446014999999999873e+01
1.682257499999999766e+02
1.026649749999999983e+02
8.284409999999999741e+01
2.032678750000000036e+02
9.185580000000001633e+01
6.238246250000000259e+01
6.406603749999999309e+01
4.984539999999999793e+01
6.026831249999999329e+01
6.920348749999999427e+01
6.619536250000000166e+01
8.666733749999998793e+01
6.526867500000000177e+01
4.716746250000000629e+01
3.921525000000000460e+01
1.560913750000000100e+01
4.124295000000000044e+01
4.323167500000000274e+01
2.137651250000000047e+01
3.073208749999999867e+01
1.372822499999999835e+01
1.654471249999999927e+01
2.462369999999999948e+01
7.246973750000000791e+01
2.114251250000000226e+01
1.477167500000000011e+01
2.205934999999999491e+01
6.906993750000000887e+01
1.758236250000000211e+01
4.238476249999999368e+01
2.324952500000000200e+01
3.166622500000000073e+01
6.263507500000000050e+01
3.422217500000000001e+01
2.695210000000000150e+01
2.398778749999999960e+01
4.660496250000000629e+01
3.172281250000000341e+01
5.100064999999999316e+01
3.664700000000000557e+01
2.654394999999999882e+01
2.078653750000000144e+01
2.972126250000000169e+01
2.439935000000000187e+01
4.317928750000000093e+01
2.285953749999999829e+01
1.998522499999999980e+01
2.492338750000000047e+01
1.492342499999999994e+01
1.330206250000000168e+01
1.495955000000000013e+01
1.259256250000000144e+01
9.509121249999999748e+00
9.090106249999999832e+00
8.607901249999999393e+00
7.820009999999999906e+00
7.558721249999998726e+00
6.846992499999999815e+00
6.708564999999999223e+00
6.423554999999999460e+00
5.953159999999999563e+00
5.575734999999999886e+00
4.965139999999999887e+00
4.338131249999999994e+00
4.000754999999999839e+00
3.689273749999999907e+00
3.364370000000000083e+00
3.045127499999999987e+00
2.817356250000000006e+00
2.643737500000000296e+00
2.519546250000000320e+00
2.482278750000000311e+00
2.442113749999999861e+00
2.369683750000000089e+00
2.324088750000000037e+00
2.301829999999999821e+00
2.279144999999999754e+00
2.249046250000000136e+00
2.190046249999999972e+00
2.158958750000000038e+00
2.143836249999999666e+00
2.144178750000000022e+00
2.130926249999999911e+00
2.061891249999999953e+00
2.012052500000000244e+00
1.994841250000000121e+00
1.976242499999999902e+00
1.956232499999999819e+00
1.933170000000000055e+00
1.915851250000000228e+00
1.906016249999999967e+00
1.894142500000000062e+00
1.889386250000000045e+00
1.877692499999999987e+00
1.846330000000000027e+00
1.835621249999999982e+00
1.834220000000000184e+00
1.834160000000000235e+00
1.834611249999999805e+00
1.837011249999999984e+00
1.843063750000000001e+00
1.851353749999999687e+00
1.860276250000000076e+00
1.869152499999999995e+00
1.877076250000000002e+00
1.883403750000000043e+00
1.894068749999999968e+00
1.922525000000000039e+00
1.954365000000000130e+00
1.930393749999999908e+00
1.890666249999999993e+00
1.761525000000000007e+00
1.620033749999999939e+00
1.587796249999999798e+00
2.079446250000000163e+00
2.286611249999999984e+00
2.215097499999999719e+00
5.725899999999999324e-01
5.840699999999999781e-01
5.985724999999999518e-01
3.022075000000000178e-01
2.939474999999999727e-01
