4.557132499999999709e+03
5.429353750000000218e+03
3.711336250000000291e+03
3.127791249999999764e+03
2.793481250000000273e+03
2.513953750000000127e+03
2.216736249999999927e+03
1.960252500000000055e+03
1.759592499999999973e+03
1.574166249999999764e+03
1.383309999999999945e+03
1.168106250000000045e+03
9.946700000000000728e+02
6.984227499999999509e+02
5.642322500000000218e+02
5.024608750000000441e+02
4.438356249999999932e+02
4.023355000000000246e+02
3.703111250000000609e+02
3.451647500000000264e+02
3.245252499999999714e+02
3.073781250000000114e+02
2.841507500000000164e+02
2.605911250000000337e+02
2.463191250000000139e+02
2.359081250000000125e+02
2.255734999999999957e+02
2.149257499999999936e+02
2.043258749999999964e+02
1.954636250000000075e+02
1.883286249999999882e+02
1.823983750000000157e+02
1.773943749999999682e+02
1.730225000000000080e+02
1.680893750000000182e+02
1.618101249999999993e+02
1.564326250000000300e+02
1.519737499999999955e+02
1.486067500000000052e+02
1.463951250000000073e+02
1.434705000000000155e+02
1.423221249999999998e+02
1.421059999999999945e+02
1.446528749999999945e+02
1.478537499999999909e+02
1.518239999999999839e+02
1.552110000000000127e+02
1.585665000000000191e+02
1.619231249999999989e+02
1.646483750000000157e+02
1.667486249999999757e+02
1.688111250000000041e+02
1.709041250000000218e+02
1.729966249999999945e+02
1.750745000000000005e+02
1.771649999999999920e+02
1.795390000000000157e+02
1.823990000000000009e+02
1.852973749999999882e+02
1.881707499999999982e+02
1.910604999999999905e+02
1.939496249999999975e+02
1.968463749999999948e+02
1.999591250000000002e+02
2.067802500000000236e+02
2.165557500000000459e+02
2.265969999999999516e+02
2.390225000000000080e+02
2.587666249999999764e+02
2.894567499999999995e+02
3.243572499999999650e+02
3.639569999999999936e+02
4.058067500000000223e+02
4.743933750000000487e+02
6.358716250000001082e+02
9.186109999999999900e+02
9.399706249999999272e+02
6.524199999999999591e+02
4.567786250000000337e+02
3.539986250000000041e+02
4.091378750000000082e+02
7.993430000000000746e+02
7.087595000000000027e+02
2.269057500000000118e+02
1.003485125000000124e+02
7.681462500000000659e+01
7.064057500000001255e+01
6.948632499999999368e+01
7.158552500000000407e+01
7.454059999999999775e+01
7.681759999999999877e+01
8.274478750000000105e+01
1.167459999999999951e+02
2.207691250000000025e+02
1.028152499999999918e+02
9.644350000000000023e+01
1.236831249999999898e+02
9.218243749999999181e+01
1.047376250000000084e+02
1.232461250000000064e+02
1.417187500000000000e+02
3.064246249999999918e+02
6.264819999999999709e+02
1.674501250000000141e+02
5.681595000000000084e+01
4.811952500000000299e+01
8.999289999999999168e+01
2.427087499999999523e+02
7.378163750000000221e+01
1.790733749999999986e+02
1.470816250000000025e+02
6.599664999999998827e+01
3.233972500000000139e+01
1.715511250000000132e+02
1.669097500000000025e+02
6.430341249999999320e+01
2.086156250000000227e+02
1.295079999999999814e+02
1.029786249999999939e+02
2.470321250000000077e+02
1.164448749999999961e+02
8.139412500000000250e+01
8.278231250000000330e+01
6.901883750000000362e+01
7.722671250000000498e+01
9.000589999999999691e+01
8.130102499999999566e+01
1.026736250000000155e+02
8.160462499999999864e+01
6.397367499999999296e+01
5.619082500000000380e+01
2.957826250000000101e+01
5.584807500000000147e+01
5.896254999999999313e+01
3.769865000000000066e+01
4.972362499999999841e+01
2.689371250000000302e+01
3.252777500000000543e+01
3.960353750000000161e+01
1.137297499999999957e+02
3.644966250000000230e+01
2.756826249999999945e+01
3.606518750000000040e+01
8.793716249999998524e+01
3.102552499999999469e+01
6.360944999999999538e+01
3.811874999999999858e+01
4.558003750000000309e+01
8.642836249999999154e+01
4.917408749999999884e+01
4.122173749999999615e+01
4.234125000000000227e+01
7.366926250000000209e+01
4.975041249999999593e+01
6.805438750000000425e+01
5.468402499999999833e+01
4.414837500000000148e+01
3.670239999999999725e+01
4.296546249999999390e+01
3.974725000000000819e+01
5.795434999999999803e+01
3.940477500000000077e+01
3.474022500000000235e+01
4.046663750000000448e+01
2.886123749999999788e+01
2.789484999999999815e+01
3.030923750000000183e+01
2.741624999999999801e+01
2.359371250000000231e+01
2.308217499999999944e+01
2.249221250000000083e+01
2.153108750000000171e+01
2.117302499999999910e+01
2.038686249999999944e+01
2.038485000000000014e+01
1.975611250000000041e+01
1.877273749999999808e+01
1.840471249999999870e+01
1.772724999999999795e+01
1.675861249999999814e+01
1.636073749999999905e+01
1.574830000000000041e+01
1.522606249999999939e+01
1.469687500000000036e+01
1.425991249999999866e+01
1.378174999999999883e+01
1.320847499999999819e+01
1.308247499999999874e+01
1.293712499999999999e+01
1.265248749999999944e+01
1.244961250000000064e+01
1.235926249999999982e+01
1.225832499999999925e+01
1.210601249999999851e+01
1.171995000000000076e+01
1.138799999999999812e+01
1.097526250000000125e+01
1.034805000000000064e+01
9.690308749999999804e+00
9.211728750000000687e+00
8.894510000000000360e+00
8.758292500000001368e+00
8.600442499999999768e+00
8.419888750000000144e+00
8.192861249999999984e+00
8.001981250000000045e+00
7.883123750000000207e+00
7.661236249999999970e+00
7.499334999999999418e+00
7.356682499999999791e+00
7.120070000000000121e+00
6.987491249999999710e+00
6.943299999999999805e+00
6.913653750000000819e+00
6.881462499999999594e+00
6.815111249999999288e+00
6.739612499999998896e+00
6.712529999999999220e+00
6.712346250000000403e+00
6.715091250000000400e+00
6.722988750000000735e+00
6.735452500000000065e+00
6.764026249999999685e+00
6.899463749999999784e+00
7.239946250000000028e+00
7.507765000000000022e+00
7.678819999999999979e+00
7.901463749999999564e+00
7.805708750000000862e+00
7.404537499999999994e+00
6.599803749999999525e+00
5.983425000000000438e+00
5.702153749999999910e+00
1.429798749999999785e+00
1.439715000000000078e+00
1.458533749999999962e+00
7.525837499999999958e-01
7.697412500000000435e-01
