1.314789999999999992e+01
1.884352499999999964e+01
1.543171250000000150e+01
1.450561249999999980e+01
1.403700000000000081e+01
1.368360000000000021e+01
1.334791249999999962e+01
1.308969999999999878e+01
1.291032500000000027e+01
1.276218749999999957e+01
1.262557500000000132e+01
1.249322499999999891e+01
1.240069999999999872e+01
1.227277500000000110e+01
1.222173749999999970e+01
1.219859999999999900e+01
1.217505000000000059e+01
1.215628750000000124e+01
1.213972499999999854e+01
1.212459999999999916e+01
1.211013750000000222e+01
1.209597500000000281e+01
1.207126250000000312e+01
1.203591250000000024e+01
1.200473750000000095e+01
1.198205000000000098e+01
1.196288749999999901e+01
1.194350000000000023e+01
1.192172500000000035e+01
1.189677499999999810e+01
1.187072500000000019e+01
1.184444999999999837e+01
1.181812500000000021e+01
1.179159999999999897e+01
1.175233749999999944e+01
1.169886250000000061e+01
1.164138750000000044e+01
1.157913749999999986e+01
1.153212499999999885e+01
1.150122500000000159e+01
1.145341249999999889e+01
1.137872499999999931e+01
1.130016249999999900e+01
1.121589999999999954e+01
1.113035000000000174e+01
1.106182499999999891e+01
1.101438750000000155e+01
1.096739999999999959e+01
1.092038750000000036e+01
1.088653749999999754e+01
1.086587499999999906e+01
1.084558750000000060e+01
1.082498750000000243e+01
1.080441250000000153e+01
1.078398750000000028e+01
1.076338749999999855e+01
1.074239999999999995e+01
1.072072499999999984e+01
1.069885000000000019e+01
1.067718750000000050e+01
1.065536249999999896e+01
1.063356250000000003e+01
1.061168750000000216e+01
1.058977500000000127e+01
1.055032499999999906e+01
1.049420000000000108e+01
1.043819999999999837e+01
1.038305000000000078e+01
1.030133750000000070e+01
1.020351249999999865e+01
1.011871250000000089e+01
1.005352500000000049e+01
1.000523749999999978e+01
9.939108749999999048e+00
9.964097499999997609e+00
1.114530000000000065e+01
1.351337499999999991e+01
1.428955000000000197e+01
1.387144999999999939e+01
1.296921249999999937e+01
1.181481250000000038e+01
1.322209999999999930e+01
1.751324999999999932e+01
1.642549999999999955e+01
1.469454999999999956e+01
1.384568749999999859e+01
1.336597499999999883e+01
1.300779999999999959e+01
1.272780000000000022e+01
1.257357499999999995e+01
1.248206249999999962e+01
1.232772499999999916e+01
1.195746250000000011e+01
1.227004999999999946e+01
1.271093750000000000e+01
1.183000000000000007e+01
1.182286249999999939e+01
1.169977499999999893e+01
1.101110000000000078e+01
1.080319999999999858e+01
1.002652499999999947e+01
9.340872499999999690e+00
1.728121249999999876e+01
1.630460000000000065e+01
1.299697500000000083e+01
1.134067500000000095e+01
1.023864999999999981e+01
1.289871250000000025e+01
1.194450000000000145e+01
1.096671250000000164e+01
1.387951249999999881e+01
1.275629999999999953e+01
1.096483749999999979e+01
1.149408750000000090e+01
1.281428749999999894e+01
1.130888750000000087e+01
1.056613749999999996e+01
1.357513750000000030e+01
1.104518749999999905e+01
1.204927499999999974e+01
1.473901249999999941e+01
1.290771250000000059e+01
1.229611249999999956e+01
1.204485000000000028e+01
1.172980000000000089e+01
1.259050000000000047e+01
1.216492500000000199e+01
1.234978750000000147e+01
1.324103750000000090e+01
1.260367499999999907e+01
1.302462500000000034e+01
1.233494999999999919e+01
1.188132499999999858e+01
1.225168750000000095e+01
1.226586249999999900e+01
1.231117499999999865e+01
1.194267499999999949e+01
1.131342500000000051e+01
1.109228750000000119e+01
1.223903749999999846e+01
1.234249999999999936e+01
1.148850000000000016e+01
1.041314999999999991e+01
1.176688750000000105e+01
1.203858750000000022e+01
1.192322499999999863e+01
1.208195000000000086e+01
1.126260000000000083e+01
1.164080000000000226e+01
1.214952499999999880e+01
1.196113750000000131e+01
1.160900000000000176e+01
1.284205000000000041e+01
1.181519999999999904e+01
1.237856249999999925e+01
1.275257500000000022e+01
1.279987500000000011e+01
1.209922500000000056e+01
1.093687499999999879e+01
1.151149999999999807e+01
1.222357499999999852e+01
1.233793749999999889e+01
1.190968749999999865e+01
1.242397499999999866e+01
1.200127499999999792e+01
1.211905000000000143e+01
1.246658750000000104e+01
1.236392500000000183e+01
1.220455000000000112e+01
1.223211249999999950e+01
1.222443750000000051e+01
1.217771250000000016e+01
1.217776250000000005e+01
1.221616249999999937e+01
1.235362500000000097e+01
1.209359999999999857e+01
1.172262500000000074e+01
1.180219999999999914e+01
1.186143750000000097e+01
1.168923749999999906e+01
1.171126250000000013e+01
1.149736250000000126e+01
1.136146250000000002e+01
1.119356250000000053e+01
1.101972500000000110e+01
1.073162499999999930e+01
1.008552500000000052e+01
9.922942499999999555e+00
9.774413750000000789e+00
9.487437500000000412e+00
9.289077499999999432e+00
9.203177500000002453e+00
9.104421250000001464e+00
8.948304999999999509e+00
8.508300000000000196e+00
8.105843750000000014e+00
7.593592499999999745e+00
6.857206249999999947e+00
6.177166249999999081e+00
5.831657499999999494e+00
5.650687499999999197e+00
5.566058750000000721e+00
5.462270000000000181e+00
5.336356249999999690e+00
5.169769999999999754e+00
5.022523750000000398e+00
4.926351249999999737e+00
4.734908749999999777e+00
4.588671249999999091e+00
4.463441249999999805e+00
4.257212499999999622e+00
4.124749999999999694e+00
4.074953749999999708e+00
4.039743750000000411e+00
3.999993750000000237e+00
3.910858749999999606e+00
3.791666250000000016e+00
3.709358749999999816e+00
3.661467500000000097e+00
3.624661250000000390e+00
3.597546249999999723e+00
3.581119999999999859e+00
3.559386249999999752e+00
3.566048750000000211e+00
3.748557499999999987e+00
3.995646250000000066e+00
4.208584999999999354e+00
4.590867499999999879e+00
4.657726249999999624e+00
4.353973749999999754e+00
3.585637500000000255e+00
2.884341249999999857e+00
2.656019999999999825e+00
6.943212500000000009e-01
7.046499999999999986e-01
7.238087500000000007e-01
3.904150000000000120e-01
4.169912499999999800e-01
