1.089136250000000103e+02
1.469140000000000157e+02
1.147131250000000051e+02
1.054089999999999918e+02
1.005698749999999819e+02
9.685711249999998529e+01
9.328249999999999886e+01
9.050667500000000132e+01
8.856685000000000230e+01
8.695811249999999859e+01
8.546882500000000960e+01
8.401299999999999102e+01
8.298332500000000778e+01
8.147399999999998954e+01
8.080822499999999309e+01
8.046715000000000373e+01
8.008906250000001137e+01
7.976686250000000200e+01
7.947099999999998943e+01
7.919462500000000205e+01
7.892902499999999577e+01
7.867249999999998522e+01
7.823738749999998277e+01
7.763566249999999513e+01
7.705253749999999968e+01
7.648103749999999934e+01
7.592058750000001055e+01
7.536779999999998836e+01
7.482375000000000398e+01
7.428730000000000189e+01
7.375522499999999582e+01
7.323141249999999047e+01
7.271623750000000541e+01
7.220401250000000459e+01
7.146428749999999752e+01
7.047686250000000996e+01
6.950867499999999666e+01
6.855368750000000944e+01
6.785001250000000539e+01
6.739912499999999795e+01
6.673343750000000796e+01
6.584773749999999382e+01
6.497436249999998381e+01
6.412661249999999313e+01
6.328533749999999714e+01
6.267056250000000261e+01
6.226462499999999523e+01
6.186242500000000177e+01
6.146008750000000020e+01
6.118332499999999641e+01
6.103277499999999378e+01
6.088486250000000410e+01
6.073477499999999907e+01
6.058472499999999883e+01
6.043571250000000816e+01
6.028583749999999952e+01
6.013587499999999153e+01
5.998735000000000639e+01
5.983737499999999443e+01
5.968868750000000745e+01
5.953917500000000018e+01
5.938968750000000085e+01
5.923978750000000559e+01
5.909062500000000284e+01
5.882813749999999686e+01
5.845526250000000346e+01
5.808198749999999677e+01
5.770749999999999602e+01
5.718010000000000304e+01
5.650732499999999447e+01
5.582954999999999757e+01
5.514439999999999742e+01
5.446537500000000875e+01
5.357439999999999003e+01
5.245585000000000520e+01
5.133107499999999845e+01
5.028222499999999684e+01
4.931856249999999164e+01
4.851647499999999269e+01
4.758415000000000106e+01
4.651567499999998745e+01
4.559132499999999766e+01
4.473172500000000440e+01
4.391725000000000279e+01
4.305991250000000292e+01
4.215651250000000516e+01
4.128563749999999999e+01
4.044308750000000430e+01
3.963879999999999626e+01
3.912268749999999784e+01
3.879913750000000050e+01
3.820618750000000574e+01
3.660642500000000155e+01
3.461010000000000275e+01
3.304868749999999977e+01
3.025456249999999869e+01
2.772682499999999806e+01
2.628308750000000060e+01
2.425446249999999893e+01
2.272338750000000118e+01
2.191668749999999832e+01
2.122917500000000146e+01
2.035753749999999940e+01
1.984706249999999983e+01
1.844913750000000263e+01
1.628095000000000070e+01
1.454684999999999917e+01
1.270095000000000063e+01
1.145429999999999993e+01
1.067676249999999882e+01
9.763692500000001218e+00
9.116368749999999466e+00
8.585475000000000634e+00
8.013131249999998929e+00
7.420542499999999819e+00
6.714479999999999116e+00
6.217717500000000008e+00
5.905186249999999859e+00
5.530521249999999611e+00
5.040158749999999799e+00
4.455544999999999867e+00
3.835295000000000343e+00
3.338855000000000128e+00
3.017291250000000424e+00
2.881093749999999787e+00
2.743649999999999700e+00
2.614227500000000148e+00
2.531506250000000069e+00
2.430482500000000101e+00
2.324758749999999985e+00
2.185123749999999809e+00
2.087703750000000191e+00
2.018022499999999830e+00
1.947223750000000031e+00
1.849191249999999842e+00
1.759700000000000042e+00
1.688304999999999723e+00
1.635084999999999900e+00
1.612313749999999990e+00
1.629970000000000141e+00
1.704823750000000082e+00
1.970208750000000064e+00
2.893478749999999877e+00
9.301317500000000393e+01
1.015158749999999888e+00
7.328878749999999664e-01
5.986184999999999423e-01
5.109033750000000484e-01
4.351561250000000047e-01
3.838026250000000639e-01
3.581817499999999654e-01
3.487368750000000017e-01
4.445292499999999869e-01
8.209866250000000809e-01
1.750598749999999981e+00
3.836778750000000127e+00
8.398889999999999745e+00
4.223851250000000164e+02
1.898693749999999909e+03
5.593786249999999427e+01
1.956978750000000034e+01
9.121313750000000553e+00
1.698509999999999964e+00
2.487779999999999703e+01
1.588053749999999980e+02
1.393969999999999843e+01
4.363763749999999497e+00
2.662415000000000376e+01
1.766017499999999885e+01
6.204561250000000427e+01
7.199779999999999625e+00
4.589994999999998981e+01
3.932487499999999869e+01
1.370198749999999954e+01
2.865733750000000057e+01
2.880660000000000309e+01
2.123572500000000218e+01
8.617146249999999341e+00
2.844306249999999991e+01
2.115170000000000172e+01
1.925965000000000060e+01
1.750068749999999795e+01
1.561927499999999824e+01
1.376976250000000057e+01
1.237193749999999959e+01
1.110757499999999887e+01
1.014778749999999974e+01
9.858103750000001497e+00
9.547771249999998489e+00
8.974963749999998797e+00
8.617788750000000775e+00
8.433936250000000356e+00
8.246936249999999191e+00
7.979266250000000227e+00
7.342388750000000464e+00
6.831773749999999978e+00
6.337460000000000093e+00
5.702399999999999025e+00
5.519027500000000863e+00
5.563360000000000305e+00
5.622658750000000261e+00
5.673566250000000366e+00
5.735563749999999850e+00
5.810453749999999751e+00
5.925921250000000029e+00
6.038075000000000081e+00
6.113661249999998937e+00
6.265181249999999480e+00
6.383741249999999923e+00
6.498153749999999285e+00
6.643968749999999979e+00
6.740605000000000402e+00
6.793997499999999690e+00
6.830651249999999841e+00
6.868572499999999970e+00
6.948744999999999727e+00
7.047810000000000130e+00
7.111996249999999797e+00
7.137133750000001164e+00
7.113721250000000218e+00
7.081845000000000390e+00
7.051992499999999886e+00
6.883982500000000115e+00
6.259064999999998768e+00
5.379763750000000400e+00
4.750661250000000280e+00
4.300186250000000321e+00
3.356904999999999806e+00
2.652592499999999909e+00
2.295872500000000205e+00
2.125858749999999908e+00
2.345148749999999893e+00
2.680516250000000600e+00
7.311087499999999739e-01
7.367612500000000342e-01
7.385912500000000325e-01
3.614275000000000126e-01
3.470199999999999951e-01
