2.682522500000000036e+03
3.211147499999999582e+03
2.207508749999999964e+03
1.868413750000000391e+03
1.674457499999999982e+03
1.512593750000000000e+03
1.340826250000000073e+03
1.192880000000000109e+03
1.077350000000000136e+03
9.707571250000000873e+02
8.611960000000001401e+02
7.377431249999999636e+02
6.385041250000000446e+02
4.688572500000000218e+02
3.918556249999999181e+02
3.566513749999999732e+02
3.227465000000000259e+02
2.986044999999999732e+02
2.800561250000000086e+02
2.654286250000000109e+02
2.533521250000000009e+02
2.433400000000000034e+02
2.288996249999999861e+02
2.127749999999999773e+02
2.003906249999999716e+02
1.904063749999999970e+02
1.821807500000000175e+02
1.751253750000000196e+02
1.690112499999999898e+02
1.637139999999999986e+02
1.588269999999999982e+02
1.544526250000000118e+02
1.505838750000000061e+02
1.469617499999999950e+02
1.422450000000000045e+02
1.365501250000000084e+02
1.313849999999999909e+02
1.267324999999999875e+02
1.236098750000000024e+02
1.217668750000000131e+02
1.191717500000000030e+02
1.157187500000000000e+02
1.125160000000000053e+02
1.096220000000000141e+02
1.067851249999999936e+02
1.048661249999999967e+02
1.036244999999999834e+02
1.023948749999999990e+02
1.011647499999999980e+02
1.003452499999999930e+02
9.993911249999999313e+01
9.954011250000000643e+01
9.913522500000000548e+01
9.873048750000000950e+01
9.832852499999999907e+01
9.792414999999998315e+01
9.751963750000000175e+01
9.711892500000000439e+01
9.671437499999998977e+01
9.631327499999999020e+01
9.590991250000000434e+01
9.550666250000000446e+01
9.510233750000000441e+01
9.469991250000001060e+01
9.399182500000001994e+01
9.298592499999999461e+01
9.197906249999999773e+01
9.096875000000001421e+01
8.965387499999999932e+01
8.805261249999999507e+01
8.643951250000000641e+01
8.480882499999999879e+01
8.319272499999999582e+01
8.118286249999999882e+01
7.874648750000000064e+01
7.630037500000000250e+01
7.412456249999999613e+01
7.217357499999999959e+01
7.054985000000000639e+01
6.874220000000001107e+01
6.672143749999999329e+01
6.497328749999999786e+01
6.334764999999999446e+01
6.185822499999999735e+01
6.033298749999999444e+01
5.872577499999999873e+01
5.717772499999999525e+01
5.572418750000000642e+01
5.436081250000000153e+01
5.348582499999999840e+01
5.293743750000000148e+01
5.193368750000000489e+01
4.931307500000000488e+01
4.609966249999999377e+01
4.364488750000000294e+01
3.938396249999999554e+01
3.561433749999999776e+01
3.350666250000000446e+01
3.059618749999999565e+01
2.843980000000000175e+01
2.732112499999999855e+01
2.637451250000000158e+01
2.517657499999999970e+01
2.448375000000000057e+01
2.259943750000000051e+01
1.972165000000000035e+01
1.746408749999999799e+01
1.509582499999999960e+01
1.352116249999999908e+01
1.254899999999999949e+01
1.141771250000000038e+01
1.062267500000000098e+01
9.973481249999998965e+00
9.278676250000000181e+00
8.564427500000000748e+00
7.719098750000000564e+00
7.128447500000000936e+00
6.759423750000000730e+00
6.318687499999999346e+00
5.745034999999999670e+00
5.067588750000000530e+00
4.355653750000000102e+00
3.792783749999999898e+00
3.432150000000000034e+00
3.280220000000000358e+00
3.128297499999999953e+00
2.986331249999999660e+00
2.896483749999999802e+00
2.787189999999999834e+00
2.675211250000000263e+00
2.527863750000000298e+00
2.430777499999999591e+00
2.362714999999999677e+00
2.294429999999999747e+00
2.205583749999999732e+00
2.133893749999999923e+00
2.089316249999999986e+00
2.084642500000000176e+00
2.153732499999999828e+00
2.285736249999999803e+00
2.572513749999999710e+00
3.394347500000000295e+00
6.073571250000000532e+00
2.815706250000000068e+02
2.050907500000000105e+00
1.214573750000000008e+00
9.012319999999999220e-01
7.487884999999999680e-01
6.406153749999999869e-01
5.764278750000000340e-01
5.476870000000000349e-01
5.433371249999999764e-01
6.710003749999999823e-01
1.139965000000000117e+00
2.248145000000000060e+00
4.726236249999999472e+00
1.014281249999999979e+01
4.733452499999999645e+02
1.999517499999999927e+03
5.797716250000000571e+01
2.016447499999999948e+01
9.402044999999999320e+00
1.861318749999999911e+00
2.811267500000000297e+01
1.721411250000000166e+02
1.724466250000000400e+01
4.440414999999999779e+00
2.914897500000000008e+01
2.079701249999999746e+01
6.407603749999999820e+01
8.675906250000000597e+00
4.802612500000000040e+01
4.067311250000000200e+01
1.455792499999999912e+01
2.949426249999999783e+01
2.995892500000000069e+01
2.242802499999999810e+01
9.476269999999999527e+00
2.923179999999999978e+01
2.180667500000000203e+01
1.980963750000000090e+01
1.796134999999999948e+01
1.599147499999999944e+01
1.406337500000000063e+01
1.261172499999999985e+01
1.130498749999999930e+01
1.031673750000000211e+01
1.001948750000000032e+01
9.701623750000001323e+00
9.115761250000000260e+00
8.751167500000001098e+00
8.563718749999999602e+00
8.373206250000000850e+00
8.100732499999999447e+00
7.453133750000001001e+00
6.934361249999999366e+00
6.432373750000000001e+00
5.785206249999999883e+00
5.588065000000000282e+00
5.625168750000000273e+00
5.680727499999999708e+00
5.731361250000000851e+00
5.793038750000000014e+00
5.867551250000000884e+00
5.983050000000000423e+00
6.095419999999999838e+00
6.171151250000000310e+00
6.323483750000001180e+00
6.442841249999999853e+00
6.557940000000000325e+00
6.750359999999999694e+00
6.886273749999999083e+00
6.950802499999999995e+00
6.995098750000000365e+00
7.041287500000000144e+00
7.140279999999999738e+00
7.271793749999999612e+00
7.374773750000000128e+00
7.431543749999999449e+00
7.460108749999999844e+00
7.473596249999999941e+00
7.479469999999999175e+00
7.459765000000000867e+00
7.369867499999998905e+00
7.106677499999999981e+00
6.837247499999999256e+00
6.581721249999999301e+00
5.844549999999999912e+00
5.102376249999999835e+00
4.672964999999999591e+00
4.458714999999999762e+00
4.650462500000000610e+00
4.923041249999999813e+00
1.282985000000000042e+00
1.288161249999999924e+00
1.289532499999999970e+00
6.355362500000000248e-01
6.190187499999999510e-01
