2.573502500000000055e+03
3.064107500000000073e+03
2.092708749999999782e+03
1.762932499999999891e+03
1.573823750000000018e+03
1.415675000000000182e+03
1.247488749999999982e+03
1.102325000000000045e+03
9.887391250000000582e+02
8.837601249999999027e+02
7.756928750000000719e+02
6.537004999999999200e+02
5.554951250000000300e+02
3.873643749999999955e+02
3.110314999999999941e+02
2.761697500000000218e+02
2.426444999999999936e+02
2.188258749999999964e+02
2.005737500000000182e+02
1.862230000000000132e+02
1.744124999999999943e+02
1.646577499999999930e+02
1.506528750000000230e+02
1.351304999999999836e+02
1.233298750000000013e+02
1.139173749999999927e+02
1.062528749999999889e+02
9.975032499999998947e+01
9.418038749999999482e+01
8.942007499999999709e+01
8.506547499999999218e+01
8.121487500000000637e+01
7.786144999999999072e+01
7.475183750000000771e+01
7.077513749999999959e+01
6.606797500000000412e+01
6.187112500000000637e+01
5.817372500000000457e+01
5.575481249999999989e+01
5.436291250000000730e+01
5.243351249999999908e+01
4.986638750000000186e+01
4.753695000000000448e+01
4.549107500000000215e+01
4.349533749999999799e+01
4.219124999999999659e+01
4.135597500000000082e+01
4.052851250000000505e+01
3.970067499999999683e+01
3.915807500000000374e+01
3.890246250000000572e+01
3.865138749999999845e+01
3.839661249999999626e+01
3.814191250000000366e+01
3.788896249999999810e+01
3.763448749999999876e+01
3.737996250000000487e+01
3.712781250000000455e+01
3.687323750000000189e+01
3.662086250000000831e+01
3.636702499999999816e+01
3.611326250000000471e+01
3.585882499999999595e+01
3.560557500000000175e+01
3.516002499999999742e+01
3.452705000000000268e+01
3.389343750000000455e+01
3.325769999999999982e+01
3.247027500000000089e+01
3.154186250000000413e+01
3.060661250000000067e+01
2.966114999999999924e+01
2.872416250000000204e+01
2.760537499999999511e+01
2.628763749999999888e+01
2.496644999999999825e+01
2.383954999999999913e+01
2.285235000000000127e+01
2.203069999999999951e+01
2.115548749999999956e+01
2.020324999999999704e+01
1.937948749999999976e+01
1.861357500000000087e+01
1.793863749999999868e+01
1.727082499999999854e+01
1.656711250000000035e+01
1.588998749999999838e+01
1.527906250000000021e+01
1.472002499999999969e+01
1.436123749999999966e+01
1.413637500000000102e+01
1.372566249999999854e+01
1.270491249999999894e+01
1.148792500000000061e+01
1.059462499999999885e+01
9.127992500000001286e+00
7.886298749999999913e+00
7.222416250000000204e+00
6.340700000000000891e+00
5.715449999999999697e+00
5.403475000000001138e+00
5.144402499999999989e+00
4.818101250000000668e+00
4.635746249999999513e+00
4.149416249999999806e+00
3.439849999999999852e+00
2.916508749999999761e+00
2.394361250000000219e+00
2.066342499999999749e+00
1.871827499999999977e+00
1.653621250000000042e+00
1.505926249999999911e+00
1.387671249999999912e+00
1.265243750000000000e+00
1.143585000000000074e+00
1.004352499999999981e+00
9.105017499999998876e-01
8.540105000000000057e-01
7.879387499999999100e-01
7.046927499999999789e-01
6.118761250000001040e-01
5.202176250000000168e-01
4.538019999999999277e-01
4.147386250000000274e-01
3.990143749999999767e-01
3.845486249999999773e-01
3.720053750000000270e-01
3.648786250000000120e-01
3.566107500000000319e-01
3.503538749999999813e-01
3.426005000000000300e-01
3.382411249999999758e-01
3.376858749999999687e-01
3.401967499999999922e-01
3.493828749999999816e-01
3.671832499999999611e-01
3.940013749999999870e-01
4.447510000000000074e-01
5.412789999999999546e-01
6.556279999999999886e-01
8.675486249999999622e-01
1.424002500000000060e+00
3.179956250000000040e+00
1.885575000000000045e+02
1.035721249999999927e+00
4.816579999999999750e-01
3.025851249999999548e-01
2.378573750000000098e-01
2.054314999999999891e-01
1.925976249999999945e-01
1.894771250000000240e-01
1.944757500000000305e-01
2.261895000000000155e-01
3.077468749999999753e-01
4.861255000000000437e-01
8.780381250000001137e-01
1.729693750000000030e+00
5.093867499999999637e+01
1.008231124999999935e+02
2.039054999999999840e+00
5.944521249999999979e-01
2.773065000000000668e-01
1.558461250000000020e-01
3.225253750000000252e+00
1.333170000000000144e+01
3.303556250000000194e+00
7.522826249999998993e-02
2.523871250000000011e+00
3.135856249999999790e+00
2.029784999999999950e+00
1.476033750000000033e+00
2.126068749999999952e+00
1.348174999999999901e+00
8.558786249999998930e-01
8.368681249999999627e-01
1.152258750000000109e+00
1.192246249999999952e+00
8.590611249999999810e-01
7.886782500000000251e-01
6.549194999999999878e-01
5.499351249999999691e-01
4.606007499999999477e-01
3.721672499999999495e-01
2.935885000000000300e-01
2.397495000000000043e-01
1.973784999999999845e-01
1.689234999999999765e-01
1.613791250000000121e-01
1.538307500000000161e-01
1.407761250000000020e-01
1.333593750000000022e-01
1.297641250000000079e-01
1.262506250000000052e-01
1.214482499999999937e-01
1.107289999999999941e-01
1.025727500000000042e-01
9.490332499999999671e-02
8.279151250000001128e-02
6.902766250000000325e-02
6.180053750000000234e-02
5.805956250000000179e-02
5.778470000000000828e-02
5.744988749999999089e-02
5.704548749999999863e-02
5.692876249999999361e-02
5.706996250000000159e-02
5.716516250000000521e-02
5.788038750000000510e-02
5.860086249999999636e-02
5.913632500000000347e-02
5.972568749999999926e-02
6.078429999999999944e-02
6.148649999999999949e-02
6.196856249999999761e-02
6.262048749999998831e-02
6.453921249999999832e-02
6.792631250000000231e-02
7.212803750000000569e-02
7.320896250000000216e-02
7.013788749999999572e-02
6.928203750000000438e-02
6.940511249999999077e-02
6.601023749999999912e-02
5.506181250000000138e-02
4.513670000000000182e-02
3.785161250000000643e-02
3.019838750000000335e-02
1.384528749999999753e-02
5.410121250000001110e-03
2.486177500000000175e-03
9.024571249999999980e-04
7.613916250000000389e-04
8.722322500000002140e-04
2.270244999999999945e-04
2.175248749999999999e-04
1.923672500000000139e-04
6.128212500000000239e-05
3.899899999999999710e-05
