1.408728750000000041e+01
1.677431250000000063e+01
1.145911249999999981e+01
9.653118749999999082e+00
8.618331249999998889e+00
7.753026249999999564e+00
6.832889999999999908e+00
6.038798749999999771e+00
5.417543750000000102e+00
4.843461250000000717e+00
4.252623749999999703e+00
3.586483749999999748e+00
3.049693749999999870e+00
2.133722499999999744e+00
1.719330000000000247e+00
1.528977499999999656e+00
1.348461249999999945e+00
1.220914999999999973e+00
1.122681250000000075e+00
1.045661250000000209e+00
9.826328749999999612e-01
9.307782500000000292e-01
8.566037499999999971e-01
7.748605000000001741e-01
7.132833750000000528e-01
6.651759999999999895e-01
6.249052500000000787e-01
5.918437499999998908e-01
5.639957500000000179e-01
5.391654999999999642e-01
5.172775000000000567e-01
4.982431250000000089e-01
4.810851249999999468e-01
4.655774999999999775e-01
4.459830000000000183e-01
4.229920000000000346e-01
4.034101250000000083e-01
3.866448749999999990e-01
3.739846249999999594e-01
3.667674999999999685e-01
3.576478750000000040e-01
3.455136249999999909e-01
3.345865000000000089e-01
3.250856249999999892e-01
3.158297500000000202e-01
3.098339999999999983e-01
3.060039999999999982e-01
3.022096249999999817e-01
2.984137499999999776e-01
2.959338750000000129e-01
2.947787499999999783e-01
2.936439999999999606e-01
2.924924999999999886e-01
2.913413750000000135e-01
2.901983750000000084e-01
2.890483750000000240e-01
2.878976250000000459e-01
2.867583749999999543e-01
2.856079999999999730e-01
2.844672499999999493e-01
2.833202499999999957e-01
2.821732499999999866e-01
2.810234999999999816e-01
2.798791249999999509e-01
2.778652499999999526e-01
2.750044999999999851e-01
2.721411249999999837e-01
2.692677499999999724e-01
2.657400000000000317e-01
2.616057500000000258e-01
2.574409999999999754e-01
2.532309999999999839e-01
2.490583749999999985e-01
2.441161249999999894e-01
2.383291250000000028e-01
2.325272499999999631e-01
2.275818750000000168e-01
2.232510000000000328e-01
2.196463750000000048e-01
2.160821250000000138e-01
2.123951249999999624e-01
2.092054999999999887e-01
2.062386250000000365e-01
2.032245000000000024e-01
1.998816250000000072e-01
1.963595000000000201e-01
1.929815000000000003e-01
1.903391249999999701e-01
1.881578750000000300e-01
1.867582499999999590e-01
1.858807500000000112e-01
1.842653750000000368e-01
1.794613750000000063e-01
1.739251250000000137e-01
1.703216250000000320e-01
1.636741250000000036e-01
1.583519999999999928e-01
1.558171250000000008e-01
1.526360000000000217e-01
1.499357500000000065e-01
1.487402499999999905e-01
1.480147500000000005e-01
1.470805000000000029e-01
1.464753750000000188e-01
1.451126250000000228e-01
1.440187500000000287e-01
1.442694999999999950e-01
1.467796249999999969e-01
1.497097500000000303e-01
1.520631249999999934e-01
1.573837500000000167e-01
1.621878750000000091e-01
1.664366250000000047e-01
1.740148749999999855e-01
1.843192499999999900e-01
1.998388750000000269e-01
2.159606250000000172e-01
2.309826249999999970e-01
2.550196250000000275e-01
2.989200000000000745e-01
4.005857499999999627e-01
6.722273749999999604e-01
1.558159999999999989e+00
4.399345000000000283e+00
9.626985000000001236e+00
5.505097500000000537e+02
1.365679999999999836e+03
4.836212500000000603e+01
8.419863749999999314e+00
3.302614999999999856e+00
1.437105000000000077e+00
9.484580000000000233e-01
7.112077500000000274e-01
5.507697500000000579e-01
3.973856249999999646e-01
3.058960000000000012e-01
2.512028749999999921e-01
2.149062500000000209e-01
1.898525000000000074e-01
1.795630000000000004e-01
1.708085000000000020e-01
1.648707500000000103e-01
1.631537499999999863e-01
3.350285000000000069e-01
2.050608750000000036e-01
2.558901250000000238e-01
3.548533750000000264e-01
6.990833750000000624e-01
2.063058750000000163e+00
1.985326250000000243e+02
6.408818749999999227e+02
3.084021249999999714e+00
2.957532499999999676e-01
1.351068749999999874e-01
4.935206250000000239e+00
8.358042499999999986e-02
7.487910000000000399e-02
1.215621249999999876e+01
9.335774999999999491e-01
1.300157499999999970e+02
9.835177500000000794e-01
2.029198749999999718e-01
1.341383750000000319e+00
7.182207499999999911e-02
1.138338749999999955e+01
6.098457499999999643e-01
7.205107499999999221e-02
8.881357500000000016e+00
4.513626249999999729e+00
4.197697500000000304e+00
3.599056250000000290e+00
4.040735000000000632e+00
2.531423750000000084e+00
2.247116249999999926e+00
2.665588749999999951e+00
2.420790000000000219e+00
2.130106249999999868e+00
1.944953750000000037e+00
1.673605000000000009e+00
1.343282499999999935e+00
1.178493749999999896e+00
1.054686250000000047e+00
9.270856249999999132e-01
7.545108750000000253e-01
6.414073750000000018e-01
5.403913750000000071e-01
4.670132500000000464e-01
4.437639999999999918e-01
4.213503749999999992e-01
3.809618749999998943e-01
3.567168749999999333e-01
3.446006249999999937e-01
3.326018749999999913e-01
3.185474999999999834e-01
2.911398749999999924e-01
2.541815000000000047e-01
2.182254999999999889e-01
1.838941249999999916e-01
1.673712500000000269e-01
1.594883749999999878e-01
1.550043749999999998e-01
1.539848750000000210e-01
1.527428750000000002e-01
1.512430000000000163e-01
1.520598750000000110e-01
1.544240000000000057e-01
1.560175000000000034e-01
1.592227500000000240e-01
1.617339999999999889e-01
1.644346249999999732e-01
1.696826250000000036e-01
1.749191249999999809e-01
1.778514999999999679e-01
1.798642500000000033e-01
1.824586249999999854e-01
1.897233749999999719e-01
1.997940000000000271e-01
2.096608749999999688e-01
2.088974999999999860e-01
1.942083749999999887e-01
1.816197499999999965e-01
1.714259999999999673e-01
1.536123750000000232e-01
1.204393750000000152e-01
7.928508749999998995e-02
5.620567499999999661e-02
4.331948750000000348e-02
2.207737499999999978e-02
9.205823749999999736e-03
4.597369999999999929e-03
1.682672500000000244e-03
1.380714999999999807e-03
1.491151250000000107e-03
2.700987500000000133e-04
2.440049999999999923e-04
2.042868750000000023e-04
5.010787500000000007e-05
2.336162499999999844e-05
