6.331350000000000477e+00
8.622349999999999071e+00
6.788175000000000736e+00
6.263429999999999609e+00
5.992239999999999789e+00
5.785036250000000102e+00
5.586327499999999446e+00
5.432599999999999874e+00
5.325594999999999857e+00
5.237250000000000405e+00
5.155968749999999545e+00
5.077748749999999589e+00
5.023717500000000058e+00
4.952898750000000128e+00
4.927666249999999692e+00
4.918261249999999585e+00
4.910228749999999920e+00
4.905103750000000318e+00
4.901455000000000339e+00
4.898758750000000717e+00
4.896646249999999867e+00
4.894976250000000917e+00
4.892671250000000249e+00
4.890207499999998930e+00
4.888372500000000898e+00
4.886919999999999931e+00
4.885682499999999706e+00
4.884618749999999565e+00
4.883679999999999133e+00
4.882810000000000095e+00
4.882010000000000183e+00
4.881260000000000154e+00
4.880551249999999897e+00
4.879876250000000582e+00
4.878928750000000925e+00
4.877710000000000434e+00
4.876548750000000432e+00
4.875424999999999898e+00
4.874578750000000404e+00
4.874036249999999626e+00
4.873248750000000129e+00
4.872201249999999817e+00
4.871156249999999410e+00
4.870132500000000420e+00
4.869114999999999860e+00
4.868355000000000210e+00
4.867848750000000280e+00
4.867348750000000557e+00
4.866847500000000437e+00
4.866500000000001158e+00
4.866298750000000339e+00
4.866100000000000314e+00
4.865906250000000099e+00
4.865708750000000471e+00
4.865509999999999557e+00
4.865310000000000024e+00
4.865111249999999998e+00
4.864918749999999292e+00
4.864719999999999267e+00
4.864519999999999733e+00
4.864323749999999613e+00
4.864128749999999890e+00
4.863931250000000261e+00
4.863731250000000728e+00
4.863386250000000466e+00
4.862893750000000459e+00
4.862398749999999659e+00
4.861905000000000143e+00
4.861165000000000624e+00
4.860195000000000043e+00
4.859217500000000634e+00
4.858226249999999524e+00
4.857248749999999227e+00
4.855888750000000087e+00
4.854123750000000292e+00
4.852348749999999988e+00
4.850581250000001177e+00
4.848908749999999657e+00
4.847514999999999574e+00
4.845763749999999703e+00
4.843671249999999873e+00
4.841861250000000005e+00
4.840180000000000149e+00
4.838470000000000049e+00
4.836571249999999544e+00
4.834573750000000558e+00
4.832643749999999905e+00
4.830597499999999656e+00
4.828546250000000484e+00
4.827232500000000037e+00
4.826408750000000580e+00
4.824889999999999901e+00
4.820376250000000695e+00
4.814343749999999922e+00
4.809138749999999796e+00
4.798416250000000716e+00
4.787511250000000551e+00
4.780316250000000267e+00
4.769032499999999786e+00
4.759457500000000785e+00
4.753675000000000317e+00
4.748337499999999878e+00
4.741468750000000121e+00
4.737021249999999739e+00
4.723803750000000079e+00
4.699156249999999702e+00
4.673977500000000340e+00
4.639493749999999750e+00
4.610246250000001211e+00
4.588909999999999378e+00
4.556927499999999576e+00
4.530228750000000026e+00
4.506728750000000616e+00
4.474198750000000224e+00
4.433766249999999687e+00
4.376891249999999900e+00
4.325771249999999846e+00
4.284261250000000132e+00
4.224852499999999900e+00
4.127376250000000191e+00
3.947717500000000435e+00
3.605113750000000117e+00
2.952569999999999695e+00
1.884027499999999744e+00
9.501971250000000868e-01
7.983621250000000202e+01
2.491231249999999875e+02
2.314752500000000168e+01
1.103888749999999952e+01
8.326488749999999328e+00
6.915119999999999045e+00
6.404021249999999554e+00
6.107743750000000027e+00
5.865696250000000056e+00
5.585660000000000736e+00
5.369347499999999940e+00
5.204159999999999897e+00
5.058141249999999367e+00
4.921230000000000437e+00
4.836198749999999436e+00
4.747772499999999951e+00
4.645105000000000040e+00
4.546310000000000073e+00
4.288176250000000245e+00
3.975288749999999816e+00
3.671945000000000014e+00
3.257628749999999851e+00
2.588181249999999878e+00
1.228693750000000140e+00
1.651697499999999934e+02
6.368589999999999236e+02
1.476106249999999775e+01
7.420380000000000642e+00
6.111237500000000544e+00
5.704219999999999402e+00
5.374115000000000641e+00
5.168022500000000186e+00
1.036970125000000031e+01
6.199562500000000975e-01
2.677041250000000332e+02
1.756957499999999683e+01
9.336622499999998936e+00
5.715170000000000528e+00
3.761802499999999938e+00
5.443963749999998925e+01
5.919128750000000494e+00
2.860091249999999974e+00
4.754197499999999366e+01
1.576738749999999811e+01
1.669367499999999893e+01
4.176692500000000052e+01
2.599852500000000077e+01
2.650252500000000211e+01
1.758326250000000002e+01
1.945992500000000192e+01
1.863271250000000023e+01
1.757750000000000057e+01
1.685667500000000274e+01
1.568937500000000007e+01
1.410827500000000079e+01
1.323312499999999936e+01
1.253780000000000072e+01
1.180472499999999947e+01
1.081546250000000065e+01
1.017691250000000025e+01
9.614836249999999751e+00
9.206863750000000124e+00
9.075979999999997716e+00
8.946352499999999708e+00
8.706009999999999138e+00
8.554791250000000957e+00
8.476158750000001518e+00
8.394253749999998959e+00
8.252572500000001199e+00
7.855683749999998966e+00
7.553819999999999979e+00
7.222908750000000211e+00
6.838841249999999761e+00
6.506012500000000642e+00
6.294035000000000046e+00
6.165503750000000061e+00
6.120770000000000266e+00
6.067486249999999970e+00
6.004273749999999410e+00
5.918744999999999479e+00
5.843206249999999713e+00
5.795351250000000398e+00
5.705108749999999063e+00
5.638152500000000344e+00
5.580703749999999630e+00
5.496269999999999989e+00
5.439266250000000191e+00
5.412763749999999874e+00
5.394568750000000357e+00
5.373923750000001220e+00
5.323640000000001038e+00
5.224522500000000846e+00
5.063654999999999795e+00
4.880383750000000020e+00
4.684727500000000155e+00
4.493068749999999945e+00
4.377337500000000325e+00
4.223196249999999097e+00
3.896253750000000071e+00
3.471523749999999797e+00
3.266693749999999952e+00
3.120492500000000113e+00
2.731147500000000061e+00
2.273167500000000008e+00
2.021665000000000045e+00
1.877423749999999947e+00
2.118770000000000042e+00
2.632841249999999800e+00
7.233650000000000357e-01
7.303212500000000329e-01
7.295199999999999463e-01
3.614637499999999726e-01
3.571462499999999984e-01
