2.041863750000000266e+01
2.539667500000000189e+01
1.824726249999999794e+01
1.591654999999999909e+01
1.461057500000000076e+01
1.353806250000000055e+01
1.241920000000000002e+01
1.147138749999999874e+01
1.074313749999999956e+01
1.008070000000000022e+01
9.408590000000002007e+00
8.664232499999998893e+00
8.073409999999999087e+00
7.086621250000000316e+00
6.646998749999999845e+00
6.447238749999999463e+00
6.258687500000000625e+00
6.126018750000000068e+00
6.024137500000000145e+00
5.944421250000000434e+00
5.879279999999999617e+00
5.825753750000000508e+00
5.749271249999999611e+00
5.665068749999999653e+00
5.601654999999999163e+00
5.552095000000000447e+00
5.510584999999998956e+00
5.476463749999998853e+00
5.447677499999999284e+00
5.421977499999999672e+00
5.399287499999999795e+00
5.379504999999999981e+00
5.361638750000000009e+00
5.345452500000000384e+00
5.324912499999999937e+00
5.300702500000000761e+00
5.279961249999999495e+00
5.262071250000000866e+00
5.248565000000000147e+00
5.240804999999999936e+00
5.230896249999998915e+00
5.217713750000000594e+00
5.205743749999999892e+00
5.195219999999999949e+00
5.184945000000000803e+00
5.178187499999999943e+00
5.173852500000000632e+00
5.169558750000000202e+00
5.165259999999999962e+00
5.162429999999999630e+00
5.161077500000001095e+00
5.159750000000000725e+00
5.158396250000000904e+00
5.157046250000000498e+00
5.155707500000000110e+00
5.154360000000000497e+00
5.153011249999999599e+00
5.151675000000000892e+00
5.150326250000000883e+00
5.148987500000000495e+00
5.147643749999999407e+00
5.146300000000000097e+00
5.144952499999999596e+00
5.143608749999999397e+00
5.141248749999999035e+00
5.137898749999999737e+00
5.134540000000000326e+00
5.131170000000000009e+00
5.126903749999999427e+00
5.121801249999999861e+00
5.116657500000000525e+00
5.111457499999999321e+00
5.106304999999999872e+00
5.100003749999999947e+00
5.092454999999999288e+00
5.084876249999999764e+00
5.078162500000000357e+00
5.072157500000000319e+00
5.067163749999999744e+00
5.061844999999999928e+00
5.056064999999999365e+00
5.051067499999999377e+00
5.046418749999999953e+00
5.041694999999999816e+00
5.036455000000000126e+00
5.030932500000000474e+00
5.025624999999999787e+00
5.020937500000000497e+00
5.016706249999999478e+00
5.013989999999999725e+00
5.012290000000000134e+00
5.009155000000000690e+00
4.999838750000000331e+00
4.988269999999999982e+00
4.979461249999999950e+00
4.962092500000000683e+00
4.945862500000000495e+00
4.936133750000000653e+00
4.921669999999999767e+00
4.909392500000000048e+00
4.902414999999999523e+00
4.896353749999999394e+00
4.888552500000000300e+00
4.883493749999999523e+00
4.868917500000000231e+00
4.843177500000000357e+00
4.818245000000000111e+00
4.786272500000000818e+00
4.759958750000000016e+00
4.740973750000000209e+00
4.714312499999999240e+00
4.692416250000000844e+00
4.673165000000000013e+00
4.648214999999999542e+00
4.618085000000000662e+00
4.576730000000000409e+00
4.541732500000000172e+00
4.515243749999999778e+00
4.479871249999999527e+00
4.426297499999999552e+00
4.348303749999999468e+00
4.277338750000000189e+00
4.510728750000000176e+00
6.283371250000000963e+00
1.057719999999999949e+01
6.303460000000000036e+02
1.614803750000000264e+03
7.150962499999999977e+01
1.945877500000000282e+01
1.162910000000000110e+01
8.352223750000000280e+00
7.352479999999999905e+00
6.818952499999999084e+00
6.416468749999999943e+00
5.983046250000000121e+00
5.675243749999999920e+00
5.455362500000001447e+00
5.273047500000000554e+00
5.111083750000000592e+00
5.015761250000000615e+00
4.918583749999999810e+00
4.809975000000000556e+00
4.709461249999999488e+00
4.623203750000000056e+00
4.180348750000001168e+00
3.927834999999999965e+00
3.612482499999999597e+00
3.287261249999999801e+00
3.291752499999999859e+00
3.637027499999999804e+02
1.277740000000000009e+03
1.784511249999999905e+01
7.716133750000000902e+00
6.246342499999999909e+00
1.063942500000000102e+01
5.457695000000001073e+00
5.242900000000000560e+00
2.252590000000000003e+01
1.553532499999999983e+00
3.977196250000000077e+02
1.855310000000000059e+01
9.539539999999998798e+00
7.056555000000000355e+00
3.833622500000000155e+00
6.582303749999999809e+01
6.528974999999999973e+00
2.932142499999999874e+00
5.642332499999999840e+01
2.028101249999999922e+01
2.089136249999999961e+01
4.536597499999999883e+01
3.003927500000000350e+01
2.903394999999999726e+01
1.983038750000000050e+01
2.212552500000000322e+01
2.105351250000000007e+01
1.970759999999999934e+01
1.880162499999999781e+01
1.736298749999999913e+01
1.545153749999999881e+01
1.441159999999999997e+01
1.359250000000000114e+01
1.273182499999999884e+01
1.156997500000000123e+01
1.081832499999999975e+01
1.015522499999999972e+01
9.673877499999999685e+00
9.519743750000001725e+00
9.367702500000000043e+00
9.086971250000001277e+00
8.911507500000000803e+00
8.820758749999999537e+00
8.726856249999999093e+00
8.596916249999999593e+00
8.299549999999999983e+00
8.062414999999999665e+00
7.820468749999999858e+00
7.581305000000000405e+00
7.411841250000000159e+00
7.338569999999999816e+00
7.303353749999999422e+00
7.300157500000000965e+00
7.296263750000001380e+00
7.291560000000000485e+00
7.285141249999998792e+00
7.279330000000000744e+00
7.275416250000000140e+00
7.267535000000000522e+00
7.261364999999999625e+00
7.259848749999998851e+00
7.267366250000000250e+00
7.275436250000000271e+00
7.279893749999999386e+00
7.282954999999999401e+00
7.285084999999999589e+00
7.285768749999999905e+00
7.265603750000000360e+00
7.228349999999999831e+00
7.191826250000000087e+00
7.152018749999999869e+00
7.117899999999999672e+00
7.090272500000001088e+00
7.041996249999999513e+00
6.898924999999999308e+00
6.649852499999999722e+00
6.467073749999999954e+00
6.308394999999999087e+00
5.858396250000000194e+00
5.344826249999999668e+00
5.056165000000000020e+00
4.822691250000000096e+00
4.895726250000000057e+00
5.063176249999999712e+00
1.292368750000000066e+00
1.294435000000000002e+00
1.297578750000000003e+00
6.471824999999999939e-01
6.439025000000000443e-01
