4.986512499999999903e+01
6.039897499999999297e+01
4.213051249999999470e+01
3.603344999999999487e+01
3.257633750000000106e+01
2.971127499999999699e+01
2.669515000000000171e+01
2.411873750000000172e+01
2.212416250000000062e+01
2.029862500000000125e+01
1.843637499999999818e+01
1.636018750000000210e+01
1.470298750000000076e+01
1.191341249999999974e+01
1.066361250000000105e+01
1.009368749999999970e+01
9.554503750000000295e+00
9.174668749999998596e+00
8.882915000000000560e+00
8.654486249999999714e+00
8.467600000000000904e+00
8.313954999999999984e+00
8.094621249999999435e+00
7.853192500000000464e+00
7.671475000000000044e+00
7.529461250000000661e+00
7.410808750000000167e+00
7.313288749999999894e+00
7.231117499999999865e+00
7.157879999999998688e+00
7.093325000000000990e+00
7.037150000000000460e+00
6.986506249999999696e+00
6.940721250000000175e+00
6.882809999999999206e+00
6.814747500000000180e+00
6.756693750000000165e+00
6.706906249999999403e+00
6.669308749999999897e+00
6.647827500000000001e+00
6.620605000000000295e+00
6.584386249999999663e+00
6.551672500000000454e+00
6.523115000000000663e+00
6.495275000000001242e+00
6.477166249999999792e+00
6.465579999999999217e+00
6.454102499999999409e+00
6.442621250000000188e+00
6.435103749999999678e+00
6.431573750000000089e+00
6.428108750000001592e+00
6.424593749999999659e+00
6.421076249999999597e+00
6.417587500000000666e+00
6.414073750000000018e+00
6.410560000000000258e+00
6.407078750000000156e+00
6.403566249999999904e+00
6.400085000000000690e+00
6.396581249999999663e+00
6.393077500000000413e+00
6.389566249999999670e+00
6.386070000000000135e+00
6.379921250000000654e+00
6.371182499999999749e+00
6.362438749999999921e+00
6.353663750000000832e+00
6.342787500000000023e+00
6.329961250000000206e+00
6.317042500000000338e+00
6.303979999999999251e+00
6.291034999999999933e+00
6.275546249999999660e+00
6.257276249999999429e+00
6.238953749999999410e+00
6.223168750000000138e+00
6.209258750000000049e+00
6.197687500000000682e+00
6.186008750000000056e+00
6.173762499999999598e+00
6.163166250000000623e+00
6.153309999999999391e+00
6.143299999999999983e+00
6.132195000000000285e+00
6.120493750000000510e+00
6.109266249999999232e+00
6.100241249999998949e+00
6.092628750000000259e+00
6.087743749999999565e+00
6.084681249999999153e+00
6.079042499999999905e+00
6.062277500000000430e+00
6.042773750000000277e+00
6.029791249999999714e+00
6.005906249999998892e+00
5.986916250000000161e+00
5.978848750000000045e+00
5.969934999999999548e+00
5.962369999999999060e+00
5.960923750000000076e+00
5.962302500000000727e+00
5.964076250000000634e+00
5.965227499999999239e+00
5.972900000000000986e+00
6.012936249999999205e+00
6.095585000000000697e+00
6.329487500000000821e+00
6.707604999999999151e+00
7.304676250000000870e+00
9.851816249999998831e+00
1.523496249999999996e+01
3.486849999999999739e+01
6.422630000000000337e+02
9.486542499999998768e+01
1.271515000000000128e+01
8.532256249999999653e+00
7.583732499999999987e+00
6.898906250000000462e+00
6.389925000000000743e+00
6.181554999999999467e+00
6.014731250000000529e+00
5.601993750000000105e+00
5.510411250000000649e+00
5.477280000000000371e+00
5.447694999999999510e+00
5.427541250000000872e+00
5.424892500000000339e+00
5.459477500000000205e+00
6.723448750000000196e+00
5.756526249999999401e+00
6.567062500000000469e+00
6.899507500000000348e+00
1.037288749999999915e+01
3.619446250000000305e+02
2.097307500000000289e+02
1.250361250000000091e+01
8.546332500000000110e+00
7.376926250000000351e+00
6.600309999999999455e+00
6.565151250000000438e+00
2.410658749999999984e+01
4.093206250000000068e+01
6.010896250000000940e+00
7.873093750000000668e+00
4.111149999999999949e+01
4.731494999999999891e+02
3.063456249999999770e+01
8.078635000000000232e+00
6.885883749999999637e+00
6.492224999999999469e+00
6.125906249999999886e+00
1.167955000000000076e+01
2.113203749999999914e+01
2.781553749999999781e+01
6.425853749999999920e+00
5.879431249999999665e+00
8.284475000000000477e+00
4.405458750000000201e+00
6.754367499999999325e+01
6.366154999999999120e+00
5.429194999999999993e+00
1.274880000000000102e+01
4.223657499999999843e+00
2.989736249999999984e+01
1.142917499999999897e+01
1.083933749999999918e+01
9.543737500000000651e+00
1.497058749999999883e+01
1.327516250000000042e+01
1.282201249999999959e+01
1.250217499999999937e+01
1.186845000000000105e+01
1.160594999999999999e+01
1.146823750000000075e+01
1.120880000000000010e+01
1.078957499999999925e+01
1.044843750000000071e+01
1.006269999999999953e+01
9.583562500000001094e+00
9.351872500000000699e+00
9.178181249999997959e+00
9.008002499999999912e+00
8.886977500000000418e+00
8.828602499999998798e+00
8.808800000000001518e+00
8.803177500000000322e+00
8.802591250000000755e+00
8.801442500000000280e+00
8.795175000000000409e+00
8.786282499999998663e+00
8.779158750000000566e+00
8.768041249999999565e+00
8.747087499999999238e+00
8.661975000000001756e+00
8.606077500000001379e+00
8.584722499999999812e+00
8.481349999999999056e+00
8.307757499999999240e+00
8.117779999999999774e+00
7.981340000000000323e+00
7.920577499999999382e+00
7.846575000000000522e+00
7.757179999999999964e+00
7.635166250000001043e+00
7.524718749999999901e+00
7.450282500000000141e+00
7.309651249999999933e+00
7.202237500000000736e+00
7.096908750000000765e+00
6.916257500000000391e+00
6.779766250000000660e+00
6.712381249999999966e+00
6.666115000000000457e+00
6.614447499999999813e+00
6.491711249999999822e+00
6.309826250000000414e+00
6.121916249999999948e+00
5.978512499999999008e+00
5.876417500000000516e+00
5.788918749999999669e+00
5.718066250000000572e+00
5.605195000000000149e+00
5.297408749999999777e+00
4.821896249999999995e+00
4.512013750000000378e+00
4.300805000000000433e+00
3.956419999999999604e+00
3.819870000000000321e+00
3.876210000000000377e+00
4.054327499999999418e+00
4.178897499999999710e+00
4.186753750000000274e+00
1.017079999999999984e+00
1.007332499999999964e+00
9.924975000000000325e-01
4.787950000000000261e-01
4.648999999999999799e-01
