8.875175000000000480e+00
1.159051249999999911e+01
8.787681249999998556e+00
7.945392499999999636e+00
7.499143749999999109e+00
7.151798749999999316e+00
6.812896249999999654e+00
6.546987500000000182e+00
6.359968749999999282e+00
6.204681250000000148e+00
6.061399999999999899e+00
5.923331249999999493e+00
5.827945000000000597e+00
5.702946250000000106e+00
5.658436249999999390e+00
5.641867500000000923e+00
5.627733749999999979e+00
5.618736249999999544e+00
5.612341250000000059e+00
5.607633749999999750e+00
5.603955000000000020e+00
5.601052499999999768e+00
5.597070000000000434e+00
5.592851250000000718e+00
5.589738749999999534e+00
5.587299999999999933e+00
5.585239999999999760e+00
5.583491249999999795e+00
5.581960000000000477e+00
5.580548750000000169e+00
5.579257499999998871e+00
5.578064999999999607e+00
5.576939999999999564e+00
5.575866249999999802e+00
5.574387499999999385e+00
5.572484999999999467e+00
5.570685000000000109e+00
5.568954999999999878e+00
5.567647499999999638e+00
5.566815000000000069e+00
5.565608749999999993e+00
5.564006250000000264e+00
5.562411250000000251e+00
5.560856250000000500e+00
5.559303750000000655e+00
5.558147499999999575e+00
5.557377500000000303e+00
5.556613750000000351e+00
5.555853749999999813e+00
5.555321250000001321e+00
5.555017499999999941e+00
5.554719999999999658e+00
5.554420000000000357e+00
5.554118749999999771e+00
5.553820000000000867e+00
5.553519999999999790e+00
5.553218749999999204e+00
5.552918749999999903e+00
5.552617499999999318e+00
5.552320000000000810e+00
5.552017499999999828e+00
5.551718750000000924e+00
5.551416249999999941e+00
5.551116249999999752e+00
5.550589999999999691e+00
5.549839999999999662e+00
5.549089999999999634e+00
5.548338749999999209e+00
5.547213750000000054e+00
5.545734999999999637e+00
5.544246249999999598e+00
5.542742500000000128e+00
5.541249999999998899e+00
5.539174999999999294e+00
5.536483750000000370e+00
5.533767499999999728e+00
5.531060000000000088e+00
5.528492500000000476e+00
5.526356250000000081e+00
5.523647499999999155e+00
5.520400000000000418e+00
5.517591249999999725e+00
5.514978750000000929e+00
5.512322499999999792e+00
5.509378749999999769e+00
5.506276249999999983e+00
5.503278750000000663e+00
5.500053750000000186e+00
5.496799999999999464e+00
5.494711249999999936e+00
5.493403750000000585e+00
5.490992500000000831e+00
5.483828749999998919e+00
5.474141250000000625e+00
5.465640000000000498e+00
5.447921250000000271e+00
5.429527500000000728e+00
5.416868749999999899e+00
5.396560000000000024e+00
5.379319999999999879e+00
5.368356249999999719e+00
5.357751250000000631e+00
5.344095000000000262e+00
5.335252500000000175e+00
5.308226249999999702e+00
5.252116249999999376e+00
5.186091249999999597e+00
5.075414999999999566e+00
4.953761250000000338e+00
4.826527500000000082e+00
4.566605000000000025e+00
4.185551249999999612e+00
3.538286250000000077e+00
1.869699999999999918e+01
1.114663750000000064e+01
6.777607500000000229e+00
6.217288749999999808e+00
6.031483749999999588e+00
5.867937500000000028e+00
5.710447499999999899e+00
5.554051250000000550e+00
5.400549999999999962e+00
5.261272499999999575e+00
5.149301249999999719e+00
5.093580000000000219e+00
5.024694999999999467e+00
4.947072499999999984e+00
4.886453750000000262e+00
4.799456250000000423e+00
4.672963750000000083e+00
4.442188749999999686e+00
4.191790000000001015e+00
3.902233749999999723e+00
3.346680000000000099e+00
2.827483750000000029e+01
2.731890000000000285e+01
7.677812500000000817e+00
6.484049999999999869e+00
5.921088750000000012e+00
5.664987499999999621e+00
5.398103750000000645e+00
4.924468749999999950e+00
6.197306250000000460e+00
5.037663750000000107e+00
4.160557500000000353e+00
4.722546250000000612e+00
1.099724999999999966e+02
1.527412499999999973e+01
7.332141250000000277e+00
6.566223750000000692e+00
6.276202499999999240e+00
5.968015000000000292e+00
5.486864999999999881e+00
6.823696250000001129e+00
6.627978750000000474e+00
6.029772500000001756e+00
5.748898749999999502e+00
5.406672499999999992e+00
3.997412500000000257e+00
2.764361249999999970e+01
6.185204999999998954e+00
5.291943749999999724e+00
5.904702499999999965e+00
4.004218749999999716e+00
1.479481250000000081e+01
8.312107499999999760e+00
7.202622500000000372e+00
6.937822500000000225e+00
9.879006249999999767e+00
8.959954999999999004e+00
8.816682500000000644e+00
8.715572499999998612e+00
8.512817500000000592e+00
8.419776249999999962e+00
8.366736249999998876e+00
8.266794999999998339e+00
8.105311249999999745e+00
7.973911250000000450e+00
7.823589999999999378e+00
7.645543749999999861e+00
7.577657499999999935e+00
7.555781249999999893e+00
7.568962500000000482e+00
7.647951249999999312e+00
7.754058749999999556e+00
7.888661250000001068e+00
8.005396250000000435e+00
8.044297499999998990e+00
8.081728749999999906e+00
8.145322500000000687e+00
8.178623749999999859e+00
8.192552499999999682e+00
8.201293749999999605e+00
8.208353749999998783e+00
8.187056249999999480e+00
8.097162499999999596e+00
7.936257499999999965e+00
7.712948749999999798e+00
7.449832500000000302e+00
6.895008749999999687e+00
6.417976249999999716e+00
6.309247499999999675e+00
6.153341249999998652e+00
5.963453750000001108e+00
5.768308750000000096e+00
5.606968750000000945e+00
5.495006250000000314e+00
5.305460000000000065e+00
5.146914999999999907e+00
5.019027499999999975e+00
4.793182500000000346e+00
4.650667499999999954e+00
4.573545000000000194e+00
4.514247499999999746e+00
4.455066249999999783e+00
4.324996249999999876e+00
4.130918750000000195e+00
3.931538750000000082e+00
3.780927500000000219e+00
3.676337499999999814e+00
3.586699999999999999e+00
3.514116249999999830e+00
3.401701250000000343e+00
3.099456250000000246e+00
2.621462499999999807e+00
2.317021249999999810e+00
2.122272500000000228e+00
1.797254999999999825e+00
1.664627499999999927e+00
1.739746250000000272e+00
1.974551249999999980e+00
2.155227500000000074e+00
2.223559999999999981e+00
5.488562500000000455e-01
5.410025000000000528e-01
5.271662500000000584e-01
2.501999999999999780e-01
2.400937499999999947e-01
