4.098983750000000015e+01
4.880846250000000452e+01
3.334284999999999854e+01
2.808805000000000263e+01
2.507721249999999813e+01
2.255947499999999906e+01
1.988221249999999785e+01
1.757174999999999798e+01
1.576421250000000107e+01
1.409393750000000090e+01
1.237497499999999917e+01
1.043684999999999974e+01
8.875027499999999847e+00
6.210466250000000521e+00
5.005182500000000090e+00
4.451829999999999288e+00
3.926769999999999872e+00
3.555932499999999941e+00
3.270572499999999661e+00
3.046851250000000011e+00
2.863644999999999996e+00
2.712898749999999914e+00
2.497550000000000381e+00
2.260343750000000096e+00
2.081736250000000066e+00
1.942162499999999792e+00
1.825571249999999868e+00
1.729797500000000099e+00
1.649159999999999737e+00
1.577328749999999946e+00
1.514068750000000074e+00
1.459083750000000013e+00
1.409562500000000052e+00
1.364855000000000151e+00
1.308422500000000044e+00
1.242263750000000000e+00
1.186010000000000009e+00
1.137952499999999922e+00
1.101658749999999909e+00
1.081011249999999979e+00
1.054997499999999810e+00
1.020378749999999890e+00
9.892593750000000519e-01
9.622605000000000741e-01
9.359723749999999676e-01
9.190191249999999368e-01
9.082025000000000237e-01
8.974867499999999998e-01
8.867668750000000655e-01
8.797817500000000290e-01
8.765560000000001128e-01
8.733877500000001293e-01
8.701728750000000678e-01
8.669590000000000352e-01
8.637671249999999690e-01
8.605558750000000812e-01
8.573439999999998840e-01
8.541620000000000879e-01
8.509496250000000428e-01
8.477648749999999733e-01
8.445618750000001285e-01
8.413596249999999444e-01
8.381491249999998283e-01
8.349536250000000326e-01
8.293311249999999468e-01
8.213436250000000216e-01
8.133481250000000884e-01
8.053257500000000624e-01
7.955748749999999037e-01
7.842269999999998964e-01
7.727954999999999686e-01
7.612395000000000689e-01
7.497864999999999114e-01
7.363712500000000327e-01
7.207943750000000982e-01
7.051849999999999508e-01
6.921065000000000689e-01
6.807669999999999000e-01
6.713295000000000234e-01
6.623634999999999939e-01
6.533623750000000507e-01
6.455758750000000212e-01
6.383328750000001328e-01
6.309753750000000050e-01
6.228152500000000424e-01
6.142166249999999605e-01
6.059883750000000235e-01
6.001878750000000373e-01
5.958291250000000705e-01
5.930320000000000036e-01
5.912787500000000751e-01
5.880505000000000315e-01
5.784501250000000372e-01
5.686301250000000973e-01
5.641504999999999992e-01
5.579853749999998946e-01
5.573893749999999647e-01
5.619803750000000875e-01
5.733766249999999731e-01
5.830501249999999747e-01
5.925684999999999425e-01
6.045508749999999321e-01
6.199796250000000342e-01
6.299756250000000390e-01
6.646758749999999161e-01
7.608212500000000045e-01
9.094932499999999198e-01
1.254071249999999971e+00
1.753843750000000146e+00
2.478149999999999853e+00
5.285213749999999600e+00
1.104941249999999897e+01
3.133023750000000263e+01
6.235660000000000309e+02
8.371875000000000000e+01
5.937541249999999771e+00
2.314967499999999845e+00
1.552250000000000130e+00
1.030972499999999847e+00
6.794812499999999256e-01
6.275010000000000865e-01
6.141826249999999821e-01
3.407231250000000156e-01
3.611086249999999609e-01
3.836971250000000278e-01
4.229990000000000139e-01
4.804706250000000400e-01
5.384399999999999187e-01
6.600227499999999914e-01
2.050486250000000066e+00
1.314337500000000158e+00
2.375273750000000295e+00
2.997273750000000625e+00
7.026214999999998767e+00
3.336697500000000218e+02
1.824118750000000091e+02
4.825811250000000108e+00
2.062281249999999844e+00
1.455837500000000118e+00
9.353255000000000319e-01
1.167047500000000015e+00
1.918209999999999837e+01
3.473476249999999510e+01
9.732316249999999336e-01
3.712536249999999871e+00
3.638895000000000124e+01
3.631772500000000150e+02
1.536047499999999921e+01
7.464940000000001019e-01
3.196571249999999864e-01
2.160218750000000021e-01
1.578896249999999779e-01
6.192672500000000468e+00
1.430833750000000038e+01
2.118755000000000166e+01
3.960813750000000688e-01
1.305342500000000183e-01
2.877801250000000088e+00
4.080473749999999900e-01
3.990006249999999710e+01
1.809507500000000213e-01
1.372507500000000047e-01
6.844088750000000054e+00
2.194401249999999859e-01
1.510253750000000217e+01
3.117079999999999629e+00
3.636711249999999840e+00
2.605914999999999981e+00
5.091591249999999569e+00
4.315207500000000529e+00
4.005321249999999722e+00
3.786627499999999813e+00
3.355626250000000255e+00
3.186180000000000234e+00
3.101519999999999833e+00
2.942002499999999188e+00
2.684258749999999694e+00
2.474528749999999722e+00
2.239086249999999723e+00
1.938018749999999901e+00
1.774212499999999970e+00
1.622398750000000112e+00
1.439036250000000017e+00
1.239027499999999948e+00
1.074545000000000083e+00
9.201369999999999827e-01
7.977822500000000261e-01
7.582943750000001870e-01
7.197161249999999288e-01
6.498508750000000500e-01
6.076570000000000027e-01
5.866080000000000183e-01
5.667447500000000193e-01
5.387337500000000112e-01
4.749185000000000212e-01
4.089572499999999944e-01
3.447617500000000335e-01
2.918509999999999716e-01
2.506781250000000294e-01
1.870981250000000318e-01
1.493904999999999816e-01
1.471252499999999852e-01
1.443669999999999953e-01
1.410346249999999968e-01
1.327418750000000092e-01
1.187056249999999952e-01
1.104240000000000083e-01
9.730131249999998677e-02
8.909683749999998403e-02
8.334071249999999709e-02
7.396807500000000812e-02
6.909043750000000428e-02
6.729445000000000565e-02
6.606154999999999666e-02
6.477982499999999921e-02
6.203677500000000233e-02
5.759942500000000271e-02
5.272622499999999462e-02
4.898751249999999668e-02
4.629198749999999252e-02
4.398186249999999631e-02
4.211123749999999555e-02
3.867303750000000012e-02
3.030761249999999740e-02
2.247392500000000223e-02
1.816652499999999934e-02
1.509077499999999898e-02
9.446355000000000030e-03
5.449905000000000548e-03
3.283993749999999413e-03
1.404483750000000029e-03
9.746418749999999137e-04
9.250309999999999869e-04
1.946091250000000084e-04
1.834132500000000044e-04
1.616037500000000026e-04
5.120512499999999706e-05
3.049362500000000063e-05
