7.929612500000000175e+00
1.037242750000000058e+01
7.876334999999999198e+00
7.127722499999999961e+00
6.731534999999999158e+00
6.423426249999999449e+00
6.123066249999999933e+00
5.887584999999999624e+00
5.722076249999999753e+00
5.584708750000000776e+00
5.457998749999999788e+00
5.335936250000000491e+00
5.251624999999999766e+00
5.141259999999999941e+00
5.102061250000000214e+00
5.087540000000000617e+00
5.075217499999999937e+00
5.067433750000000181e+00
5.061960000000000015e+00
5.057969999999999189e+00
5.054895000000000138e+00
5.052505000000000024e+00
5.049291249999999565e+00
5.046001249999999771e+00
5.043688749999999388e+00
5.041974999999999874e+00
5.040597500000000508e+00
5.039496250000000899e+00
5.038581250000000011e+00
5.037779999999998815e+00
5.037079999999999558e+00
5.036470000000000447e+00
5.035919999999999952e+00
5.035420000000001117e+00
5.034766249999999665e+00
5.033979999999999677e+00
5.033280000000000420e+00
5.032650000000000290e+00
5.032175000000000509e+00
5.031886250000000338e+00
5.031488749999999399e+00
5.030963750000000623e+00
5.030458749999999313e+00
5.029981250000000514e+00
5.029511250000000544e+00
5.029169999999999696e+00
5.028948750000000523e+00
5.028725000000000556e+00
5.028501250000000589e+00
5.028349999999999653e+00
5.028267500000000112e+00
5.028179999999999872e+00
5.028100000000001124e+00
5.028014999999999901e+00
5.027929999999998678e+00
5.027849999999999930e+00
5.027761250000000182e+00
5.027680000000000149e+00
5.027599999999999625e+00
5.027510000000000367e+00
5.027429999999999843e+00
5.027346249999999905e+00
5.027261249999999571e+00
5.027180000000000426e+00
5.027031250000000284e+00
5.026819999999999844e+00
5.026611249999999309e+00
5.026402499999999662e+00
5.026098749999999171e+00
5.025693749999999405e+00
5.025292499999999052e+00
5.024884999999999380e+00
5.024482499999999519e+00
5.023923750000000688e+00
5.023201249999999618e+00
5.022475000000000023e+00
5.021749999999999936e+00
5.021061249999999809e+00
5.020490000000000563e+00
5.019753749999999570e+00
5.018866249999999418e+00
5.018097500000000544e+00
5.017382500000000078e+00
5.016656249999999595e+00
5.015850000000000364e+00
5.015003749999999982e+00
5.014182499999999543e+00
5.013264999999999638e+00
5.012326250000000094e+00
5.011721249999999905e+00
5.011341250000000080e+00
5.010646249999999746e+00
5.008573750000000047e+00
5.005679999999999907e+00
5.003012500000000529e+00
4.997251249999999700e+00
4.990886249999999968e+00
4.986301250000000351e+00
4.977977499999999722e+00
4.969706249999999770e+00
4.963921250000001173e+00
4.957983750000000356e+00
4.949001250000000240e+00
4.942041250000000829e+00
4.908507500000000690e+00
4.884442499999999576e+00
5.175715000000001176e+00
5.015606249999999378e+00
4.974573750000000238e+00
4.951261249999999947e+00
4.917927499999999341e+00
4.885258750000000205e+00
4.848312500000000469e+00
4.780827500000000896e+00
4.622026250000000225e+00
5.690006249999999710e+00
6.058883749999999679e+00
5.438846249999999216e+00
5.210525000000000517e+00
5.047261250000000032e+00
5.171241249999999567e+00
5.187304999999999389e+00
5.023497500000000393e+00
4.927327500000000526e+00
4.871336250000000589e+00
4.777477499999999822e+00
4.632575000000000109e+00
4.433582499999999982e+00
3.844846249999999799e+00
9.339408750000000481e+00
6.162913749999999524e+00
5.670746249999999655e+00
5.505078749999999133e+00
5.400435000000000763e+00
5.283336249999999623e+00
5.124167499999999542e+00
5.481427499999999675e+00
5.298473750000000315e+00
5.238426250000000728e+00
5.215211249999999410e+00
5.196411249999999704e+00
5.177757500000000235e+00
5.162707500000000671e+00
5.132263749999999902e+00
5.104967499999999880e+00
5.086713749999999479e+00
5.068101250000000668e+00
5.049168749999999761e+00
5.026733750000000001e+00
5.004934999999999690e+00
4.988780000000000214e+00
4.959014999999999951e+00
4.898028749999999931e+00
4.815249999999999808e+00
4.720348750000000315e+00
4.616862500000000757e+00
4.522784999999999833e+00
1.308959999999999724e+01
7.283307499999999379e+00
5.986447499999998811e+00
5.645396250000000116e+00
5.389283750000000595e+00
4.953780000000000072e+00
4.347276250000000175e+00
1.782764999999999844e+01
7.092592499999999411e+00
7.000975000000000392e+00
6.870869999999999145e+00
6.678752499999999870e+00
6.548493749999999558e+00
6.450671249999999191e+00
6.381635000000000169e+00
6.239117499999999872e+00
6.158367499999999772e+00
6.105863750000001033e+00
6.006932500000000452e+00
5.905953749999999225e+00
5.852636249999999762e+00
5.749190000000000467e+00
5.668807499999999777e+00
5.665329999999999089e+00
5.691279999999999006e+00
5.760320000000000107e+00
5.870572499999999749e+00
5.996047500000000419e+00
6.141002500000000808e+00
6.278869999999999507e+00
6.329942499999999583e+00
6.379158749999999323e+00
6.486388749999998815e+00
6.598211249999999417e+00
6.684471249999999642e+00
6.780813750000000084e+00
6.934625000000000483e+00
7.081886250000000160e+00
7.068047499999999594e+00
6.995136249999999833e+00
6.809966250000000443e+00
6.520067500000000571e+00
6.272619999999999862e+00
6.090161250000000415e+00
5.993834999999999802e+00
5.886546249999999425e+00
5.761831250000000182e+00
5.604855000000000587e+00
5.473037500000000222e+00
5.378753749999999556e+00
5.205411249999999157e+00
5.083785000000000664e+00
4.978020000000000778e+00
4.805305000000000604e+00
4.679651250000000928e+00
4.618721250000000111e+00
4.576891250000000078e+00
4.529843749999999503e+00
4.416992500000000099e+00
4.246531250000000313e+00
4.067907500000000454e+00
3.925309999999999633e+00
3.820303749999999443e+00
3.734844999999999970e+00
3.665643750000000090e+00
3.544715000000000060e+00
3.221042500000000253e+00
2.712001249999999697e+00
2.393787500000000179e+00
2.187913749999999879e+00
1.850586250000000099e+00
1.685829999999999940e+00
1.749161250000000001e+00
1.974756249999999991e+00
2.195156250000000142e+00
2.259165000000000312e+00
5.362700000000000244e-01
5.263774999999999427e-01
5.102512500000000450e-01
2.366524999999999879e-01
2.231299999999999950e-01
