1.711221249999999827e+01
2.130669999999999931e+01
1.534604999999999997e+01
1.342028749999999881e+01
1.234962500000000141e+01
1.147755000000000081e+01
1.057746250000000110e+01
9.824434999999999363e+00
9.254048750000000823e+00
8.742561249999999617e+00
8.230834999999999013e+00
7.674703749999999935e+00
7.240635000000001043e+00
6.533721250000000147e+00
6.224780000000000868e+00
6.086478750000000382e+00
5.956753750000000736e+00
5.866098749999999917e+00
5.796872500000000983e+00
5.742936250000000520e+00
5.698976250000000299e+00
5.662969999999999615e+00
5.611760000000001192e+00
5.555653749999999391e+00
5.513627500000000126e+00
5.480927499999999952e+00
5.453693750000000229e+00
5.431388749999999987e+00
5.412654999999999994e+00
5.395996249999999606e+00
5.381351249999999808e+00
5.368644999999999001e+00
5.357212500000000155e+00
5.346905000000000463e+00
5.333907499999999580e+00
5.318693749999999554e+00
5.305774999999999686e+00
5.294748750000000115e+00
5.286425000000000374e+00
5.281695000000000029e+00
5.275736249999999572e+00
5.267804999999999183e+00
5.260683750000000103e+00
5.254506250000000378e+00
5.248492500000000227e+00
5.244612499999999677e+00
5.242140000000000022e+00
5.239687500000000497e+00
5.237233749999999688e+00
5.235637500000000166e+00
5.234899999999999665e+00
5.234172499999999673e+00
5.233437500000000853e+00
5.232700000000000351e+00
5.231971249999999962e+00
5.231236250000000254e+00
5.230501249999999658e+00
5.229773749999999666e+00
5.229037500000000449e+00
5.228309999999999569e+00
5.227574999999999861e+00
5.226843750000000455e+00
5.226108749999999858e+00
5.225376250000000056e+00
5.224091249999998965e+00
5.222261249999999855e+00
5.220432500000000253e+00
5.218594999999999651e+00
5.216366250000000093e+00
5.213768749999999841e+00
5.211153750000000251e+00
5.208508750000000020e+00
5.205888749999999732e+00
5.202822499999999017e+00
5.199267499999999487e+00
5.195703750000000731e+00
5.192732499999999973e+00
5.190161250000000059e+00
5.188023750000000156e+00
5.186038749999999808e+00
5.184087499999999515e+00
5.182400000000000340e+00
5.180828749999999872e+00
5.179231249999999953e+00
5.177462499999999856e+00
5.175597500000000295e+00
5.173817500000000180e+00
5.172742500000000021e+00
5.172072499999999629e+00
5.171643749999999429e+00
5.171371249999999087e+00
5.170873750000000157e+00
5.169393750000000232e+00
5.168604999999999450e+00
5.169498749999998921e+00
5.173451249999999391e+00
5.181369999999999365e+00
5.189970000000000638e+00
5.212916250000001028e+00
5.243206250000000068e+00
5.270548749999999671e+00
5.303734999999999644e+00
5.364435000000000286e+00
5.420865000000000045e+00
5.878330000000000055e+00
3.608136249999999734e+01
1.177038750000000178e+01
5.532341249999999988e+00
5.282802500000000734e+00
5.250006249999999319e+00
5.253595000000000681e+00
5.299531249999999361e+00
5.390205000000000801e+00
5.663871249999999691e+00
6.921508750000000099e+00
1.030101875000000007e+02
1.930127500000000040e+01
8.041421250000000853e+00
6.186513750000000478e+00
5.807799999999999407e+00
2.952549999999999741e+01
5.912456249999999969e+00
5.299486250000000176e+00
5.262698750000000203e+00
5.297522499999999468e+00
5.446471249999999209e+00
5.826226250000000384e+00
6.791977499999999779e+00
1.852547500000000014e+01
2.077577499999999873e+02
1.022027500000000089e+01
6.897151250000001177e+00
6.177277500000000643e+00
5.851281249999999545e+00
5.652413750000000014e+00
1.233803750000000043e+01
1.517694999999999972e+01
5.574928750000000655e+00
5.348334999999999617e+00
5.295868749999999459e+00
5.260531249999999659e+00
5.229138749999999725e+00
5.206282500000000368e+00
5.164612500000000495e+00
5.130558749999999613e+00
5.109550000000000480e+00
5.088949999999999640e+00
5.068859999999999921e+00
5.045796250000000427e+00
5.024098750000000280e+00
5.008168749999999392e+00
4.979635000000000034e+00
4.922708749999999966e+00
4.848667500000000352e+00
4.768256250000000307e+00
4.686537500000000023e+00
4.618743750000000148e+00
3.244568749999999824e+01
7.865524999999999878e+00
6.097226250000000292e+00
5.693740000000000911e+00
5.417279999999999873e+00
4.979795000000000194e+00
4.415384999999999671e+00
2.720339999999999847e+01
1.198012500000000102e+01
1.155446249999999964e+01
1.101604999999999812e+01
1.026763749999999753e+01
9.834818749999998388e+00
9.513001249999998521e+00
9.285884999999998612e+00
8.824476250000000022e+00
8.590261249999999293e+00
8.447261250000000388e+00
8.218479999999999563e+00
8.043244999999998868e+00
7.913559999999998595e+00
7.642213749999999806e+00
7.338421249999999674e+00
7.214834999999999887e+00
7.131716250000000201e+00
7.095075000000000465e+00
7.064073749999999485e+00
7.108612499999999557e+00
7.212908749999999536e+00
7.324050000000000615e+00
7.364780000000000548e+00
7.410576250000000087e+00
7.511313750000000233e+00
7.626286249999998823e+00
7.719381249999998751e+00
7.819112500000000132e+00
7.974013750000000122e+00
8.280641250000000397e+00
8.399665000000000603e+00
8.448320000000000718e+00
8.483719999999999928e+00
8.338926249999998319e+00
8.152101249999999411e+00
8.016068750000000520e+00
7.955127500000000573e+00
7.881528749999999306e+00
7.792888750000000364e+00
7.673213750000000388e+00
7.567066250000000771e+00
7.496958749999999227e+00
7.359474999999999767e+00
7.254252499999999770e+00
7.152132500000000448e+00
6.974986250000000609e+00
6.840732499999999661e+00
6.774342500000000378e+00
6.728768749999999521e+00
6.677786249999999590e+00
6.556450000000000777e+00
6.377927500000000194e+00
6.194482500000000336e+00
6.048038749999999908e+00
5.943208750000000151e+00
5.859912500000000080e+00
5.792464999999999975e+00
5.674594999999999168e+00
5.363127500000000047e+00
4.868109999999999715e+00
4.546057499999999862e+00
4.326576250000000456e+00
3.953321249999999676e+00
3.782201249999999959e+00
3.852829999999999977e+00
4.050831249999999883e+00
4.216406249999999467e+00
4.243274999999999686e+00
1.026897500000000019e+00
1.016321249999999843e+00
9.993162500000000170e-01
4.803437500000000138e-01
4.661824999999999997e-01
