9.182587500000000347e+00
1.093424999999999869e+01
7.469708750000000563e+00
6.292570000000000441e+00
5.618103749999999508e+00
5.054112499999998676e+00
4.454397500000000676e+00
3.936852500000000532e+00
3.531968750000000323e+00
3.157852499999999729e+00
2.772834999999999717e+00
2.338766249999999935e+00
1.989007500000000039e+00
1.392461249999999984e+00
1.122718749999999988e+00
9.989387499999999864e-01
8.815386250000000201e-01
7.986608749999999368e-01
7.349154999999999438e-01
6.849653749999999874e-01
6.440829999999999611e-01
6.104641250000000241e-01
5.624666250000001089e-01
5.096517499999999590e-01
4.699392500000000306e-01
4.389518749999999914e-01
4.130971249999999539e-01
3.918947499999999584e-01
3.740716250000000187e-01
3.582146250000000087e-01
3.442693749999999886e-01
3.321712499999999735e-01
3.212911250000000107e-01
3.114848749999999944e-01
2.991411250000000077e-01
2.847143749999999640e-01
2.724933750000000376e-01
2.621005000000000140e-01
2.542526250000000099e-01
2.498083750000000269e-01
2.442457499999999837e-01
2.368442499999999784e-01
2.302251250000000027e-01
2.245236250000000044e-01
2.189803750000000049e-01
2.154416250000000255e-01
2.131910000000000194e-01
2.109610000000000096e-01
2.087307500000000204e-01
2.072853750000000217e-01
2.066316250000000132e-01
2.059892500000000126e-01
2.053379999999999928e-01
2.046863750000000315e-01
2.040393749999999951e-01
2.033886250000000173e-01
2.027376250000000324e-01
2.020927500000000154e-01
2.014416250000000130e-01
2.007961249999999920e-01
2.001467500000000121e-01
1.994976250000000118e-01
1.988469999999999960e-01
1.981993749999999832e-01
1.970596249999999883e-01
1.954406250000000067e-01
1.938199999999999923e-01
1.921940000000000037e-01
1.902697499999999875e-01
1.880735000000000046e-01
1.858607499999999912e-01
1.836238750000000197e-01
1.814071250000000302e-01
1.788991250000000199e-01
1.760646250000000024e-01
1.732294999999999807e-01
1.709821250000000126e-01
1.690996250000000312e-01
1.675328749999999700e-01
1.662857500000000099e-01
1.652217500000000006e-01
1.643013749999999995e-01
1.634451249999999967e-01
1.625752500000000045e-01
1.616107500000000252e-01
1.605942499999999662e-01
1.596358750000000104e-01
1.594782499999999881e-01
1.597474999999999867e-01
1.599203750000000035e-01
1.600286250000000077e-01
1.602281249999999990e-01
1.608209999999999917e-01
1.629277499999999823e-01
1.664863749999999920e-01
1.761996249999999986e-01
1.904849999999999877e-01
2.036682500000000229e-01
2.349388749999999915e-01
2.735026249999999992e-01
3.066274999999999973e-01
3.457525000000000182e-01
4.154318750000000615e-01
4.788231250000000161e-01
9.698238750000000019e-01
3.119692500000000024e+01
6.594662500000000982e+00
5.167356249999999207e-01
3.082281250000000195e-01
2.987427500000000014e-01
3.356693749999999365e-01
4.142710000000000004e-01
5.418919999999999293e-01
8.830421250000001221e-01
2.299482499999999874e+00
9.732028750000000628e+01
1.324239999999999995e+01
2.602574999999999861e+00
9.759872499999999729e-01
7.605375000000000885e-01
2.435426250000000081e+01
7.251501249999999787e-01
2.759904999999999720e-01
3.353716250000000065e-01
4.261857500000000298e-01
6.689936249999999252e-01
1.193651250000000053e+00
2.358396249999999750e+00
1.468062500000000092e+01
1.984184999999999945e+02
4.057362499999999983e+00
1.226403750000000015e+00
6.721983749999999036e-01
4.508466250000000008e-01
3.690785000000000315e-01
7.213863750000000685e+00
9.695514999999998551e+00
2.764556250000000381e-01
1.099065000000000042e-01
8.065764999999999740e-02
6.412039999999999407e-02
5.138224999999999737e-02
4.357435000000000475e-02
3.235129999999999950e-02
2.559069999999999748e-02
2.283852500000000188e-02
2.084748750000000109e-02
1.969131249999999875e-02
1.906191250000000004e-02
1.916545000000000054e-02
1.938683749999999678e-02
2.061717500000000147e-02
2.467986249999999659e-02
3.341785000000000588e-02
4.790857500000000879e-02
6.967581250000000337e-02
9.595873750000000202e-02
1.935607500000000059e+01
5.822171249999998910e-01
1.107780000000000015e-01
4.834202500000000374e-02
2.799382499999999649e-02
2.601399999999999546e-02
6.810917499999999403e-02
9.375731250000001182e+00
4.887543749999998965e+00
4.553473749999999320e+00
4.145164999999999544e+00
3.588896250000000343e+00
3.286327500000000068e+00
3.062331249999999727e+00
2.904250000000000220e+00
2.585358749999999706e+00
2.431891250000000060e+00
2.341399999999999704e+00
2.170883750000000223e+00
1.990578749999999841e+00
1.890511249999999865e+00
1.684511249999999905e+00
1.426543749999999999e+00
1.285293750000000124e+00
1.147860000000000102e+00
9.983619999999999717e-01
7.931793750000000198e-01
6.485392500000000116e-01
5.357580000000000675e-01
4.467097500000000165e-01
4.158344999999999958e-01
3.939336250000000095e-01
3.482936249999999956e-01
3.222459999999999769e-01
3.126238749999999955e-01
3.018764999999999921e-01
2.847192499999999793e-01
2.345389999999999975e-01
2.008736250000000279e-01
1.631694999999999673e-01
1.167656250000000118e-01
8.731173750000000011e-02
7.102022500000000627e-02
6.081973749999999151e-02
5.614849999999999702e-02
5.236388749999999065e-02
4.856886250000000405e-02
4.424973749999999706e-02
4.093967500000000176e-02
3.795199999999999962e-02
3.281483750000000615e-02
2.977509999999999879e-02
2.772561250000000338e-02
2.458596249999999914e-02
2.261142499999999750e-02
2.173866250000000208e-02
2.113947500000000132e-02
2.054015000000000354e-02
1.934437500000000393e-02
1.791367500000000390e-02
1.670005000000000100e-02
1.573120000000000074e-02
1.514351250000000107e-02
1.474951249999999908e-02
1.443046249999999954e-02
1.387291250000000087e-02
1.245811250000000009e-02
1.008536250000000023e-02
8.333853749999998312e-03
6.959327500000000132e-03
3.957542499999999394e-03
1.771200000000000118e-03
9.582166250000001204e-04
4.636825000000000451e-04
4.935474999999999498e-04
7.540911249999999620e-04
3.052075000000000014e-04
3.385025000000000273e-04
3.891800000000000381e-04
2.425224999999999874e-04
2.632912500000000010e-04
