1.540150000000000091e+03
1.834994999999999891e+03
1.254488749999999754e+03
1.057384999999999991e+03
9.445043749999999818e+02
8.501522499999999809e+02
7.498785000000000309e+02
6.633997499999999263e+02
5.958003750000000309e+02
5.333958749999999327e+02
4.692459999999999241e+02
3.970740000000000123e+02
3.390779999999999745e+02
2.409364999999999952e+02
1.970612500000000296e+02
1.772437500000000057e+02
1.587062500000000114e+02
1.458543750000000045e+02
1.361678749999999809e+02
1.287976249999999823e+02
1.228965000000000032e+02
1.180138749999999845e+02
1.114348750000000052e+02
1.046712500000000006e+02
1.001703749999999928e+02
9.692986249999999870e+01
9.466331250000000352e+01
9.325727500000000703e+01
9.248753750000000196e+01
9.212462499999999466e+01
9.217101250000000334e+01
9.264596250000001021e+01
9.344338750000000005e+01
9.456749999999999545e+01
9.698957500000000209e+01
1.013406249999999886e+02
1.067591250000000116e+02
1.137505000000000024e+02
1.201250000000000000e+02
1.250054999999999978e+02
1.334161249999999939e+02
1.469288750000000050e+02
1.639407500000000084e+02
1.851378750000000082e+02
2.116881250000000136e+02
2.365979999999999563e+02
2.568847499999999400e+02
2.802895000000000323e+02
3.077388750000000641e+02
3.293419999999999845e+02
3.436443750000000250e+02
3.576967500000000086e+02
3.738021250000000464e+02
3.914498750000000200e+02
4.089996250000000373e+02
4.293453750000000468e+02
4.515528750000000286e+02
4.736262500000000273e+02
4.998417500000000473e+02
5.281026249999999891e+02
5.566493749999999636e+02
5.892743749999999636e+02
6.253971249999999600e+02
6.653058750000000146e+02
7.476808749999999009e+02
8.938061249999998381e+02
1.092531250000000000e+03
1.376651249999999891e+03
2.130643749999999727e+03
4.553032499999999345e+03
1.110271249999999964e+04
2.077023749999999927e+04
2.209273749999999927e+04
1.022209124999999949e+04
2.278789999999999964e+03
8.341717499999999745e+02
4.416475000000000364e+02
2.792541249999999877e+02
2.044618749999999920e+02
1.494460000000000264e+02
1.075871249999999861e+02
8.476505000000000223e+01
6.979868749999999977e+01
5.893916250000000190e+01
4.983321250000000191e+01
4.261793749999999648e+01
3.737293749999999903e+01
3.324857500000000243e+01
3.023562500000000242e+01
2.876913750000000292e+01
2.804051249999999840e+01
2.709682500000000260e+01
2.914438750000000411e+01
1.069993750000000006e+02
5.101303749999999582e+02
3.653917500000000018e+01
1.169737499999999919e+01
1.008738750000000017e+01
8.807725000000001359e+00
8.202842500000000925e+00
8.011611250000001405e+00
7.968009999999999593e+00
8.071371250000000330e+00
7.978822500000000595e+00
8.862040000000000362e+00
2.159783749999999998e+02
1.956493750000000205e+02
9.145423750000000851e+00
1.549096249999999841e+01
1.979958749999999768e+01
6.428741249999999852e+00
6.044232499999999675e+00
5.886091249999999775e+00
5.759083750000000279e+00
5.656161250000000251e+00
5.558261249999999265e+00
5.503164999999999196e+00
5.485428750000000520e+00
5.516210000000000058e+00
1.387948749999999798e+01
3.924291250000000275e+01
5.501498750000001436e+00
5.363291250000000510e+00
5.259106250000000315e+00
5.217097499999999499e+00
5.189106250000000919e+00
5.163407499999999928e+00
5.148194999999999411e+00
5.133876250000000141e+00
5.140779999999999461e+00
5.345902500000001112e+00
1.057273750000000057e+01
1.911461249999999836e+02
8.778213749999999038e+01
6.557931250000000212e+00
5.737256249999999724e+00
5.536458750000000428e+00
1.118720000000000070e+01
1.754067500000000024e+01
1.359683749999999947e+01
5.543222500000000608e+00
5.344398749999999865e+00
5.279461250000000661e+00
5.200129999999999697e+00
5.148948750000000629e+00
1.088067500000000010e+01
5.190892499999999465e+00
7.094051249999999698e+00
5.189524999999998833e+00
5.010357500000000464e+00
2.459596249999999884e+01
2.590637500000000060e+01
1.142683750000000131e+01
5.341252500000000403e+00
5.462857499999999256e+00
5.080239999999999867e+00
5.244991249999999994e+00
1.202346250000000083e+01
4.120814999999999628e+01
2.384796249999999773e+01
7.025240000000000151e+00
1.348986250000000098e+01
1.260807499999999948e+01
2.562035000000000196e+01
1.011971250000000033e+01
9.131318750000000151e+00
8.363331249999998107e+00
8.319535000000000124e+00
8.412224999999999397e+00
7.321822499999999678e+00
7.277664999999999829e+00
9.538323749999999990e+00
9.543364999999999654e+00
1.090811249999999788e+01
1.067646249999999952e+01
1.023995000000000211e+01
9.717637500000000372e+00
9.382287500000000335e+00
8.857691249999998462e+00
8.175806249999999054e+00
7.825672499999999587e+00
7.524771250000000578e+00
7.204120000000000523e+00
6.940387499999999932e+00
6.722022500000000456e+00
6.585791249999999764e+00
6.494993749999999899e+00
6.469507500000000633e+00
6.447919999999999874e+00
6.411646250000000435e+00
6.391977499999999424e+00
6.382792499999999869e+00
6.374413750000001322e+00
6.362941250000000437e+00
6.337077499999999475e+00
6.325188750000000582e+00
6.319291250000000026e+00
6.323108750000000278e+00
6.338296249999999077e+00
6.356709999999999638e+00
6.369411250000000635e+00
6.374621249999999684e+00
6.380669999999998510e+00
6.387565000000000381e+00
6.394977499999999537e+00
6.400509999999998811e+00
6.403996250000000501e+00
6.407011250000000047e+00
6.407841249999999711e+00
6.406391250000000426e+00
6.398733749999999887e+00
6.388671250000000690e+00
6.381657500000000205e+00
6.376093750000000782e+00
6.369008749999999885e+00
6.348202499999999304e+00
6.307504999999999029e+00
6.253801250000000422e+00
6.204438750000000447e+00
6.163121249999998774e+00
6.121102500000000113e+00
6.087226249999999617e+00
6.028959999999998765e+00
5.816736249999999941e+00
5.381403749999999597e+00
5.036172500000000163e+00
4.785617500000000746e+00
4.296759999999999025e+00
3.971808749999999666e+00
3.883136250000000178e+00
4.006811250000000157e+00
4.362152499999999655e+00
4.660778750000000414e+00
1.167024999999999979e+00
1.158503749999999943e+00
1.131377500000000147e+00
5.284637500000000099e-01
4.987012499999999848e-01
