3.781959999999999766e+00
4.993932499999999663e+00
3.825903749999999715e+00
3.479477500000000223e+00
3.297192499999999971e+00
3.156039999999999512e+00
3.018968749999999979e+00
2.911793750000000180e+00
2.836537499999999490e+00
2.773977499999999985e+00
2.716009999999999813e+00
2.659419999999999895e+00
2.619357500000000005e+00
2.561038749999999808e+00
2.535547499999999843e+00
2.522510000000000030e+00
2.508188750000000411e+00
2.495989999999999931e+00
2.484746250000000156e+00
2.474232499999999391e+00
2.464101249999999688e+00
2.454242500000000327e+00
2.437497500000000095e+00
2.414217499999999905e+00
2.391575000000000006e+00
2.369310000000000027e+00
2.347475000000000200e+00
2.326144999999999907e+00
2.305423750000000105e+00
2.285249999999999559e+00
2.265745000000000342e+00
2.247302499999999981e+00
2.229931249999999920e+00
2.213729999999999976e+00
2.194041249999999721e+00
2.174262500000000209e+00
2.164067500000000255e+00
2.169441249999999766e+00
2.186342499999999855e+00
2.207126249999999956e+00
2.254027499999999851e+00
2.354401250000000001e+00
2.515741250000000040e+00
2.758452500000000196e+00
3.112149999999999750e+00
3.486858750000000562e+00
3.822279999999999678e+00
4.235096249999999785e+00
4.749947499999999323e+00
5.171837499999999643e+00
5.464107499999999895e+00
5.751299999999999635e+00
6.093200000000000394e+00
6.477335000000000065e+00
6.859478750000000069e+00
7.320142500000000219e+00
7.833516249999999737e+00
8.344223749999999384e+00
8.975077499999999375e+00
9.667044999999999888e+00
1.036673749999999927e+01
1.118931250000000155e+01
1.211771249999999966e+01
1.316368749999999821e+01
1.538588749999999905e+01
1.947613750000000010e+01
2.529616249999999766e+01
3.401246250000000515e+01
5.872812500000000568e+01
1.451446250000000191e+02
3.980499999999999545e+02
8.016417500000000018e+02
9.009816250000000082e+02
4.553796250000000327e+02
1.258003750000000167e+02
5.772390000000000043e+01
3.689952500000000413e+01
2.746602500000000191e+01
2.278197500000000275e+01
1.907176249999999840e+01
1.604537499999999994e+01
1.425583749999999839e+01
1.300021249999999995e+01
1.202207500000000095e+01
1.114593750000000050e+01
1.039675000000000082e+01
9.801343749999999133e+00
9.280008750000000362e+00
8.837967499999999532e+00
8.583341250000000144e+00
8.434231249999999847e+00
8.175441250000000437e+00
7.462316249999999762e+00
6.462019999999999875e+00
9.631230000000000402e+00
7.580958750000000634e+00
6.644471249999999607e+00
6.388448750000001120e+00
6.089438750000000233e+00
5.878866250000000626e+00
5.766488749999999719e+00
5.667779999999999596e+00
5.538926249999999385e+00
5.451883750000000362e+00
5.128113749999998916e+00
7.068768750000000267e+00
1.217463749999999933e+01
6.299081249999999521e+00
5.779127499999999529e+00
5.911498749999999802e+00
5.723252500000000076e+00
5.628138749999999746e+00
5.565430000000000987e+00
5.501914999999998557e+00
5.438682500000000530e+00
5.361767499999999131e+00
5.300928749999998857e+00
5.251966249999999725e+00
5.170713749999999997e+00
4.816508749999999672e+00
6.034178749999999702e+00
5.331755000000000244e+00
5.221077499999999816e+00
5.156526249999999756e+00
5.126963749999999820e+00
5.090498750000000960e+00
5.048972500000000529e+00
5.014061250000000136e+00
4.961102499999999971e+00
4.869158750000000424e+00
4.629586250000000014e+00
4.127618749999999892e+00
1.087263749999999973e+01
1.063382499999999986e+01
5.780140000000000278e+00
5.468427499999998886e+00
5.320212499999999345e+00
5.242261250000000317e+00
5.205062500000000369e+00
5.597661250000000699e+00
5.343630000000000102e+00
5.267387499999999889e+00
5.226913750000000469e+00
5.155801249999999669e+00
5.071817499999999868e+00
5.135143749999999230e+00
5.093798750000000375e+00
5.045308750000000231e+00
4.957578749999999701e+00
4.719912499999999511e+00
4.889353749999999721e+00
6.943993750000000631e+00
5.384111250000001014e+00
5.146143749999999351e+00
5.040276249999999791e+00
4.982846249999999699e+00
4.895303750000000065e+00
5.572521249999999426e+00
1.219209999999999816e+01
9.673140000000000072e+00
6.471736249999999302e+00
6.967540000000000511e+00
7.432871249999999819e+00
8.033627500000001476e+00
5.762480000000000047e+00
5.806816249999999791e+00
5.615006250000000421e+00
5.604406250000000256e+00
5.916926250000000387e+00
5.584771250000000187e+00
5.560826250000000748e+00
6.820119999999999294e+00
7.069767500000000204e+00
7.888560000000000016e+00
7.788321250000000973e+00
7.599447500000001021e+00
7.362191250000000409e+00
7.202413750000000725e+00
6.939832500000000515e+00
6.583101250000000348e+00
6.394811250000000058e+00
6.236212500000000603e+00
6.075031249999999439e+00
5.963348749999999754e+00
5.882896249999999938e+00
5.864119999999999777e+00
5.866260000000000474e+00
5.870648749999999971e+00
5.878481249999998326e+00
5.895706249999999926e+00
5.908626250000000191e+00
5.915846249999999529e+00
5.923073750000000359e+00
5.933759999999999479e+00
5.957298749999999643e+00
5.981801249999999293e+00
6.009836249999999325e+00
6.047941250000000046e+00
6.084641250000000667e+00
6.111404999999999532e+00
6.126053749999999631e+00
6.132013750000000485e+00
6.138909999999999201e+00
6.146756250000000144e+00
6.153505000000000003e+00
6.157388749999999966e+00
6.159836249999999680e+00
6.156101250000000746e+00
6.150133750000000177e+00
6.141931250000000730e+00
6.121679999999999566e+00
6.100498750000000747e+00
6.085826250000001103e+00
6.074745000000000061e+00
6.061314999999999564e+00
5.996948749999999606e+00
5.864587499999999842e+00
5.719958749999999981e+00
5.567076250000000393e+00
5.456702500000000455e+00
5.359596250000000062e+00
5.279353750000000289e+00
5.135451250000000023e+00
4.647617499999999957e+00
3.879465000000000163e+00
3.375252500000000211e+00
3.007238749999999960e+00
2.317551249999999730e+00
1.915207500000000174e+00
1.867461250000000073e+00
2.129186250000000058e+00
2.602227499999999694e+00
3.062868749999999807e+00
7.426449999999999996e-01
7.348087500000000105e-01
7.044562500000000060e-01
3.107900000000000107e-01
2.797374999999999723e-01
