1.536368750000000091e+03
1.830003750000000309e+03
1.250662499999999909e+03
1.053906250000000000e+03
9.412071250000001328e+02
8.469961249999998927e+02
7.468596249999999372e+02
6.604878749999999172e+02
5.929638750000000300e+02
5.306218750000000455e+02
4.665298750000000609e+02
3.944144999999999754e+02
3.364586249999999836e+02
2.383756250000000136e+02
1.945256250000000193e+02
1.747211250000000007e+02
1.561981249999999761e+02
1.433583749999999952e+02
1.336831250000000182e+02
1.263234999999999957e+02
1.204323749999999933e+02
1.155596249999999969e+02
1.089973749999999910e+02
1.022571250000000163e+02
9.777883749999999452e+01
9.456054999999999211e+01
9.231582499999998959e+01
9.093113750000000550e+01
9.018210000000000548e+01
8.983934999999999604e+01
8.990524999999999523e+01
9.039865000000000350e+01
9.121346249999999145e+01
9.235376250000001619e+01
9.479553749999998047e+01
9.916622499999999718e+01
1.045950000000000131e+02
1.115807499999999948e+02
1.179386250000000018e+02
1.227983750000000214e+02
1.311621250000000032e+02
1.445741250000000093e+02
1.614251249999999800e+02
1.823793749999999818e+02
2.085760000000000218e+02
2.331112500000000125e+02
2.530623750000000030e+02
2.760541250000000559e+02
3.029888750000000073e+02
3.241702500000000100e+02
3.381802500000000009e+02
3.519455000000000382e+02
3.677089999999999463e+02
3.849726249999999936e+02
4.021399999999999864e+02
4.220252500000000282e+02
4.437197499999999764e+02
4.652817499999999882e+02
4.908668750000000500e+02
5.184352499999999964e+02
5.462827499999999645e+02
5.780852499999999736e+02
6.132793750000000728e+02
6.521423750000000155e+02
7.322951249999999845e+02
8.743301249999999527e+02
1.067233749999999873e+03
1.342636250000000018e+03
2.071916250000000218e+03
4.407885000000000218e+03
1.070467499999999927e+04
1.996859999999999854e+04
2.119176250000000073e+04
9.766712500000001455e+03
2.152989999999999782e+03
7.764477499999999281e+02
4.047480000000000473e+02
2.517882500000000334e+02
1.816799999999999784e+02
1.303743749999999864e+02
9.154160000000000252e+01
7.050922500000000070e+01
5.679846250000000651e+01
4.691706250000000011e+01
3.868726250000000277e+01
3.222118749999999920e+01
2.757159999999999656e+01
2.396856250000000088e+01
2.139766250000000269e+01
2.018578749999999999e+01
1.960627500000000012e+01
1.892136250000000075e+01
2.168207499999999754e+01
1.005371999999999844e+02
5.004992500000000177e+02
2.895823749999999919e+01
5.052913750000000093e+00
3.698946250000000546e+00
2.718286249999999793e+00
2.323977500000000251e+00
2.245122499999999910e+00
2.300231250000000394e+00
2.532446250000000010e+00
2.526941250000000139e+00
3.733925000000000161e+00
2.089097500000000309e+02
1.834748749999999973e+02
2.846341249999999601e+00
9.711838750000000076e+00
1.388807499999999706e+01
7.054900000000000615e-01
4.160946249999999957e-01
3.206579999999999986e-01
2.571660000000000057e-01
2.174761249999999924e-01
1.964954999999999896e-01
2.022363749999999960e-01
2.334637499999999699e-01
3.454951250000000140e-01
9.062967499999999177e+00
3.320873749999999802e+01
1.697457500000000008e-01
1.422141250000000245e-01
1.025791250000000071e-01
9.013298750000001136e-02
9.860874999999999502e-02
1.144351249999999987e-01
1.341338750000000135e-01
1.727744999999999975e-01
2.716216250000000332e-01
7.163167499999999466e-01
6.445115000000001260e+00
1.802734999999999843e+02
7.714828749999999502e+01
7.777874999999999650e-01
2.688260000000000094e-01
2.162467499999999876e-01
5.944942499999999797e+00
1.233560000000000123e+01
7.999166250000000034e+00
1.995937499999999865e-01
7.701221249999999630e-02
5.254813749999999450e-02
4.433021250000000052e-02
7.713042500000000246e-02
5.745544999999999902e+00
9.709408749999999533e-02
2.048742500000000355e+00
2.319447500000000051e-01
2.904444999999999943e-01
1.970662499999999540e+01
1.896240000000000236e+01
6.042703750000000262e+00
1.951091249999999666e-01
4.225792500000000174e-01
9.739382499999998943e-02
3.496889999999999721e-01
6.450938750000000610e+00
2.901604999999999990e+01
1.417483750000000065e+01
5.535051249999999312e-01
6.522325000000000372e+00
5.175199999999999356e+00
1.758672499999999772e+01
4.357232500000000286e+00
3.324498750000000502e+00
2.748326250000000304e+00
2.715127499999999916e+00
2.495298749999999899e+00
1.737049999999999983e+00
1.716838749999999969e+00
2.718204999999999760e+00
2.473597499999999894e+00
3.019572500000000215e+00
2.888146250000000137e+00
2.640502500000000197e+00
2.355447500000000360e+00
2.179876250000000404e+00
1.917858749999999946e+00
1.592702500000000132e+00
1.430863749999999879e+00
1.288555000000000117e+00
1.129089999999999927e+00
9.770381249999998685e-01
8.391256249999998751e-01
7.216708749999999339e-01
6.287317500000000337e-01
5.988565000000000138e-01
5.694391250000000460e-01
5.159406250000000416e-01
4.833478750000000379e-01
4.669467500000000770e-01
4.513418750000000035e-01
4.291826249999999843e-01
3.797787499999999983e-01
3.433886250000000029e-01
3.094566249999999852e-01
2.751688749999999795e-01
2.536547499999999844e-01
2.440982500000000166e-01
2.402414999999999967e-01
2.387063749999999984e-01
2.369436250000000188e-01
2.349575000000000136e-01
2.340573749999999842e-01
2.342301249999999835e-01
2.343386249999999948e-01
2.340877499999999833e-01
2.337276249999999944e-01
2.341996249999999946e-01
2.368349999999999900e-01
2.394708749999999997e-01
2.405387499999999956e-01
2.413401249999999887e-01
2.424051249999999713e-01
2.402308749999999826e-01
2.353587499999999777e-01
2.319317499999999921e-01
2.209331250000000080e-01
2.153555000000000053e-01
2.100610000000000255e-01
2.045140000000000013e-01
1.948782500000000029e-01
1.631549999999999945e-01
1.191121249999999993e-01
9.378351249999998529e-02
7.889592500000000563e-02
4.864680000000000393e-02
2.497834999999999986e-02
1.373441250000000113e-02
4.125141250000000440e-03
1.690137500000000147e-03
1.254047499999999841e-03
2.615562500000000049e-04
2.554324999999999977e-04
2.509724999999999760e-04
1.264637500000000104e-04
1.312274999999999900e-04
