5.356974999999999909e+01
6.454178749999999809e+01
4.472386250000000274e+01
3.806503750000000252e+01
3.427320000000000277e+01
3.111853750000000218e+01
2.778242499999999637e+01
2.491882499999999823e+01
2.269046249999999532e+01
2.064088749999999806e+01
1.854042499999999905e+01
1.618461250000000007e+01
1.429447499999999849e+01
1.108871249999999975e+01
9.644378749999999556e+00
8.982816250000000835e+00
8.355862500000000637e+00
7.913267499999999899e+00
7.572632500000000988e+00
7.305583749999999377e+00
7.086951250000000258e+00
6.907016250000000746e+00
6.649687499999999751e+00
6.365913750000000704e+00
6.151894999999999669e+00
5.984363749999999982e+00
5.843876250000000994e+00
5.727066249999999137e+00
5.627756250000000016e+00
5.543474999999999042e+00
5.467137499999999761e+00
5.400233749999999944e+00
5.339743749999999345e+00
5.284948750000000750e+00
5.215461249999999715e+00
5.133579999999999366e+00
5.063491250000000221e+00
5.003132499999999538e+00
4.957551249999999854e+00
4.931412500000000421e+00
4.898112499999998981e+00
4.853801250000000067e+00
4.813636250000000061e+00
4.778408750000000538e+00
4.744037499999999241e+00
4.721524999999999750e+00
4.707095000000000695e+00
4.692799999999999194e+00
4.678501250000000056e+00
4.669106249999999569e+00
4.664645000000000152e+00
4.660262499999999974e+00
4.655817499999999498e+00
4.651371249999999513e+00
4.646958750000000471e+00
4.642517499999999409e+00
4.638073750000000217e+00
4.633676249999999719e+00
4.629232500000000528e+00
4.624828749999999822e+00
4.620398749999999666e+00
4.615969999999999906e+00
4.611531249999999638e+00
4.607111249999999991e+00
4.599335000000000839e+00
4.588287499999999852e+00
4.577232499999999149e+00
4.566136249999999563e+00
4.552214999999999456e+00
4.535661250000000422e+00
4.518982499999999902e+00
4.502121249999999186e+00
4.485412499999999802e+00
4.465177500000000244e+00
4.441100000000000492e+00
4.416941249999999819e+00
4.395794999999999675e+00
4.376995000000000857e+00
4.361351250000000235e+00
4.344752500000000239e+00
4.326742499999999936e+00
4.311161250000000500e+00
4.296666249999999465e+00
4.281943749999999937e+00
4.265613749999999982e+00
4.249996249999999698e+00
4.237466249999999768e+00
4.224445000000000228e+00
4.211510000000000531e+00
4.203205000000000524e+00
4.198002499999999415e+00
4.188416249999999508e+00
4.163956250000000026e+00
4.135073750000000103e+00
4.116964999999999542e+00
4.148445000000000604e+00
4.035728749999999643e+00
4.005646249999999853e+00
3.970005000000000006e+00
3.943266249999999751e+00
3.928914999999999935e+00
3.916957500000000092e+00
3.901561250000000314e+00
3.891585000000000516e+00
3.863936249999999628e+00
3.819017499999999732e+00
3.780122499999999608e+00
3.748312500000000380e+00
3.702414999999999790e+00
3.682124999999999648e+00
3.658505000000000340e+00
3.644997500000000112e+00
3.635482500000000172e+00
3.635233750000000263e+00
3.670558749999999648e+00
3.806678749999999667e+00
4.273288749999999858e+00
8.231491249999999482e+00
1.573685000000000116e+02
6.365331250000000551e+00
4.371134999999999771e+00
5.206207499999999655e+00
1.390061249999999760e+01
6.629088749999999663e+02
1.431157500000000027e+03
7.225051249999999925e+01
1.444001250000000169e+01
1.085567499999999974e+01
1.101149999999999984e+01
2.907783749999999756e+01
2.275276250000000346e+03
4.883499999999999659e+02
3.846274999999999977e+01
2.002103750000000204e+01
1.166515000000000057e+01
1.183853749999999927e+01
2.085124999999999886e+02
4.555409999999999968e+02
1.600381249999999866e+01
1.072116250000000015e+01
8.642535000000000522e+00
7.337282500000000596e+00
6.691982499999999945e+00
5.799622500000000791e+00
4.938394999999999868e+00
4.799731249999999783e+00
2.075546250000000015e+01
4.283268749999999514e+00
4.107152499999999762e+00
2.056077499999999816e+02
1.098759999999999870e+01
1.370936249999999923e+01
5.046048749999999927e+01
4.437979999999999592e+00
4.092190000000000438e+00
3.893962499999999771e+00
3.772464999999999957e+00
3.388531249999999773e+01
3.559938749999999708e+00
1.068962500000000091e+02
1.347567499999999896e+01
1.739177499999999910e+01
1.493818749999999973e+01
8.558868749999998471e+00
2.051552500000000023e+01
1.304403749999999995e+01
8.492610000000000881e+00
1.740883750000000063e+01
1.268404999999999916e+01
1.236972499999999897e+01
1.047548375000000043e+01
1.043308749999999918e+01
1.191796249999999979e+01
1.024226374999999933e+01
8.421301249999999072e+00
8.980294999999999916e+00
7.958966250000001352e+00
1.128611249999999977e+01
8.030124999999998181e+00
7.219829999999999970e+00
7.042133749999999637e+00
6.874273749999999517e+00
6.685073749999999926e+00
6.497656250000000355e+00
6.350711249999999808e+00
6.216440000000000410e+00
6.113909999999999734e+00
6.083183749999999890e+00
6.051508749999999992e+00
5.995113750000000685e+00
5.960133750000000674e+00
5.943101249999999780e+00
5.924081249999999521e+00
5.899738750000000920e+00
5.858008749999999765e+00
5.842459999999999987e+00
5.853492499999999765e+00
5.910613750000000444e+00
6.000588749999999472e+00
6.087052499999999533e+00
6.148591249999999953e+00
6.176943749999999511e+00
6.212456250000000679e+00
6.256117500000000220e+00
6.320247499999999796e+00
6.379248749999999468e+00
6.418087500000000389e+00
6.496700000000000585e+00
6.560797499999999616e+00
6.626240000000000130e+00
6.736618749999998990e+00
6.814600000000000435e+00
6.848482500000000250e+00
6.870683749999999534e+00
6.891680000000000028e+00
6.933688749999999068e+00
6.956836249999999389e+00
6.881463749999999990e+00
6.779613750000001104e+00
6.687883749999999239e+00
6.608786249999999640e+00
6.547573749999998860e+00
6.452546250000000150e+00
6.231008749999999985e+00
5.856473750000000145e+00
5.579153749999999690e+00
5.377869999999999706e+00
4.919971249999999685e+00
4.530363750000000245e+00
4.342382500000000256e+00
4.294818750000000129e+00
4.550501249999999942e+00
4.774151250000000068e+00
1.201472499999999943e+00
1.197103750000000133e+00
1.186622499999999913e+00
5.790962499999999791e-01
5.655550000000000299e-01
