5.305237499999999606e+00
7.071446250000001044e+00
5.464336250000000561e+00
4.993111250000000112e+00
4.746668749999999548e+00
4.556760000000000588e+00
4.373254999999999448e+00
4.230465000000000586e+00
4.130677500000000002e+00
4.048135000000000261e+00
3.972118749999999920e+00
3.898923750000000243e+00
3.848339999999999872e+00
3.781891250000000149e+00
3.758099999999999774e+00
3.749145000000000394e+00
3.741418749999999793e+00
3.736413749999999645e+00
3.732788750000000100e+00
3.730056249999999629e+00
3.727866249999999937e+00
3.726093749999999538e+00
3.723561249999999490e+00
3.720729999999999649e+00
3.718486249999999771e+00
3.716598750000000173e+00
3.714912500000000062e+00
3.713387500000000063e+00
3.711970000000000436e+00
3.710643750000000018e+00
3.709361250000000165e+00
3.708140000000000214e+00
3.706951249999999476e+00
3.705788749999999965e+00
3.704132500000000050e+00
3.701943750000000311e+00
3.699813749999999679e+00
3.697716250000000038e+00
3.696132500000000043e+00
3.695104999999999862e+00
3.693593750000000231e+00
3.691578750000000131e+00
3.689562500000000078e+00
3.687572500000000364e+00
3.685590000000000366e+00
3.684098750000000422e+00
3.683109999999999662e+00
3.682127500000000442e+00
3.681146249999999398e+00
3.680457500000000159e+00
3.680066250000000316e+00
3.679680000000000284e+00
3.679290000000000838e+00
3.678898749999999662e+00
3.678512499999999630e+00
3.678122499999999739e+00
3.677731249999999896e+00
3.677343750000000355e+00
3.676953750000000465e+00
3.676568749999999497e+00
3.676180000000000003e+00
3.675791249999999621e+00
3.675401249999999731e+00
3.675013749999999746e+00
3.674328749999999921e+00
3.673359999999999292e+00
3.672387500000000138e+00
3.671415000000000095e+00
3.669961250000000064e+00
3.668050000000000477e+00
3.666127499999999539e+00
3.664179999999999993e+00
3.662252500000000133e+00
3.659586250000000263e+00
3.656134999999999469e+00
3.652653749999999810e+00
3.649212499999999970e+00
3.645954999999999835e+00
3.643244999999999845e+00
3.639866249999999859e+00
3.635853749999999884e+00
3.632381249999999895e+00
3.629153749999999956e+00
3.625874999999999737e+00
3.622236249999999824e+00
3.618402500000000188e+00
3.614702499999999930e+00
3.610846250000000257e+00
3.607011250000000224e+00
3.604551250000000095e+00
3.603007499999999919e+00
3.600169999999999870e+00
3.591716250000000610e+00
3.580531249999999943e+00
3.571032499999999832e+00
3.551591249999999977e+00
3.532077500000000203e+00
3.519486249999999927e+00
3.499973750000000106e+00
3.483306250000000048e+00
3.473433750000000320e+00
3.464489999999999625e+00
3.452977500000000255e+00
3.445517500000000233e+00
3.423596250000000119e+00
3.383468750000000025e+00
3.343292500000000000e+00
3.290756250000000271e+00
3.245748749999999738e+00
3.211452500000000043e+00
3.163690000000000335e+00
3.121673750000000691e+00
3.083421250000000224e+00
3.032218749999999741e+00
2.962595000000000312e+00
2.834484999999999921e+00
2.672166250000000520e+00
2.354978749999999899e+00
4.238756249999999781e+00
3.281443750000000215e+00
2.868172500000000014e+00
2.706543749999999360e+00
3.657721249999999813e+00
1.111218875000000139e+02
2.430987499999999670e+02
1.405975000000000108e+01
3.666399999999999881e+00
2.828548749999999501e+00
2.795259999999999856e+00
9.187976249999998402e+00
1.041221250000000055e+03
2.381736249999999870e+02
2.341519999999999868e+01
1.293729999999999869e+01
7.249161249999998446e+00
4.328603750000000083e+00
2.846628749999999641e+01
8.706699999999999307e+01
1.036892499999999906e+01
8.186961249999999524e+00
7.132496249999999982e+00
6.376736250000000439e+00
5.892831250000000409e+00
5.171591249999999640e+00
4.637022500000000491e+00
4.261574999999999669e+00
4.392018750000000082e+00
3.848433749999999876e+00
3.076518749999999525e+00
5.464655000000000484e+01
7.737671250000000001e+00
5.097003749999999833e+00
1.166202499999999986e+01
4.321502500000000246e+00
4.007676250000001161e+00
3.808548749999999927e+00
3.676957499999999435e+00
1.516899999999999871e+01
2.730115000000000069e+00
5.409993749999999579e+01
8.444956250000000608e+00
7.818929999999999936e+00
6.356288750000000043e+00
4.450681250000000588e+00
1.185371249999999854e+01
7.857377500000000126e+00
5.529846250000000296e+00
1.131234999999999857e+01
8.691018749999997794e+00
9.272478750000001213e+00
8.096158749999998960e+00
7.644856250000000131e+00
9.151726249999999396e+00
7.150411250000000329e+00
6.419438749999999416e+00
7.254484999999998962e+00
6.378867500000000135e+00
9.348677500000000862e+00
5.990354999999999208e+00
5.522268750000000281e+00
5.542319999999999247e+00
5.556485000000000340e+00
5.558352500000000695e+00
5.558573750000000757e+00
5.552622500000000905e+00
5.543572499999999792e+00
5.540261250000000359e+00
5.540532500000001193e+00
5.536520000000000330e+00
5.384203750000000177e+00
5.286752499999999522e+00
5.264983749999999851e+00
5.240673750000000020e+00
5.201862499999999834e+00
5.139611249999999742e+00
5.112507499999999538e+00
5.115443750000000733e+00
5.100356249999999925e+00
5.088784999999999670e+00
5.135408749999999856e+00
5.173912500000000136e+00
5.183907500000000113e+00
5.172756249999999945e+00
5.156193749999999909e+00
5.160334999999999894e+00
5.184162500000000229e+00
5.198928750000000321e+00
5.241873749999999887e+00
5.243977500000000624e+00
5.251250000000000639e+00
5.274908749999999813e+00
5.301274999999999515e+00
5.309378749999999592e+00
5.312289999999999957e+00
5.311701249999999597e+00
5.320057499999999884e+00
5.294377499999999515e+00
5.156848749999999981e+00
5.029586249999999481e+00
4.924923750000000489e+00
4.824664999999999537e+00
4.731242499999999573e+00
4.577017500000000183e+00
4.289934999999999832e+00
3.813355000000000050e+00
3.496656250000000021e+00
3.258357500000000240e+00
2.691755000000000120e+00
2.274841249999999704e+00
2.202792500000000153e+00
2.322234999999999605e+00
2.562752500000000211e+00
2.745157500000000361e+00
7.005337499999999551e-01
6.976925000000000487e-01
6.885550000000000281e-01
3.278137500000000149e-01
3.119250000000000078e-01
