4.826461249999999836e+01
5.747032499999998834e+01
3.925953750000000042e+01
3.307193750000000421e+01
2.952653750000000343e+01
2.656178749999999766e+01
2.340916250000000076e+01
2.068837499999999707e+01
1.855977499999999836e+01
1.659273750000000192e+01
1.456830000000000069e+01
1.228568749999999987e+01
1.044610000000000127e+01
7.306821250000000489e+00
5.886280000000001067e+00
5.233672499999999062e+00
4.614446250000000305e+00
4.176851250000000348e+00
3.839842499999999603e+00
3.575527500000000192e+00
3.359083749999999924e+00
3.180924999999999780e+00
2.926122499999999960e+00
2.645182499999999770e+00
2.433408750000000342e+00
2.267766249999999761e+00
2.128963750000000044e+00
2.013680000000000359e+00
1.915783749999999674e+00
1.832832499999999865e+00
1.757773749999999913e+00
1.692096250000000079e+00
1.632791250000000138e+00
1.579153750000000134e+00
1.511327500000000157e+00
1.431635000000000213e+00
1.363677499999999876e+00
1.305416249999999945e+00
1.261421249999999938e+00
1.236306249999999940e+00
1.204521249999999988e+00
1.162222500000000158e+00
1.124074999999999935e+00
1.090836250000000174e+00
1.058446250000000033e+00
1.037425000000000042e+00
1.023986250000000098e+00
1.010674999999999990e+00
9.973569999999999380e-01
9.886485000000000412e-01
9.845795000000000519e-01
9.805825000000000236e-01
9.765268749999997944e-01
9.724724999999999620e-01
9.684460000000000290e-01
9.643954999999998501e-01
9.603435000000000166e-01
9.563293749999999260e-01
9.522772499999999640e-01
9.482597499999999568e-01
9.442191250000000480e-01
9.401796249999999633e-01
9.361294999999999478e-01
9.320985000000000520e-01
9.250056249999999425e-01
9.149298750000000036e-01
9.048437500000000577e-01
8.947234999999997829e-01
8.822557499999998942e-01
8.676095000000000335e-01
8.528552500000000647e-01
8.379398749999998897e-01
8.231578750000000388e-01
8.055889999999999995e-01
7.849660000000000526e-01
7.642858750000000034e-01
7.465831250000000141e-01
7.310422500000001156e-01
7.181081250000000971e-01
7.048866249999999889e-01
6.908877500000000227e-01
6.787775000000000336e-01
6.675127499999999880e-01
6.560694999999999721e-01
6.433781250000001339e-01
6.315942500000000237e-01
6.227635000000000254e-01
6.136016250000000394e-01
6.044967499999999161e-01
5.986533750000000431e-01
5.949912499999999715e-01
5.882475000000000342e-01
5.722417499999999935e-01
5.545407500000000267e-01
5.459334999999999605e-01
5.968537499999999607e-01
5.036515000000000297e-01
4.861592499999999317e-01
4.700286250000000332e-01
4.599591250000000242e-01
4.554832500000000062e-01
4.524666250000000112e-01
4.485822500000000157e-01
4.460660000000000180e-01
4.403411249999999999e-01
4.355467500000000380e-01
4.368281249999999560e-01
4.575568750000000295e-01
4.566673749999999310e-01
4.706719999999999793e-01
4.948165000000000480e-01
5.233241250000000289e-01
5.520641250000000166e-01
6.030156250000000551e-01
7.079616250000000388e-01
9.721942500000001486e-01
1.601122500000000004e+00
5.876516249999999886e+00
1.531297500000000014e+02
3.083886249999999940e+00
1.502962499999999979e+00
2.499663749999999851e+00
1.024288750000000014e+01
5.517869999999999209e+02
1.188059999999999945e+03
5.819076250000000528e+01
1.077363749999999953e+01
8.027137499999998482e+00
8.216233749999998892e+00
1.988984999999999914e+01
1.234057499999999891e+03
2.501764999999999759e+02
1.504754999999999932e+01
7.083738750000001083e+00
4.415985000000000049e+00
7.509936249999999980e+00
1.800461249999999893e+02
3.684738749999999641e+02
5.634879999999999889e+00
2.534219999999999917e+00
1.510042499999999954e+00
9.605456249999999585e-01
7.991513750000001082e-01
6.280323750000000871e-01
3.013706250000000031e-01
5.381552499999999739e-01
1.636342499999999944e+01
4.348362500000000352e-01
1.030632500000000062e+00
1.509611249999999814e+02
3.249931250000000382e+00
8.612369999999998527e+00
3.879847499999999627e+01
1.164753750000000199e-01
8.451488750000001049e-02
8.541392500000000165e-02
9.550947499999999646e-02
1.871631250000000080e+01
8.298262499999999875e-01
5.279622499999999263e+01
5.030712499999999920e+00
9.572836249999999936e+00
8.581891249999999971e+00
4.108187499999999659e+00
8.661812499999999915e+00
5.186658750000000317e+00
2.962762500000000188e+00
6.096511249999999826e+00
3.993021249999999966e+00
3.097245000000000026e+00
2.379313750000000116e+00
2.788216250000000063e+00
2.766213749999999916e+00
3.091854999999999798e+00
2.001862499999999656e+00
1.725812500000000194e+00
1.580098749999999885e+00
1.937443749999999909e+00
2.039768749999999908e+00
1.697561250000000133e+00
1.499811250000000040e+00
1.317788750000000064e+00
1.126719999999999944e+00
9.390823750000000247e-01
7.980911250000000123e-01
6.728665000000000340e-01
5.736493749999999059e-01
5.426498750000000593e-01
5.106935000000000224e-01
4.557229999999999892e-01
4.222406249999999805e-01
4.060495000000000632e-01
3.879655000000000187e-01
3.651203749999999415e-01
3.156534999999999758e-01
2.796699999999999742e-01
2.441251249999999706e-01
2.030036249999999931e-01
1.704245000000000065e-01
1.500210000000000155e-01
1.387187500000000018e-01
1.345028750000000217e-01
1.297691250000000129e-01
1.242677500000000101e-01
1.179199999999999970e-01
1.127084999999999892e-01
1.095698750000000110e-01
1.038147500000000112e-01
9.976077499999999598e-02
9.611584999999998880e-02
9.032701249999999793e-02
8.625821250000000051e-02
8.439415000000000111e-02
8.314563750000000808e-02
8.181158750000000479e-02
7.871409999999999518e-02
7.414628750000000490e-02
6.989068749999999275e-02
6.687426250000000350e-02
6.468572499999999947e-02
6.290492500000000042e-02
6.156081249999999921e-02
5.938758750000000530e-02
5.383506250000000271e-02
4.514552499999999885e-02
3.880357499999999987e-02
3.349762499999999615e-02
2.089341250000000330e-02
1.021508750000000090e-02
5.739533750000000260e-03
2.253865000000000295e-03
1.286780000000000172e-03
1.187947500000000132e-03
2.680424999999999735e-04
2.523792500000000350e-04
2.183903750000000207e-04
7.805674999999999766e-05
5.396962500000000083e-05
