4.118322499999999664e+00
5.576170000000000293e+00
4.368538750000000803e+00
4.020797499999999580e+00
3.840541250000000240e+00
3.702521250000000208e+00
3.569928749999999873e+00
3.467217500000000285e+00
3.395666250000000108e+00
3.336573750000000338e+00
3.282202500000000356e+00
3.229887500000000244e+00
3.193763749999999568e+00
3.146499999999999631e+00
3.129723749999999249e+00
3.123522500000000424e+00
3.118266249999999573e+00
3.114957500000000046e+00
3.112637499999999502e+00
3.110956249999999645e+00
3.109661249999999377e+00
3.108663750000000281e+00
3.107332500000000497e+00
3.105989999999999363e+00
3.105062499999999837e+00
3.104397500000000143e+00
3.103870000000000129e+00
3.103460000000000107e+00
3.103130000000000166e+00
3.102860000000000174e+00
3.102630000000000443e+00
3.102440000000000531e+00
3.102270000000000305e+00
3.102119999999999767e+00
3.101939999999999475e+00
3.101739999999999942e+00
3.101579999999999337e+00
3.101441250000000149e+00
3.101345000000000240e+00
3.101289999999999658e+00
3.101226250000000739e+00
3.101140000000000452e+00
3.101059999999999928e+00
3.100999999999999535e+00
3.103823750000000103e+00
3.118798749999999842e+00
3.130855000000000832e+00
3.142798749999999419e+00
3.154747500000000038e+00
3.214418750000000102e+00
3.356501249999999992e+00
3.670564999999999856e+00
4.277614999999999945e+00
5.345476249999999929e+00
7.035750000000000171e+00
9.510383750000000802e+00
1.284942500000000010e+01
1.687973750000000095e+01
2.138336249999999694e+01
4.331383749999999822e+01
4.330938749999999260e+01
4.330473750000000166e+01
4.330008749999999651e+01
4.329547499999999616e+01
4.328733749999999958e+01
4.327578750000000696e+01
4.326421249999999930e+01
4.325258750000000418e+01
4.323518750000000210e+01
4.321223750000000052e+01
4.318912500000000421e+01
4.316575000000000273e+01
4.314257500000000078e+01
4.311046249999999702e+01
4.306876249999999828e+01
4.302671250000000214e+01
4.298501249999999629e+01
4.294558750000000202e+01
4.291273749999999154e+01
4.287177499999999952e+01
4.282304999999999495e+01
4.278089999999999549e+01
4.274167500000000075e+01
4.270183750000000344e+01
4.265767499999999757e+01
4.261112500000000125e+01
4.256616249999999724e+01
4.251927499999999327e+01
4.247268749999999216e+01
4.244281249999999517e+01
4.242405000000000115e+01
4.238954999999999274e+01
4.228693750000000051e+01
4.215123750000000058e+01
4.203616250000000321e+01
4.180126249999999999e+01
4.156650000000000489e+01
4.141604999999999848e+01
4.118390000000000128e+01
4.098686250000000797e+01
4.087129999999999797e+01
4.076758749999999765e+01
4.063401250000000431e+01
4.054746250000000174e+01
4.029582499999999357e+01
3.984452499999999731e+01
3.940602499999999964e+01
3.915049999999999386e+01
3.909655000000000058e+01
3.905956249999999841e+01
3.902405000000000257e+01
3.899844999999999828e+01
3.897607499999999447e+01
3.895963749999999948e+01
3.894678749999999923e+01
3.892953749999999502e+01
3.891575000000000273e+01
3.890588749999999862e+01
3.889990000000000236e+01
3.890390000000000015e+01
3.890960000000000463e+01
3.893031249999999943e+01
3.896492500000000803e+01
3.899150000000000205e+01
3.900365000000000748e+01
3.902101250000000476e+01
3.904202499999999532e+01
3.905673749999999700e+01
3.907521250000000634e+01
3.909714999999999918e+01
3.912669999999999959e+01
3.914822499999999650e+01
3.916571249999999793e+01
3.918667500000000814e+01
3.922194999999999965e+01
3.925885000000000247e+01
3.929377499999999657e+01
3.933068749999999625e+01
3.936997499999999661e+01
3.939691249999999911e+01
3.942588750000000175e+01
3.946203749999999388e+01
3.949776250000000744e+01
3.958865000000000123e+01
3.968787499999999824e+01
3.976517499999999927e+01
3.984658749999999827e+01
3.993331249999999955e+01
4.003778749999999320e+01
4.013743750000000432e+01
4.020743749999999750e+01
4.031511249999999791e+01
4.050756249999999881e+01
4.046122499999999889e+01
4.016950000000000642e+01
3.995011250000000302e+01
3.981052500000000549e+01
3.858126250000000113e+01
3.711268750000000693e+01
3.670895000000000152e+01
3.644402500000000344e+01
3.600569999999999737e+01
3.498154999999999859e+01
3.407840000000000202e+01
3.173807499999999848e+01
2.889329999999999643e+01
2.816563750000000255e+01
2.690604999999999691e+01
2.507367499999999794e+01
2.354302499999999654e+01
2.242530000000000001e+01
2.187397499999999795e+01
2.072446249999999779e+01
2.003152500000000202e+01
1.956678749999999667e+01
1.869111249999999913e+01
1.757948749999999905e+01
1.682355000000000089e+01
1.554976249999999993e+01
1.374252499999999877e+01
1.270666250000000019e+01
1.172468750000000171e+01
1.058474999999999966e+01
9.482484999999998720e+00
8.486503750000000679e+00
7.677482499999999987e+00
7.045761249999999087e+00
6.842252499999998960e+00
6.641443749999999646e+00
6.266271249999999959e+00
5.965511250000000487e+00
5.764378749999999663e+00
5.589663749999999709e+00
5.361382500000000384e+00
4.961195000000000022e+00
4.661266249999999722e+00
4.413028749999999611e+00
4.133531249999999879e+00
3.928646249999999895e+00
3.866056250000000194e+00
3.835336250000000113e+00
3.823118749999999899e+00
3.808679999999999843e+00
3.792606249999999957e+00
3.803587499999999899e+00
3.831080000000000041e+00
3.848650000000000571e+00
3.881920000000000037e+00
3.906725000000000225e+00
3.938422500000000159e+00
4.009682500000000260e+00
4.068828750000000660e+00
4.098872499999999697e+00
4.119009999999999394e+00
4.142362500000000836e+00
4.199740000000000251e+00
4.283553749999999383e+00
4.366632500000000583e+00
4.429384999999999906e+00
4.469557500000000516e+00
4.498530000000000584e+00
4.521276249999999663e+00
4.559603749999999955e+00
4.615958749999999888e+00
4.542038749999999681e+00
4.350196249999999765e+00
4.201197500000000140e+00
3.646837499999999732e+00
2.990521249999999576e+00
2.582057499999999894e+00
2.237680000000000113e+00
2.226748750000000054e+00
2.463655000000000150e+00
7.130624999999999325e-01
7.340575000000000294e-01
7.602462500000000123e-01
4.007062499999999861e-01
4.117412500000000031e-01
