1.571825000000000182e+04
1.871686249999999927e+04
1.278650000000000000e+04
1.077156249999999818e+04
9.617051250000000437e+03
8.651629999999999200e+03
7.625036250000000109e+03
6.739071249999999054e+03
6.045936249999999745e+03
5.405422500000000582e+03
4.746206250000000182e+03
4.002933750000000146e+03
3.403940000000000055e+03
2.381643750000000182e+03
1.919016250000000127e+03
1.706428750000000036e+03
1.504750000000000000e+03
1.362203749999999900e+03
1.252382499999999936e+03
1.166244999999999891e+03
1.095721250000000055e+03
1.037670000000000073e+03
9.546066250000000082e+02
8.629971250000000964e+02
7.939203750000000355e+02
7.398903750000000628e+02
6.945843750000000227e+02
6.569426250000000209e+02
6.249685000000000628e+02
5.978726249999998572e+02
5.733430000000000746e+02
5.518678750000000264e+02
5.324690000000000509e+02
5.149171249999999418e+02
4.927046249999999645e+02
4.665937500000000000e+02
4.443083750000000123e+02
4.251821250000000418e+02
4.107392499999999700e+02
4.024863750000000664e+02
3.920242499999999950e+02
3.781038750000000164e+02
3.655373749999999973e+02
3.545754999999999768e+02
3.439567500000000564e+02
3.373570000000000277e+02
3.331936249999999973e+02
3.290689999999999600e+02
3.249430000000000405e+02
3.233573749999999336e+02
3.251577499999999645e+02
3.311305000000000405e+02
3.441108749999999645e+02
3.681310000000000286e+02
4.070640000000000214e+02
4.647659999999999627e+02
5.431707499999999982e+02
6.381623749999999973e+02
7.445170000000000528e+02
1.266588749999999891e+03
1.265643749999999955e+03
1.264693750000000136e+03
1.263742499999999836e+03
1.262793749999999818e+03
1.261123749999999973e+03
1.258757500000000164e+03
1.256384999999999991e+03
1.254005000000000109e+03
1.250438750000000027e+03
1.245734999999999900e+03
1.240997500000000173e+03
1.236207499999999982e+03
1.231458750000000009e+03
1.224875000000000000e+03
1.216325000000000045e+03
1.207712499999999864e+03
1.199168750000000045e+03
1.191085000000000036e+03
1.184355000000000018e+03
1.175960000000000036e+03
1.165972500000000082e+03
1.157333750000000009e+03
1.149297499999999900e+03
1.141133749999999964e+03
1.132081249999999955e+03
1.122536249999999882e+03
1.113322499999999991e+03
1.103714999999999918e+03
1.094166249999999991e+03
1.088036249999999882e+03
1.084197499999999991e+03
1.077128749999999854e+03
1.056097500000000082e+03
1.028289999999999964e+03
1.004701250000000073e+03
9.565586250000001201e+02
9.084478749999999536e+02
8.776114999999999782e+02
8.300359999999999445e+02
7.896508750000000418e+02
7.659661250000000337e+02
7.447063749999999800e+02
7.173327499999999191e+02
6.995976250000001073e+02
6.480214999999999463e+02
5.555318750000000136e+02
4.656665000000000418e+02
4.086765000000000327e+02
3.914706250000000409e+02
3.795087499999999636e+02
3.665185000000000173e+02
3.566730000000000018e+02
3.480499999999999545e+02
3.396273750000000291e+02
3.309914999999999736e+02
3.193974999999999795e+02
3.101316249999999854e+02
3.034987500000000296e+02
2.961346250000000282e+02
2.876142499999999700e+02
2.753466250000000173e+02
2.619979999999999905e+02
2.510278750000000230e+02
2.426025000000000205e+02
2.387559999999999718e+02
2.350854999999999961e+02
2.319562499999999829e+02
2.297977500000000077e+02
2.270907500000000141e+02
2.238716249999999945e+02
2.195374999999999943e+02
2.163795000000000073e+02
2.138178749999999582e+02
2.112387499999999818e+02
2.080241249999999980e+02
2.047384999999999877e+02
2.016312500000000227e+02
1.983457499999999811e+02
1.948488749999999925e+02
1.924505000000000052e+02
1.899679999999999609e+02
1.876166250000000275e+02
1.854538750000000391e+02
1.799507499999999993e+02
1.739408749999999770e+02
1.694554999999999723e+02
1.656018750000000068e+02
1.617217499999999859e+02
1.570481249999999989e+02
1.525901250000000005e+02
1.496318749999999795e+02
1.457282500000000027e+02
1.387494999999999834e+02
1.331566249999999911e+02
1.302758750000000134e+02
1.281094999999999970e+02
1.267311249999999916e+02
1.145927499999999952e+02
1.000916249999999934e+02
9.628896249999999668e+01
9.435613749999998845e+01
9.161390000000000100e+01
8.520671250000000896e+01
7.957239999999998759e+01
6.810146249999999668e+01
5.610100000000000620e+01
5.343736250000000609e+01
4.906062500000000881e+01
4.335731249999999903e+01
3.913364999999999583e+01
3.609198750000000189e+01
3.474778750000000116e+01
3.197371249999999776e+01
3.040543749999999790e+01
2.938691250000000110e+01
2.746777499999999606e+01
2.514938750000000312e+01
2.364627499999999927e+01
2.125421250000000128e+01
1.806686249999999916e+01
1.636388750000000059e+01
1.483178749999999901e+01
1.312277500000000074e+01
1.156375000000000064e+01
1.019011249999999968e+01
9.133337499999999665e+00
8.325771249999998957e+00
8.069576250000000783e+00
7.820400000000000240e+00
7.357850000000000001e+00
6.981793750000000465e+00
6.872731250000000180e+00
6.798689999999998790e+00
6.580598750000000052e+00
6.164687500000000320e+00
5.832113749999999541e+00
5.559882500000000505e+00
5.314711249999999332e+00
5.259145000000000181e+00
5.383275000000000254e+00
5.476373749999999596e+00
5.515052500000000357e+00
5.561216250000000194e+00
5.614080000000001291e+00
5.730466249999999206e+00
5.856784999999999464e+00
5.937881249999999334e+00
6.092084999999999972e+00
6.207419999999999938e+00
6.322165000000000035e+00
6.527004999999999946e+00
6.675089999999999968e+00
6.745626249999999047e+00
6.792882499999999268e+00
6.843572499999999614e+00
6.955594999999998862e+00
7.092173749999999721e+00
7.208610000000000184e+00
7.297209999999999752e+00
7.337713750000000701e+00
7.355202499999999866e+00
7.369256250000000286e+00
7.393526249999999855e+00
7.370202500000000434e+00
7.130092500000000832e+00
6.831522500000000164e+00
6.607631249999998957e+00
5.903131250000000385e+00
5.124248749999999575e+00
4.669877500000000126e+00
4.304626250000000098e+00
4.174123749999999688e+00
4.349281250000000654e+00
1.176341250000000116e+00
1.193943749999999859e+00
1.209881250000000019e+00
6.171562499999999618e-01
6.261674999999999880e-01
