1.571413749999999891e+04
1.871129999999999927e+04
1.278212500000000000e+04
1.076753749999999854e+04
9.613208750000001601e+03
8.647924999999999272e+03
7.621467500000000655e+03
6.735602500000000873e+03
6.042539999999999964e+03
5.402086250000000291e+03
4.742923749999999927e+03
3.999703750000000127e+03
3.400746250000000146e+03
2.378497499999999945e+03
1.915886250000000246e+03
1.703306250000000091e+03
1.501632499999999936e+03
1.359088750000000118e+03
1.249271250000000009e+03
1.163133749999999964e+03
1.092611249999999927e+03
1.034561249999999745e+03
9.514992499999999609e+02
8.598911249999999882e+02
7.908153749999999036e+02
7.367858750000000327e+02
6.914803749999999809e+02
6.538393750000000182e+02
6.218654999999999973e+02
5.947697499999999309e+02
5.702402500000000600e+02
5.487653749999999491e+02
5.293666249999999991e+02
5.118147500000000605e+02
4.896026249999999891e+02
4.634919999999999618e+02
4.412069999999999368e+02
4.220806250000000546e+02
4.076378750000000082e+02
3.993851250000000164e+02
3.889230000000000018e+02
3.750027499999999918e+02
3.624362500000000296e+02
3.514745000000000346e+02
3.408527500000000146e+02
3.342381249999999682e+02
3.300628749999999627e+02
3.259262499999999818e+02
3.217881250000000364e+02
3.201429999999999723e+02
3.218013750000000073e+02
3.274599999999999795e+02
3.398331249999999955e+02
3.627857500000000073e+02
4.000285000000000650e+02
4.552555000000000405e+02
5.303215000000000146e+02
6.212823750000000018e+02
7.231337500000000773e+02
1.223275000000000091e+03
1.222333750000000009e+03
1.221388750000000073e+03
1.220442500000000109e+03
1.219498749999999973e+03
1.217837500000000091e+03
1.215481250000000045e+03
1.213119999999999891e+03
1.210752500000000055e+03
1.207203750000000127e+03
1.202523749999999836e+03
1.197808749999999918e+03
1.193039999999999964e+03
1.188317500000000109e+03
1.181764999999999873e+03
1.173255000000000109e+03
1.164686249999999973e+03
1.156182500000000118e+03
1.148138750000000073e+03
1.141442500000000109e+03
1.133086250000000064e+03
1.123149999999999864e+03
1.114551249999999982e+03
1.106557499999999891e+03
1.098431250000000091e+03
1.089421250000000100e+03
1.079926249999999982e+03
1.070755000000000109e+03
1.061195000000000164e+03
1.051695000000000164e+03
1.045596250000000055e+03
1.041773750000000064e+03
1.034738749999999982e+03
1.013808750000000032e+03
9.861388749999998709e+02
9.626653750000000400e+02
9.147573750000000246e+02
8.668812499999999091e+02
8.361955000000000382e+02
7.888522499999999127e+02
7.486641250000000127e+02
7.250948750000000018e+02
7.039387499999999136e+02
6.766986249999999927e+02
6.590501249999999800e+02
6.077257499999999482e+02
5.156873749999999745e+02
4.262607499999999732e+02
3.695258750000000418e+02
3.523739999999999668e+02
3.404492500000000064e+02
3.274943749999999909e+02
3.176747500000000173e+02
3.090739999999999554e+02
3.006675000000000182e+02
2.920446249999999964e+02
2.804680000000000177e+02
2.712158749999999827e+02
2.645928749999999923e+02
2.572346249999999941e+02
2.487102499999999736e+02
2.364369999999999834e+02
2.230676249999999925e+02
2.120628749999999911e+02
2.036109999999999900e+02
1.997522500000000036e+02
1.960645000000000095e+02
1.929141249999999843e+02
1.907408750000000168e+02
1.880156250000000000e+02
1.847745000000000175e+02
1.804108750000000043e+02
1.772313749999999573e+02
1.746522499999999809e+02
1.720520000000000209e+02
1.688021249999999895e+02
1.654796249999999986e+02
1.623376250000000312e+02
1.590149999999999864e+02
1.554789999999999850e+02
1.530538750000000050e+02
1.505421249999999986e+02
1.481546250000000100e+02
1.459559999999999889e+02
1.403622499999999889e+02
1.342529999999999859e+02
1.296905000000000143e+02
1.257552500000000038e+02
1.217882500000000050e+02
1.170103750000000105e+02
1.124527499999999947e+02
1.094244999999999948e+02
1.054129999999999825e+02
9.824191249999998377e+01
9.269528750000000628e+01
9.010638749999999675e+01
8.815953749999999900e+01
8.692056250000000261e+01
7.601151249999999493e+01
6.297881250000000364e+01
5.958003750000000309e+01
5.791213750000000005e+01
5.560819999999999652e+01
5.022516249999999616e+01
4.549399999999999977e+01
3.636342500000000655e+01
2.720767500000000183e+01
2.527174999999999727e+01
2.215456250000000082e+01
1.828363750000000465e+01
1.559062499999999929e+01
1.366671249999999915e+01
1.287382500000000007e+01
1.124923749999999956e+01
1.037388749999999860e+01
9.820112500000000466e+00
8.776656250000002046e+00
7.569892500000000801e+00
6.822752499999999998e+00
5.704463749999999500e+00
4.324334999999999596e+00
3.657187500000000480e+00
3.107120000000000548e+00
2.537992499999999652e+00
2.081251249999999775e+00
1.703626250000000120e+00
1.455857500000000027e+00
1.280007499999999965e+00
1.227324999999999999e+00
1.178957500000000103e+00
1.091578750000000042e+00
1.016282500000000200e+00
9.621942500000000287e-01
9.204895000000000715e-01
8.728842500000000282e-01
7.771892500000000537e-01
7.153547499999999282e-01
6.696774999999999256e-01
6.074155000000001081e-01
5.263039999999999941e-01
4.561855000000000215e-01
4.161973750000000360e-01
4.014614999999999712e-01
3.843682500000000224e-01
3.663452500000000112e-01
3.410852499999999510e-01
3.194883749999999911e-01
3.065437499999999482e-01
2.837273750000000039e-01
2.677011249999999842e-01
2.534208749999999899e-01
2.303846250000000095e-01
2.142635000000000234e-01
2.068045000000000300e-01
2.019988749999999944e-01
1.965840000000000365e-01
1.840657500000000280e-01
1.660338749999999974e-01
1.493346249999999986e-01
1.379645000000000177e-01
1.296287500000000148e-01
1.228077500000000072e-01
1.177504999999999941e-01
1.097785000000000011e-01
8.913530000000000064e-02
5.948178750000000098e-02
4.171175000000000577e-02
3.230221249999999655e-02
1.454321249999999954e-02
4.503748749999999731e-03
1.963839999999999683e-03
7.131817499999999451e-04
9.258954999999999920e-04
1.001242000000000061e-03
2.484018750000000094e-04
2.505575000000000011e-04
2.563024999999999809e-04
1.380049999999999907e-04
1.486375000000000012e-04
