2.611860000000000070e+01
3.205068750000000222e+01
2.268528750000000116e+01
1.959158750000000282e+01
1.784582500000000138e+01
1.640392500000000098e+01
1.489069999999999894e+01
1.360128749999999975e+01
1.260493750000000190e+01
1.169416249999999913e+01
1.076586249999999900e+01
9.731922499999999587e+00
8.907157499999998507e+00
7.519637499999999974e+00
6.898085000000000022e+00
6.614466249999999548e+00
6.346173750000000169e+00
6.157002499999999934e+00
6.011487499999999429e+00
5.897456249999999400e+00
5.804143749999998825e+00
5.727355000000000196e+00
5.617481250000000870e+00
5.496238749999999840e+00
5.404686250000000136e+00
5.332925000000000360e+00
5.272630000000000372e+00
5.222392499999999771e+00
5.179578749999999232e+00
5.143157500000000049e+00
5.110091249999999974e+00
5.081028749999999761e+00
5.054681249999999793e+00
5.030743749999999181e+00
5.000237500000000779e+00
4.964105000000000878e+00
4.932965000000000266e+00
4.905931250000000077e+00
4.885517500000000624e+00
4.873716249999999306e+00
4.858512500000000678e+00
4.838282500000000930e+00
4.819793749999999655e+00
4.803398749999999495e+00
4.787368750000000617e+00
4.776716249999999775e+00
4.769856250000000131e+00
4.763061249999999802e+00
4.756266250000000362e+00
4.751764999999999795e+00
4.749573750000000594e+00
4.747422499999999879e+00
4.745237499999999997e+00
4.743053749999999624e+00
4.740887499999999477e+00
4.738707499999999406e+00
4.736523749999999922e+00
4.734362499999999585e+00
4.732181250000000006e+00
4.730018749999999272e+00
4.727842499999999504e+00
4.725668750000000529e+00
4.723488750000000458e+00
4.721317499999999612e+00
4.717497500000000343e+00
4.712073750000000061e+00
4.706640000000000157e+00
4.701192499999999441e+00
4.694168750000000223e+00
4.685660000000000380e+00
4.677089999999999748e+00
4.668426250000000444e+00
4.659841250000000379e+00
4.649171250000000200e+00
4.636242499999999822e+00
4.623256249999999845e+00
4.611563750000000184e+00
4.601011250000000885e+00
4.592228749999999415e+00
4.582641249999999999e+00
4.572043749999999740e+00
4.562876250000000411e+00
4.554350000000000342e+00
4.545688750000000056e+00
4.536082500000000017e+00
4.525960000000000427e+00
4.516217499999999774e+00
4.507347499999999840e+00
4.499182499999999862e+00
4.493947499999999984e+00
4.490662500000000001e+00
4.484614999999999796e+00
4.466636250000000530e+00
4.444042499999999229e+00
4.426467500000000221e+00
4.391602499999999409e+00
4.358647500000000008e+00
4.338745000000000296e+00
4.309043749999999839e+00
4.283831249999999535e+00
4.269551250000000131e+00
4.257182499999999870e+00
4.241258749999999189e+00
4.230938749999999970e+00
4.201388749999999561e+00
4.149938750000000454e+00
4.101245000000000474e+00
4.041502499999999998e+00
3.993488749999999587e+00
3.959225000000000438e+00
3.914305000000000145e+00
3.878106250000000088e+00
3.846317499999999612e+00
3.808102499999999946e+00
3.763627500000000570e+00
3.704087499999999977e+00
3.656843749999999726e+00
3.623058750000000217e+00
3.579666249999999827e+00
3.516778749999999398e+00
3.426233749999999745e+00
3.310881249999999554e+00
3.195955000000000101e+00
3.107931250000000034e+00
3.067742499999999595e+00
3.022429999999999506e+00
2.976333750000000222e+00
2.944262500000000227e+00
2.904031250000000064e+00
2.856129999999999836e+00
2.791631250000000453e+00
2.744634999999999714e+00
2.706513749999999607e+00
2.663612499999999716e+00
2.597872499999999807e+00
2.529407500000000031e+00
2.464530000000000332e+00
2.395921249999999780e+00
2.322906249999999950e+00
2.272827500000000445e+00
2.219216250000000112e+00
2.154340000000000366e+00
2.090671250000000203e+00
1.928676249999999870e+00
1.751758750000000031e+00
1.614061250000000003e+00
1.464628749999999924e+00
1.304102500000000164e+00
1.113951250000000170e+00
9.376238749999999955e-01
8.132183750000000488e-01
6.175946249999999527e-01
2.549414999999999765e+00
2.150796249999999965e-01
4.345872499999999250e-01
9.675051249999999659e-01
1.630017500000000119e+00
6.631627499999999600e+02
1.934825000000000017e+01
1.167864999999999931e+01
7.682922500000000099e+00
3.451233750000000100e+00
1.224046249999999958e+02
1.944848750000000109e+03
4.058804999999999552e+01
5.136162500000000186e+00
7.892213750000001138e-01
6.610526249999999493e+01
5.213572500000000787e+01
5.184133750000000163e+01
1.901220000000000141e+02
1.275887499999999974e+01
2.919456249999999997e+01
1.252782499999999999e+01
7.898903749999999491e+01
2.558742499999999964e+01
6.720831249999999812e+00
8.237234999999999729e+01
3.329546249999999930e+01
1.978466250000000315e+01
2.218126250000000255e+01
2.085118750000000176e+01
1.964658749999999898e+01
1.707601249999999737e+01
1.536497499999999761e+01
1.381461249999999907e+01
1.266625000000000156e+01
1.229463749999999855e+01
1.192522499999999752e+01
1.124202499999999993e+01
1.081501249999999814e+01
1.059487500000000004e+01
1.037081250000000132e+01
1.004984999999999928e+01
9.349388749999999249e+00
8.725838749999999422e+00
8.067424999999998292e+00
7.283346249999999245e+00
6.675513750000000357e+00
6.504018749999999294e+00
6.454788750000000519e+00
6.456644999999999968e+00
6.458906249999999183e+00
6.461635000000000240e+00
6.483858750000000448e+00
6.514464999999999506e+00
6.535093749999999702e+00
6.585681249999999487e+00
6.628097499999999087e+00
6.669258749999999125e+00
6.739087500000000119e+00
6.794316250000000501e+00
6.822296249999999951e+00
6.841502499999999820e+00
6.862488749999999804e+00
6.910768750000000793e+00
6.977641249999999573e+00
7.034276250000000452e+00
7.066036249999999797e+00
7.080025000000000013e+00
7.092007500000000242e+00
7.101715000000000444e+00
7.106343750000000625e+00
7.084312500000000234e+00
6.921875000000000000e+00
6.727811250000000243e+00
6.523039999999999949e+00
5.892222499999999918e+00
5.239298749999999671e+00
4.854015000000000413e+00
4.622762500000000330e+00
4.724281249999999766e+00
4.957002499999999756e+00
1.299449999999999994e+00
1.307176249999999929e+00
1.312578750000000127e+00
6.522025000000000183e-01
6.409837499999999633e-01
