2.029678750000000065e+01
2.416805000000000092e+01
1.650982499999999931e+01
1.390771249999999881e+01
1.241678750000000164e+01
1.116999999999999815e+01
9.844223750000001161e+00
8.700032499999998947e+00
7.804867500000000291e+00
6.977657500000000290e+00
6.126282500000000297e+00
5.166353749999999856e+00
4.392756249999999696e+00
3.072496249999999929e+00
2.475055000000000227e+00
2.200533750000000399e+00
1.940115000000000256e+00
1.756058750000000002e+00
1.614266250000000236e+00
1.503057500000000157e+00
1.412012499999999893e+00
1.337077499999999919e+00
1.229858749999999779e+00
1.111623750000000133e+00
1.022483750000000136e+00
9.527741250000000273e-01
8.943266249999999307e-01
8.457745000000000957e-01
8.045392500000000391e-01
7.696013750000000320e-01
7.379761249999998718e-01
7.102938749999999635e-01
6.852908749999999660e-01
6.626722499999999627e-01
6.340550000000000352e-01
6.004238749999999403e-01
5.717287500000000078e-01
5.471103749999999266e-01
5.285198749999999723e-01
5.179008750000000383e-01
5.044454999999999911e-01
4.865420000000000300e-01
4.703855000000000119e-01
4.562983750000000338e-01
4.425668750000000262e-01
4.336412500000000336e-01
4.279331250000000253e-01
4.222783750000000391e-01
4.166215000000000335e-01
4.129188750000000185e-01
4.111838749999999765e-01
4.094796250000000137e-01
4.077500000000000013e-01
4.060209999999999653e-01
4.043041250000000142e-01
4.025767500000000387e-01
4.008488750000000489e-01
3.991369999999999640e-01
3.974091249999999742e-01
3.956958750000000302e-01
3.939730000000000176e-01
3.922503749999999845e-01
3.905233749999999504e-01
3.888042500000000179e-01
3.857797499999999769e-01
3.814830000000000720e-01
3.771817500000000378e-01
3.728664999999999896e-01
3.675316249999999729e-01
3.612502499999999395e-01
3.549223749999999566e-01
3.485256250000000056e-01
3.421858749999999727e-01
3.346233749999999452e-01
3.257233750000000372e-01
3.167973749999999922e-01
3.091252500000000181e-01
3.023742500000000111e-01
2.967557500000000403e-01
2.911067500000000252e-01
2.851936249999999506e-01
2.800783750000000460e-01
2.753201250000000266e-01
2.704865000000000186e-01
2.651258749999999553e-01
2.594769999999999577e-01
2.540560000000000040e-01
2.496859999999999913e-01
2.459911249999999772e-01
2.436200000000000310e-01
2.421337499999999809e-01
2.393971250000000162e-01
2.312593749999999893e-01
2.216789999999999872e-01
2.151333749999999878e-01
2.027811249999999788e-01
1.923193750000000146e-01
1.868301249999999858e-01
1.793703749999999986e-01
1.730378749999999799e-01
1.698288749999999625e-01
1.674003749999999902e-01
1.642728749999999849e-01
1.622471250000000198e-01
1.568156250000000140e-01
1.486222500000000113e-01
1.419751250000000353e-01
1.352918749999999781e-01
1.304873750000000165e-01
1.271569999999999923e-01
1.236278750000000121e-01
1.209777500000000089e-01
1.186553749999999935e-01
1.163047500000000123e-01
1.138341250000000082e-01
1.107203749999999959e-01
1.086398749999999969e-01
1.071881250000000091e-01
1.056237500000000024e-01
1.039166249999999986e-01
1.014587500000000003e-01
9.832718749999999619e-02
9.601531249999999129e-02
9.489721250000002217e-02
9.438671249999999735e-02
9.381113750000000251e-02
9.322560000000000568e-02
9.281822500000000420e-02
9.236650000000001803e-02
9.215377499999999333e-02
9.191145000000000564e-02
9.173489999999999422e-02
9.159167499999999740e-02
9.143051249999999130e-02
9.118353750000000868e-02
9.114473750000000318e-02
9.133881249999999119e-02
9.154515000000000569e-02
9.176471249999999802e-02
9.191532499999999217e-02
9.212271249999999523e-02
9.272919999999999774e-02
9.340320000000000566e-02
9.511807500000001026e-02
9.699181249999999643e-02
9.943377500000000202e-02
1.025725000000000109e-01
1.059457500000000052e-01
1.109442499999999804e-01
1.169950000000000018e-01
1.223496250000000035e-01
1.342831249999999754e-01
2.356777499999999748e+00
2.015728750000000125e-01
2.553176250000000480e-01
3.174421250000000194e-01
3.738251249999999803e-01
2.054161249999999939e+01
3.573592500000000172e-01
2.413473750000000029e-01
1.985361249999999800e-01
2.008538750000000150e-01
3.317587499999999689e+00
3.333272499999999638e+01
1.723546249999999835e+00
6.070078750000000578e-02
6.646567500000000184e-02
1.628718749999999993e+00
7.640827500000000327e-01
1.122851249999999856e+00
2.012543750000000298e+00
2.664022500000000071e-01
3.407709999999999906e-01
3.333320000000000727e-02
6.701486250000000533e-01
3.135878750000000159e-01
2.401272499999999865e-01
5.093841249999999654e-01
2.593397499999999800e-01
1.953231249999999863e-01
4.874011250000000184e-02
2.058300000000000129e-01
2.001437499999999814e-01
1.635263750000000016e-01
1.418886249999999905e-01
1.253682499999999866e-01
1.151071249999999768e-01
1.121410000000000046e-01
1.094651249999999965e-01
1.046625000000000194e-01
1.017416250000000022e-01
1.002393750000000056e-01
9.869115000000000526e-02
9.643154999999999089e-02
9.113876249999999790e-02
8.622731249999998626e-02
8.082224999999999826e-02
7.364158749999999420e-02
5.084443750000000595e-02
3.985687499999999300e-02
3.993581250000000776e-02
3.949649999999999689e-02
3.896145000000000858e-02
3.831511249999999813e-02
3.790297499999999153e-02
3.779650000000000371e-02
3.772477500000000206e-02
3.787857499999999766e-02
3.809021249999999803e-02
3.794003750000000258e-02
3.692207499999999865e-02
3.646069999999999867e-02
3.633476250000000629e-02
3.624828749999999683e-02
3.612611250000000163e-02
3.570530000000000231e-02
3.074802500000000174e-02
2.591491250000000149e-02
2.452234999999999832e-02
2.297271250000000598e-02
2.225693750000000068e-02
2.195867500000000042e-02
2.175282499999999647e-02
1.972436250000000196e-02
1.602881250000000313e-02
1.328068750000000083e-02
1.145926249999999931e-02
7.223141250000000499e-03
3.739425000000000214e-03
1.945948749999999901e-03
6.136856250000000948e-04
3.764311250000000305e-04
6.343123750000000680e-04
2.387616250000000097e-04
2.350168750000000012e-04
2.088023750000000034e-04
6.665325000000000427e-05
4.225675000000000161e-05
