5.821800000000000530e+00
7.882627499999999898e+00
6.175466250000000379e+00
5.683872499999999661e+00
5.429044999999999455e+00
5.233927500000000066e+00
5.046469999999999345e+00
4.901253750000000409e+00
4.800078749999999950e+00
4.716513749999999838e+00
4.639606249999999932e+00
4.565572500000000034e+00
4.514397500000000285e+00
4.447141249999999602e+00
4.423031250000000192e+00
4.413932499999999592e+00
4.406062499999999993e+00
4.400943749999999710e+00
4.397221250000000303e+00
4.394398750000000575e+00
4.392129999999999868e+00
4.390277499999999833e+00
4.387621249999999584e+00
4.384616250000000548e+00
4.382201250000000492e+00
4.380152500000000337e+00
4.378302500000000208e+00
4.376617500000000049e+00
4.375041249999999771e+00
4.373555000000000526e+00
4.372117499999999879e+00
4.370734999999999815e+00
4.369390000000000107e+00
4.368072500000000247e+00
4.366183749999999364e+00
4.363681249999999068e+00
4.361233749999999354e+00
4.358818750000000186e+00
4.356994999999999507e+00
4.355816250000000167e+00
4.354066249999999805e+00
4.351741249999999894e+00
4.349407499999999871e+00
4.347102500000000092e+00
4.344803749999999631e+00
4.343073750000000288e+00
4.341922499999999907e+00
4.340784999999999449e+00
4.339644999999999087e+00
4.338846250000000460e+00
4.338392500000000318e+00
4.337943749999999099e+00
4.337487499999999940e+00
4.337035000000000196e+00
4.336582499999999563e+00
4.336129999999999818e+00
4.335676250000000564e+00
4.335226249999999837e+00
4.334773750000000092e+00
4.334321249999999459e+00
4.333870000000000111e+00
4.333417500000000366e+00
4.332964999999999733e+00
4.332513749999999497e+00
4.331720000000000681e+00
4.330589999999999939e+00
4.329459999999999198e+00
4.328324999999999534e+00
4.326635000000000453e+00
4.324408749999999912e+00
4.322167499999999940e+00
4.319902500000000423e+00
4.317655000000000243e+00
4.314547499999999758e+00
4.310517499999999558e+00
4.306459999999999511e+00
4.302438750000000312e+00
4.298638749999999398e+00
4.295472499999999805e+00
4.291532500000000638e+00
4.286851249999999780e+00
4.282798750000000432e+00
4.279029999999999667e+00
4.275201250000000286e+00
4.270956250000000232e+00
4.266481250000000003e+00
4.262162499999999632e+00
4.257662500000000350e+00
4.253192499999999932e+00
4.250325000000000131e+00
4.248527499999999790e+00
4.245218750000000263e+00
4.235375000000000334e+00
4.222364999999999924e+00
4.211331249999999748e+00
4.188821250000000163e+00
4.166327499999999517e+00
4.151912499999999895e+00
4.129673750000000254e+00
4.110795000000000421e+00
4.099722500000000380e+00
4.089778750000000684e+00
4.076983750000000128e+00
4.068691250000000537e+00
4.044575000000000031e+00
4.001318749999999369e+00
3.959272499999999972e+00
3.906211250000000135e+00
3.862998750000000037e+00
3.832068749999999913e+00
3.790676249999999747e+00
3.757128750000000128e+00
3.727661249999999704e+00
3.691798750000000240e+00
3.649793750000000614e+00
3.593364999999999920e+00
3.548206249999999784e+00
3.515873750000000353e+00
3.474041249999999970e+00
3.412861249999999735e+00
3.324775000000000258e+00
3.212552500000000144e+00
3.099937500000000234e+00
3.013032500000000447e+00
2.973357500000000098e+00
2.928620000000000445e+00
2.883108749999999443e+00
2.851442500000000102e+00
2.811663750000000128e+00
2.763974999999999849e+00
2.699718749999999723e+00
2.652899999999999814e+00
2.614921249999999642e+00
2.572182500000000260e+00
2.506685000000000052e+00
2.438261250000000047e+00
2.373190000000000133e+00
2.304375000000000284e+00
2.231141249999999854e+00
2.180915000000000159e+00
2.127095000000000180e+00
2.061609999999999943e+00
1.997270000000000101e+00
1.833557500000000173e+00
1.654768750000000122e+00
1.514626250000000063e+00
1.362058749999999874e+00
1.198158749999999939e+00
1.003009999999999957e+00
8.206291249999999593e-01
6.908691250000001949e-01
4.833117499999999844e-01
1.926352500000000079e-01
1.350671250000000205e-02
1.792692499999999911e-01
6.500631250000000749e-01
1.256193749999999998e+00
6.426208750000000691e+02
1.899088749999999948e+01
1.143726250000000100e+01
7.484388749999999924e+00
3.250377499999999920e+00
1.190868750000000063e+02
1.911515000000000100e+03
3.886450000000000671e+01
5.075463749999999941e+00
7.227559999999999540e-01
6.447653750000000628e+01
5.137165000000000958e+01
5.071848749999999484e+01
1.881094999999999970e+02
1.249248749999999930e+01
2.885379999999999967e+01
1.249447499999999955e+01
7.831888749999998822e+01
2.527386249999999990e+01
6.480702500000000477e+00
8.186298750000000268e+01
3.303613750000000238e+01
1.958934999999999960e+01
2.213253750000000153e+01
2.064533750000000012e+01
1.944645000000000223e+01
1.691247500000000059e+01
1.522310000000000230e+01
1.368923749999999906e+01
1.255114999999999981e+01
1.218249999999999922e+01
1.181572499999999870e+01
1.113736249999999828e+01
1.071325000000000038e+01
1.049466250000000223e+01
1.027211250000000042e+01
9.953412499999998886e+00
9.258249999999998536e+00
8.639611249999999742e+00
7.986604999999999066e+00
7.209702499999999681e+00
6.524267500000000553e+00
5.986691250000000686e+00
5.764299999999999535e+00
5.724527500000000657e+00
5.676088750000000793e+00
5.617572500000000524e+00
5.559836250000000035e+00
5.520125000000000171e+00
5.493367499999999737e+00
5.453673750000000098e+00
5.426901250000000232e+00
5.404211249999999467e+00
5.363470000000001292e+00
5.331466250000000073e+00
5.318707499999999477e+00
5.309948750000000217e+00
5.306505000000000472e+00
5.242148750000000135e+00
5.088769999999999349e+00
4.962273749999999595e+00
4.879031249999999709e+00
4.796146249999999611e+00
4.722463750000000182e+00
4.701221250000000573e+00
4.665643750000000090e+00
4.530441249999999975e+00
4.235610000000000319e+00
4.000373750000000506e+00
3.783064999999999678e+00
3.174496249999999797e+00
2.595985000000000209e+00
2.266621250000000032e+00
2.085317499999999935e+00
2.273168749999999960e+00
2.594343749999999726e+00
7.211637499999999923e-01
7.309387499999999704e-01
7.397774999999999768e-01
3.703799999999999870e-01
3.630162499999999848e-01
