1.078705000000000069e+01
1.404158750000000211e+01
1.061260000000000048e+01
9.577988749999999385e+00
9.028639999999999333e+00
8.600283749999999117e+00
8.181576250000000883e+00
7.852526250000000374e+00
7.620783749999999301e+00
7.428187499999999943e+00
7.250397500000000051e+00
7.079036250000000585e+00
6.960652500000000131e+00
6.805616249999999923e+00
6.750494999999999912e+00
6.730034999999999101e+00
6.712632499999999780e+00
6.701609999999999623e+00
6.693821250000000944e+00
6.688122500000000414e+00
6.683699999999999974e+00
6.680250000000000021e+00
6.675563750000000240e+00
6.670694999999999375e+00
6.667201250000000634e+00
6.664551249999999705e+00
6.662367500000000220e+00
6.660565000000000069e+00
6.659019999999999051e+00
6.657682500000000836e+00
6.656458750000000535e+00
6.655360000000000831e+00
6.654348749999999590e+00
6.653398750000000028e+00
6.652131250000000051e+00
6.650551250000001247e+00
6.649103750000000090e+00
6.647747500000000365e+00
6.646724999999999994e+00
6.646091249999999562e+00
6.645195000000001073e+00
6.644002499999999145e+00
6.642837499999999729e+00
6.641721249999999799e+00
6.640615000000000379e+00
6.639807499999998974e+00
6.639273749999999197e+00
6.638742500000000213e+00
6.638211250000000341e+00
6.637848749999999853e+00
6.637645000000000017e+00
6.637439999999998896e+00
6.637239999999999363e+00
6.637038749999999432e+00
6.636837499999999501e+00
6.636632499999999268e+00
6.636429999999998941e+00
6.636229999999999407e+00
6.636028749999998588e+00
6.635828749999999943e+00
6.635623750000000598e+00
6.635422499999998891e+00
6.635221250000000737e+00
6.635018749999998633e+00
6.634662499999999241e+00
6.634158750000000104e+00
6.633656250000000476e+00
6.633149999999998769e+00
6.632412500000000044e+00
6.631453750000000369e+00
6.630487500000000978e+00
6.629511249999999301e+00
6.628542499999999116e+00
6.627226250000001428e+00
6.625529999999999475e+00
6.623822499999999280e+00
6.622152499999999442e+00
6.620581249999999862e+00
6.619275000000000020e+00
6.617663750000000178e+00
6.615759999999999863e+00
6.614113750000000458e+00
6.612581249999999855e+00
6.611041249999999536e+00
6.609345000000000248e+00
6.607561250000000719e+00
6.605837499999999807e+00
6.604062499999999503e+00
6.602314999999999934e+00
6.601192500000000685e+00
6.600488750000000238e+00
6.599192500000000905e+00
6.595341249999998823e+00
6.590298750000000538e+00
6.586084999999999745e+00
6.577543750000001133e+00
6.569116250000000434e+00
6.563813749999999558e+00
6.555718749999999595e+00
6.548847499999999933e+00
6.544881250000000428e+00
6.541375000000000384e+00
6.536866250000000100e+00
6.533941249999999812e+00
6.525522500000001003e+00
6.510713749999999855e+00
6.496641250000000589e+00
6.479438750000000802e+00
6.465658750000001120e+00
6.455848750000000358e+00
6.443181250000000304e+00
6.433017499999999167e+00
6.424093750000000824e+00
6.413563749999999786e+00
6.401426250000000095e+00
6.385301249999999484e+00
6.372751250000001200e+00
6.363803750000000647e+00
6.352468749999999886e+00
6.336341250000000258e+00
6.313261250000000047e+00
6.284713749999999877e+00
6.256712499999999899e+00
6.235501250000000439e+00
6.225842500000000612e+00
6.215022499999999894e+00
6.204012500000000152e+00
6.196351250000000199e+00
6.186728750000000332e+00
6.175167500000000587e+00
6.159584999999999866e+00
6.148208750000001110e+00
6.138738749999999911e+00
6.127936250000000307e+00
6.111381249999999987e+00
6.093522499999999731e+00
6.075944999999999929e+00
6.057177500000000769e+00
6.035944999999999894e+00
6.020434999999999981e+00
6.002947499999999437e+00
5.979591250000000358e+00
5.956156250000000263e+00
5.880390000000000228e+00
5.766522499999999773e+00
5.605157500000000681e+00
5.248867500000000241e+00
1.922396250000000251e+01
8.201106250000000486e+00
6.722732500000000222e+00
6.495441249999999833e+00
6.331158750000000168e+00
6.182420000000000471e+00
6.096998750000000911e+00
6.049260000000000304e+00
6.017174999999999940e+00
5.999483750000000448e+00
5.879909999999999748e+00
5.750982499999999220e+00
5.712751250000000169e+00
5.686806250000000063e+00
5.612008749999999324e+00
5.561224999999999419e+00
1.296112499999999912e+01
6.098196249999999097e+00
2.227333750000000023e+01
6.006768749999999812e+01
1.020065125000000172e+01
8.070192499999999214e+00
8.936037500000001188e+00
1.440216249999999931e+01
8.102201250000000243e+00
7.889728749999998847e+00
7.962950000000000195e+00
7.917267500000001235e+00
7.831188749999999921e+00
7.735849999999999227e+00
7.679705000000000226e+00
7.611431249999998983e+00
7.564091249999999711e+00
7.576402499999999485e+00
7.624211250000000106e+00
7.715885000000000105e+00
7.868111250000000112e+00
8.034387500000001125e+00
8.232639999999999958e+00
8.412866249999998658e+00
8.477169999999999206e+00
8.546581249999999130e+00
8.680071250000001015e+00
8.767519999999999314e+00
8.813536250000000294e+00
8.859207500000000124e+00
8.926311249999999475e+00
9.037476249999999212e+00
9.123348750000001672e+00
9.163988749999999683e+00
9.112797499999999218e+00
8.924767500000001519e+00
8.651171250000000867e+00
8.473127499999998591e+00
8.401072500000001497e+00
8.319487499999999258e+00
8.214471250000000779e+00
7.989082499999999420e+00
7.791503749999999506e+00
7.664030000000000342e+00
7.391724999999999213e+00
7.157918750000000330e+00
6.855778749999999810e+00
6.253820000000000157e+00
5.837641250000000781e+00
5.669572499999999238e+00
5.565305000000000391e+00
5.462541249999999238e+00
5.246602499999999836e+00
4.938891249999999289e+00
4.623934999999999462e+00
4.363344999999999807e+00
4.193496249999999925e+00
4.066469999999999807e+00
3.966968749999999932e+00
3.797543750000000440e+00
3.373113749999999911e+00
2.753427499999999473e+00
2.394560000000000244e+00
2.207263750000000080e+00
1.969168750000000134e+00
1.924141250000000136e+00
2.037092500000000417e+00
2.305408749999999785e+00
2.509469999999999867e+00
2.534550000000000303e+00
5.872262499999999497e-01
5.706525000000000070e-01
5.423012499999999569e-01
2.420462499999999906e-01
2.270649999999999891e-01
