1.726565000000000083e+01
2.055861249999999885e+01
1.404397500000000143e+01
1.183042499999999997e+01
1.056207500000000010e+01
9.501468750000000796e+00
8.373625000000000540e+00
7.400252499999999678e+00
6.638727500000001669e+00
5.935002500000000403e+00
5.210706249999999429e+00
4.393973750000000678e+00
3.735707499999999737e+00
2.612156249999999957e+00
2.103608750000000249e+00
1.869942500000000063e+00
1.648058749999999906e+00
1.491225000000000023e+00
1.370452499999999851e+00
1.275683750000000005e+00
1.198007500000000114e+00
1.134033749999999952e+00
1.042552499999999993e+00
9.416218750000000526e-01
8.654608750000000184e-01
8.057965000000000266e-01
7.557978749999999524e-01
7.142314999999999081e-01
6.788892500000001107e-01
6.488928750000000356e-01
6.217401250000000879e-01
5.979642499999999750e-01
5.764806249999999688e-01
5.570340000000000291e-01
5.323962500000000153e-01
5.033946249999999845e-01
4.786178749999999704e-01
4.573309999999999875e-01
4.412568749999999929e-01
4.320608750000000109e-01
4.203844999999999388e-01
4.048479999999999857e-01
3.907992499999999869e-01
3.785173749999999893e-01
3.665414999999999646e-01
3.587393750000000270e-01
3.537462499999999843e-01
3.487997500000000195e-01
3.438514999999999766e-01
3.406095000000000095e-01
3.390855000000000397e-01
3.375884999999999581e-01
3.360693750000000035e-01
3.345508750000000253e-01
3.330427499999999985e-01
3.315255000000000285e-01
3.300078750000000061e-01
3.285041249999999802e-01
3.269863749999999958e-01
3.254816249999999966e-01
3.239681249999999957e-01
3.224549999999999361e-01
3.209380000000000566e-01
3.194282500000000247e-01
3.167713750000000217e-01
3.129973750000000221e-01
3.092197500000000709e-01
3.054290000000000060e-01
3.007243749999999882e-01
2.951694999999999736e-01
2.895741249999999600e-01
2.839172500000000099e-01
2.783112499999999545e-01
2.715954999999999897e-01
2.636662499999999909e-01
2.557131249999999856e-01
2.488532499999999981e-01
2.428052500000000002e-01
2.377716249999999865e-01
2.323314999999999964e-01
2.263586249999999800e-01
2.211914999999999853e-01
2.163869999999999960e-01
2.120927500000000243e-01
2.077887499999999943e-01
2.032536249999999933e-01
1.988936250000000183e-01
1.950887499999999775e-01
1.916823750000000159e-01
1.894962500000000050e-01
1.881261249999999774e-01
1.856031250000000077e-01
1.781008749999999918e-01
1.692253749999999834e-01
1.630953749999999869e-01
1.514816249999999809e-01
1.415517500000000040e-01
1.362849999999999895e-01
1.290716249999999954e-01
1.229487499999999955e-01
1.198196249999999852e-01
1.174241250000000042e-01
1.143397500000000039e-01
1.123411249999999861e-01
1.069557500000000161e-01
9.873152500000001441e-02
9.197493750000000634e-02
8.507416249999999458e-02
8.006575000000000497e-02
7.658692500000000014e-02
7.283698750000000555e-02
7.000262499999999888e-02
6.751874999999998850e-02
6.497019999999999185e-02
6.226676250000000301e-02
5.884567499999999313e-02
5.652798750000000150e-02
5.490706249999999927e-02
5.304309999999999581e-02
5.074771249999999317e-02
4.759008749999999593e-02
4.443397500000000055e-02
4.189525000000000193e-02
4.031345000000000067e-02
3.967366249999999817e-02
3.917838750000000175e-02
3.867456249999999540e-02
3.832400000000000390e-02
3.793031250000000049e-02
3.771393750000000267e-02
3.745686250000000023e-02
3.728768749999999965e-02
3.733823749999999608e-02
3.750826250000000028e-02
3.776878749999999785e-02
3.837868750000000134e-02
3.931453749999999636e-02
4.038498750000000387e-02
4.209569999999999285e-02
4.369038749999999693e-02
4.579152499999999959e-02
4.934827500000000394e-02
5.307453749999999082e-02
7.091284999999999950e-02
1.093212500000000087e-01
2.000794999999999935e-01
5.490000000000000435e-01
9.219773749999998813e+01
2.386981249999999832e+00
8.271588749999999601e-01
2.969915000000000194e-01
5.723226249999999876e-02
2.617232500000000323e-02
2.682257500000000128e-02
6.319730000000001180e-01
1.619712499999999625e-02
1.639241250000000177e-02
3.872345000000000370e-01
8.196856250000000496e-03
1.749257499999999979e-02
2.069417500000000132e+00
1.103583750000000085e+00
3.629586250000000458e+00
1.394875000000000043e+01
2.780156250000000107e+00
5.405092499999999411e+00
3.684250000000000824e+01
2.164429999999999854e+00
1.759802499999999936e+00
2.490646250000000173e+00
2.624251249999999924e+00
1.606389999999999985e+00
1.608167500000000194e+00
1.551776249999999857e+00
1.501767500000000366e+00
1.407541249999999744e+00
1.295422500000000143e+00
1.223855000000000137e+00
1.107521250000000013e+00
9.444028750000000860e-01
8.490243750000000533e-01
7.557177499999999659e-01
6.446678749999998903e-01
5.350611250000000263e-01
4.359766250000000065e-01
3.579078749999999864e-01
2.989759999999999640e-01
2.806336249999999977e-01
2.633503750000000254e-01
2.324906249999999786e-01
2.142229999999999968e-01
2.052292499999999742e-01
1.968304999999999638e-01
1.850921249999999962e-01
1.589848749999999700e-01
1.403870000000000118e-01
1.242589999999999945e-01
1.087092499999999934e-01
1.001281249999999984e-01
9.752527500000000849e-02
9.623918750000000355e-02
9.572431250000000558e-02
9.514601250000001564e-02
9.401566249999999958e-02
9.106873749999999657e-02
8.983321250000000924e-02
8.904348750000000423e-02
8.750798749999999515e-02
8.340222499999999650e-02
7.447533750000000230e-02
6.423774999999999624e-02
6.003185000000000465e-02
5.872661249999999722e-02
5.787141249999999681e-02
5.714156249999999965e-02
5.612929999999999309e-02
5.407052500000000123e-02
4.785900000000000570e-02
4.009177500000000310e-02
3.614551250000000437e-02
3.321727499999999750e-02
3.096985000000000016e-02
2.745283750000000397e-02
2.087086250000000018e-02
1.526749999999999982e-02
1.253556249999999983e-02
1.087715000000000036e-02
7.092437500000000651e-03
3.864461249999999893e-03
2.252467500000000355e-03
8.951116249999999715e-04
9.182820000000000826e-04
1.110622499999999865e-03
2.535962500000000066e-04
2.503800000000000253e-04
2.487502499999999788e-04
1.268962499999999897e-04
1.321299999999999970e-04
