2.805271249999999839e+01
3.460018750000000409e+01
2.465656250000000327e+01
2.140841249999999718e+01
1.959073749999999947e+01
1.810176249999999953e+01
1.655518749999999883e+01
1.525277499999999975e+01
1.425949999999999918e+01
1.336318750000000044e+01
1.246111250000000048e+01
1.147301250000000117e+01
1.069636250000000111e+01
9.417775000000000674e+00
8.854102499999999765e+00
8.599977499999999608e+00
8.360693749999999369e+00
8.192834999999998757e+00
8.064271249999999114e+00
7.963804999999999801e+00
7.881707500000000977e+00
7.814283749999999529e+00
7.718115000000000059e+00
7.612317500000000514e+00
7.532663750000001102e+00
7.470346250000000410e+00
7.418166250000000517e+00
7.374797500000000561e+00
7.337908749999999536e+00
7.306576250000000883e+00
7.278197500000000097e+00
7.253326249999999753e+00
7.230827500000000185e+00
7.210435000000000372e+00
7.184529999999999639e+00
7.153948750000000523e+00
7.127722499999999073e+00
7.105080000000000062e+00
7.087984999999999758e+00
7.078151250000000339e+00
7.065578750000000241e+00
7.048848750000000329e+00
7.033637500000000209e+00
7.020241249999998878e+00
7.007157500000000816e+00
6.998546249999999525e+00
6.993019999999998682e+00
6.987542499999999990e+00
6.982066250000000807e+00
6.978456249999999805e+00
6.976728750000000367e+00
6.975030000000000285e+00
6.973311249999999184e+00
6.971590000000000842e+00
6.969878750000001233e+00
6.968160000000000132e+00
6.966440000000000410e+00
6.964733750000000612e+00
6.963013750000000002e+00
6.961308749999998824e+00
6.959593749999999801e+00
6.957877500000000381e+00
6.956157499999999771e+00
6.954446249999999274e+00
6.951435000000000031e+00
6.947157500000001207e+00
6.942874999999999908e+00
6.938578749999999573e+00
6.933137499999999953e+00
6.926623750000000079e+00
6.920062500000000227e+00
6.913428749999999567e+00
6.906853749999999792e+00
6.898819999999998842e+00
6.889196249999999466e+00
6.879537499999999639e+00
6.871007500000000157e+00
6.863387499999999974e+00
6.857048750000000581e+00
6.849994999999999834e+00
6.842119999999999536e+00
6.835304999999999964e+00
6.828967500000000079e+00
6.823134999999999728e+00
6.817135000000000389e+00
6.810813750000000333e+00
6.804729999999999279e+00
6.799151249999999536e+00
6.793996250000000181e+00
6.790687499999998877e+00
6.788613749999999669e+00
6.784796249999999418e+00
6.773444999999999716e+00
6.759525000000000006e+00
6.749181249999999466e+00
6.729025000000000034e+00
6.710670000000000357e+00
6.700101249999999453e+00
6.684792500000000359e+00
6.671797500000000269e+00
6.664701250000000243e+00
6.658801249999999783e+00
6.651202500000000128e+00
6.646283749999999380e+00
6.632478749999999756e+00
6.609443750000000506e+00
6.588617500000000682e+00
6.564511250000000686e+00
6.545723749999999619e+00
6.532433750000000039e+00
6.516017499999999352e+00
6.503021249999999753e+00
6.491612500000000452e+00
6.478533750000000424e+00
6.463693750000000904e+00
6.444146250000000187e+00
6.429281249999998948e+00
6.418709999999999916e+00
6.405511249999999990e+00
6.387087499999999807e+00
6.360852500000000020e+00
6.329145000000000465e+00
6.298610000000000930e+00
6.275813750000001079e+00
6.265516249999999232e+00
6.254198750000000473e+00
6.242687500000000611e+00
6.234678749999999603e+00
6.224656249999998892e+00
6.212880000000000180e+00
6.197042500000000231e+00
6.185497500000000315e+00
6.176077499999999887e+00
6.165446249999999573e+00
6.149148749999999275e+00
6.131903750000000208e+00
6.115260000000000140e+00
6.097565000000000346e+00
6.078039999999999665e+00
6.064125000000000654e+00
6.048741249999999958e+00
6.028939999999999522e+00
6.009232499999999533e+00
5.951303749999999226e+00
5.875846250000000381e+00
5.805237499999999606e+00
5.797868749999999238e+00
1.114217500000000030e+02
1.058810000000000073e+01
7.549888750000000925e+00
6.792431249999999920e+00
6.388389999999999347e+00
6.208594999999998976e+00
6.123820000000000263e+00
6.681233749999998750e+00
6.033372500000000471e+00
6.015876250000000702e+00
6.267145000000000188e+00
5.759178749999999347e+00
5.730243749999999636e+00
7.756222499999999798e+00
6.715591250000000123e+00
9.190809999999999036e+00
2.690987499999999955e+01
8.878353750000000488e+00
2.767845000000000155e+01
9.691017500000000950e+01
1.236507499999999915e+01
9.829996249999998881e+00
1.142668749999999989e+01
1.702641249999999928e+01
9.708586250000001527e+00
9.497896250000000151e+00
9.514727499999999338e+00
9.419035000000000935e+00
9.238730000000000331e+00
9.031271249999999640e+00
8.903557499999999791e+00
8.718949999999999534e+00
8.508494999999999919e+00
8.425425000000000608e+00
8.379928749999999482e+00
8.360552500000000720e+00
8.403170000000001139e+00
8.470364999999999256e+00
8.590544999999998765e+00
8.711842499999999490e+00
8.757806250000001569e+00
8.809931249999999991e+00
8.912562499999999943e+00
8.981746249999998710e+00
9.018766249999998763e+00
9.056038749999999027e+00
9.111401250000000118e+00
9.196463749999999493e+00
9.263736250000000894e+00
9.288249999999999673e+00
9.221508749999998145e+00
9.024898750000001968e+00
8.748697500000000460e+00
8.569370000000001042e+00
8.496797499999999559e+00
8.414636249999999151e+00
8.318753749999999059e+00
8.187633749999999822e+00
8.070904999999999774e+00
7.995596250000000182e+00
7.822068749999998793e+00
7.684450000000000003e+00
7.550079999999999458e+00
7.314886250000000700e+00
7.136032500000000667e+00
7.048521250000000293e+00
6.990132499999999638e+00
6.924211249999999929e+00
6.767082499999999889e+00
6.544376250000000894e+00
6.330815000000000303e+00
6.176143749999999599e+00
6.068301249999999314e+00
5.979605000000000281e+00
5.910174999999999734e+00
5.791217500000000129e+00
5.459796249999999240e+00
4.926453750000000298e+00
4.575071249999999701e+00
4.344816250000000046e+00
3.949911249999999541e+00
3.786123750000000232e+00
3.874223750000000077e+00
4.133838750000000672e+00
4.296629999999999505e+00
4.291843749999999957e+00
1.031126249999999800e+00
1.017209999999999948e+00
9.910362500000000630e-01
4.680150000000000143e-01
4.534900000000000042e-01
