6.258975000000000399e+00
8.387135000000000673e+00
6.511779999999999902e+00
5.965307499999999763e+00
5.680400000000000560e+00
5.461358750000000484e+00
5.250153749999999953e+00
5.086088749999999159e+00
4.971580000000000332e+00
4.876928750000000257e+00
4.789802500000000407e+00
4.705956249999999841e+00
4.648056250000000666e+00
4.572277500000000217e+00
4.545366249999999830e+00
4.535404999999999909e+00
4.526955000000000062e+00
4.521623749999999831e+00
4.517878749999999499e+00
4.515151249999999727e+00
4.513052499999999689e+00
4.511426250000000415e+00
4.509243749999999551e+00
4.507017499999999899e+00
4.505467499999999959e+00
4.504324999999999690e+00
4.503412499999999596e+00
4.502688750000000795e+00
4.502089999999999925e+00
4.501590000000000202e+00
4.501147500000000079e+00
4.500764999999999461e+00
4.500421249999999596e+00
4.500117499999999993e+00
4.499723749999999356e+00
4.499259999999999593e+00
4.498859999999999637e+00
4.498509999999999565e+00
4.498244999999999827e+00
4.498090000000000366e+00
4.497880000000001210e+00
4.497601249999999773e+00
4.497341250000000734e+00
4.497099999999999653e+00
4.496868750000000858e+00
4.496699999999999697e+00
4.496593750000000611e+00
4.496490000000000542e+00
4.496380000000001154e+00
4.496310000000000251e+00
4.496269999999999989e+00
4.496229999999999727e+00
4.496189999999999465e+00
4.496159999999999712e+00
4.496120000000000339e+00
4.496080000000000076e+00
4.496039999999999814e+00
4.496000000000001329e+00
4.495967499999999895e+00
4.495930000000000426e+00
4.495890000000000164e+00
4.495849999999999902e+00
4.495809999999999640e+00
4.495776250000000474e+00
4.495709999999999873e+00
4.495610000000000106e+00
4.495519999999999960e+00
4.495420000000000194e+00
4.495289999999999786e+00
4.495120000000000005e+00
4.494946249999999921e+00
4.494771249999999441e+00
4.494599999999999262e+00
4.494371250000000373e+00
4.494081250000000693e+00
4.493790000000000617e+00
4.493506250000000257e+00
4.493241250000000520e+00
4.493021249999999966e+00
4.492756250000000229e+00
4.492442500000000116e+00
4.492172499999999680e+00
4.491922500000000262e+00
4.491670000000000051e+00
4.491396249999999313e+00
4.491106249999999633e+00
4.490827499999999972e+00
4.490542499999999215e+00
4.490261249999999649e+00
4.490079999999999849e+00
4.489968749999999176e+00
4.489761250000000814e+00
4.489144999999999719e+00
4.488338750000000488e+00
4.487667499999999698e+00
4.486308749999999179e+00
4.484971250000000076e+00
4.484127500000000488e+00
4.482842500000000285e+00
4.481749999999999901e+00
4.481118750000000261e+00
4.480561250000000051e+00
4.479842500000000172e+00
4.479379999999999917e+00
4.478035000000000210e+00
4.475668750000000529e+00
4.473415000000000141e+00
4.470647500000000107e+00
4.468428749999999283e+00
4.466849999999999987e+00
4.464803749999999738e+00
4.463160000000000238e+00
4.461718749999999289e+00
4.460015000000000285e+00
4.458051249999999577e+00
4.455442499999999306e+00
4.453418749999999982e+00
4.451972500000000110e+00
4.450152500000000622e+00
4.447572499999999707e+00
4.443892500000000467e+00
4.439406250000000220e+00
4.435086250000000341e+00
4.431868749999999579e+00
4.430422499999999708e+00
4.428860000000000241e+00
4.427268750000000530e+00
4.426164999999999239e+00
4.424795000000000478e+00
4.423264999999999780e+00
4.421218749999999531e+00
4.419725000000000570e+00
4.418516250000000589e+00
4.417156249999999673e+00
4.415071250000000447e+00
4.413006250000000463e+00
4.411158750000000239e+00
4.409206249999999550e+00
4.407128750000000039e+00
4.405706250000000601e+00
4.404195000000000526e+00
4.402490000000000236e+00
4.400839999999999641e+00
4.396712500000000468e+00
4.392414999999999736e+00
4.389157500000000489e+00
4.385786249999999775e+00
4.382276250000000317e+00
4.378249999999999531e+00
4.374682500000000474e+00
4.372148750000000028e+00
4.367902500000000465e+00
4.360980000000000523e+00
4.354418749999999783e+00
4.349499999999999922e+00
4.346073749999999514e+00
4.343958749999999647e+00
4.328383750000000418e+00
4.312820000000000320e+00
4.308978749999999636e+00
4.306096250000000403e+00
4.301097500000000018e+00
4.289919999999999511e+00
4.278743749999999402e+00
4.278803749999999795e+00
4.253759999999999764e+00
4.246982500000000549e+00
4.224298749999999991e+00
4.641323749999999748e+00
4.261747500000000244e+00
4.250403749999999370e+00
4.246712500000000112e+00
5.081077499999999247e+00
4.254099999999999326e+00
4.236966250000000045e+00
4.233597500000000124e+00
4.230007500000000142e+00
4.227615000000000123e+00
4.223386249999999897e+00
4.364261250000000203e+00
4.211832499999999868e+00
7.237523750000000256e+00
7.381246249999999343e+00
6.963108749999999958e+00
6.600782499999999331e+00
6.335109999999999353e+00
6.137088750000001092e+00
6.075458750000001018e+00
6.016567499999999846e+00
5.909792500000000004e+00
5.844903750000000286e+00
5.812191249999999698e+00
5.780506250000001067e+00
5.734835000000000349e+00
5.713746249999998916e+00
5.811693749999999881e+00
5.896209999999999951e+00
5.977918749999999726e+00
6.067714999999999748e+00
6.169141250000000021e+00
6.241847500000000437e+00
6.273613749999999989e+00
6.312303749999999880e+00
6.359041249999998868e+00
6.418045000000000222e+00
6.468737499999999585e+00
6.502901249999999855e+00
6.562552499999999789e+00
6.606513749999999519e+00
6.646285000000000664e+00
6.706726249999999112e+00
6.742985000000000895e+00
6.676908749999999060e+00
6.573967500000001074e+00
6.491602499999999054e+00
6.400798749999999870e+00
6.288573749999999407e+00
6.191061250000000626e+00
6.114063749999999686e+00
6.047191250000000018e+00
5.985942499999999278e+00
5.936350000000000016e+00
5.849681249999999721e+00
5.502596249999999856e+00
4.684129999999999683e+00
4.085482500000000350e+00
3.630489999999999995e+00
2.716521249999999998e+00
2.110844999999999860e+00
1.994587499999999736e+00
2.092312499999999797e+00
2.327187499999999964e+00
2.562351249999999858e+00
6.711787499999999351e-01
6.726637500000000047e-01
6.729625000000000190e-01
3.347125000000000239e-01
3.323487500000000261e-01
