8.340600000000000236e+00
1.086577499999999930e+01
8.204985000000000639e+00
7.391636250000000352e+00
6.953817500000000429e+00
6.606902499999999456e+00
6.259719999999999729e+00
5.978303749999999361e+00
5.771984999999999033e+00
5.592486249999999437e+00
5.418035000000000601e+00
5.235726249999999915e+00
5.098469999999999835e+00
4.887241249999999759e+00
4.799022500000000413e+00
4.760885000000000922e+00
4.725699999999999790e+00
4.701464999999999783e+00
4.683154999999999291e+00
4.669004999999999406e+00
4.657547500000000618e+00
4.648217500000000335e+00
4.635010000000000296e+00
4.620618750000000219e+00
4.609891249999999552e+00
4.601566249999999414e+00
4.594629999999999548e+00
4.588896249999999455e+00
4.584041249999999401e+00
4.579932499999999962e+00
4.576221249999999685e+00
4.572977499999999473e+00
4.570051249999999676e+00
4.567398749999999730e+00
4.564040000000000319e+00
4.560091249999999263e+00
4.556711249999999325e+00
4.553796250000000434e+00
4.551596250000000232e+00
4.550335000000000463e+00
4.548722499999999336e+00
4.546576249999999320e+00
4.544627499999999820e+00
4.542913749999999418e+00
4.541240000000000165e+00
4.540137500000000159e+00
4.539431249999999807e+00
4.538732500000000059e+00
4.538028749999999611e+00
4.537568749999999262e+00
4.537346250000000580e+00
4.537130000000000329e+00
4.536909999999999776e+00
4.536688749999999715e+00
4.536470000000000447e+00
4.536249999999999893e+00
4.536028749999999832e+00
4.535809999999998787e+00
4.535590000000000011e+00
4.535370000000000346e+00
4.535150000000000681e+00
4.534931249999999636e+00
4.534711249999999971e+00
4.534491249999999418e+00
4.534106249999999783e+00
4.533556250000000176e+00
4.533007500000000078e+00
4.532458749999999981e+00
4.531757499999999439e+00
4.530922499999999964e+00
4.530078750000000376e+00
4.529227499999999296e+00
4.528381250000000691e+00
4.527347500000000302e+00
4.526104999999999379e+00
4.524860000000000326e+00
4.523756249999999923e+00
4.522767500000000496e+00
4.521943750000000151e+00
4.521027499999999755e+00
4.519997499999999668e+00
4.519107500000000499e+00
4.518282499999999757e+00
4.517516250000000788e+00
4.516725000000000101e+00
4.515893750000000040e+00
4.515092499999999731e+00
4.514352500000000212e+00
4.513664999999999594e+00
4.513223749999999868e+00
4.512945000000000206e+00
4.512436250000000371e+00
4.510922499999999502e+00
4.509052500000000130e+00
4.507646250000000521e+00
4.504898749999999730e+00
4.502369999999999983e+00
4.500892499999999963e+00
4.498741250000000136e+00
4.496912499999999646e+00
4.495907500000001278e+00
4.495059999999999611e+00
4.493967500000000115e+00
4.493261249999999762e+00
4.491267500000000190e+00
4.487904999999999589e+00
4.484825000000000728e+00
4.481209999999999916e+00
4.478373749999999376e+00
4.476361250000000069e+00
4.473843749999999453e+00
4.471843750000000561e+00
4.470087499999999991e+00
4.468054999999999666e+00
4.465739999999999377e+00
4.462686249999999966e+00
4.460350000000000037e+00
4.458691250000000217e+00
4.456613750000000707e+00
4.453708750000000549e+00
4.449576250000000677e+00
4.444603749999999742e+00
4.439859999999999474e+00
4.436353750000000318e+00
4.434782499999999850e+00
4.433097499999999691e+00
4.431382499999999780e+00
4.430187499999999723e+00
4.428714999999999513e+00
4.427082500000000032e+00
4.424901250000000452e+00
4.423312499999999758e+00
4.422022499999999745e+00
4.420570000000000555e+00
4.418346250000000808e+00
4.416157499999999736e+00
4.414208750000000236e+00
4.412150000000000460e+00
4.409959999999999880e+00
4.408459999999999823e+00
4.406867499999999715e+00
4.405079999999999885e+00
4.403358749999999766e+00
4.399041249999999792e+00
4.394563750000000546e+00
4.391178749999999908e+00
4.387681249999999977e+00
4.384046249999999034e+00
4.379888750000000108e+00
4.376213750000000680e+00
4.373608749999999823e+00
4.369243749999999871e+00
4.362143750000000431e+00
4.355432500000000040e+00
4.350417499999999826e+00
4.346923750000000197e+00
4.344772499999999482e+00
4.328967500000000079e+00
4.313220000000000276e+00
4.309347499999999442e+00
4.306441250000000664e+00
4.301408750000000225e+00
4.290207500000000174e+00
4.279132500000000228e+00
4.426065000000000360e+00
4.253820000000000157e+00
4.247042499999999166e+00
4.224470000000000169e+00
5.265706250000000033e+00
4.261793749999999825e+00
4.250426249999999406e+00
4.246743750000000261e+00
5.333146249999999533e+00
4.258700000000000152e+00
4.237134999999999430e+00
4.233621249999999669e+00
4.230014999999999858e+00
4.227620000000000822e+00
4.223392500000000105e+00
4.411855000000000082e+00
4.211833750000000265e+00
7.272777500000000117e+00
7.416156250000000227e+00
6.991938750000000091e+00
6.624690000000000190e+00
6.355987499999999457e+00
6.155866250000000761e+00
6.093608749999999574e+00
6.034112499999999990e+00
5.926400000000000112e+00
5.860956250000000090e+00
5.827910000000000146e+00
5.795891250000000383e+00
5.749733750000000754e+00
5.727920000000000122e+00
5.826497500000000329e+00
5.910801249999999563e+00
5.991168749999999932e+00
6.080082499999999612e+00
6.181320000000000370e+00
6.254007500000001052e+00
6.285847500000000920e+00
6.324622499999999370e+00
6.371466250000000997e+00
6.430706249999999180e+00
6.481667500000000359e+00
6.516013749999999938e+00
6.576140000000000541e+00
6.620513750000000641e+00
6.660737499999999756e+00
6.722082499999999072e+00
6.762553750000001251e+00
6.779127500000000417e+00
6.789163750000001052e+00
6.798799999999999066e+00
6.816510000000000957e+00
6.831236249999999899e+00
6.823475000000000179e+00
6.806606250000000635e+00
6.780442499999999484e+00
6.749939999999999607e+00
6.725239999999999441e+00
6.682073750000000700e+00
6.501356249999999726e+00
6.074701249999999497e+00
5.728508749999998706e+00
5.470287500000000414e+00
4.973501249999999985e+00
4.640984999999999694e+00
4.516866249999999638e+00
4.527682500000000054e+00
4.726387499999999520e+00
4.873917500000000125e+00
1.214057500000000012e+00
1.208239999999999981e+00
1.198178749999999848e+00
5.867912499999999865e-01
5.758262499999999839e-01
