2.081617500000000121e+00
2.478631249999999842e+00
1.693204999999999627e+00
1.426332500000000003e+00
1.273417499999999869e+00
1.145545000000000258e+00
1.009566249999999998e+00
8.922143750000000040e-01
8.004015000000000990e-01
7.155575000000000685e-01
6.282331250000000589e-01
5.297693749999999868e-01
4.504128749999999903e-01
3.149627500000000135e-01
2.536559999999999926e-01
2.254809999999999592e-01
1.987427500000000236e-01
1.798412500000000358e-01
1.652787500000000021e-01
1.538535000000000319e-01
1.444956250000000164e-01
1.367909999999999959e-01
1.257653749999999848e-01
1.136013749999999767e-01
1.044246250000000070e-01
9.724145000000000705e-02
9.121700000000000641e-02
8.620911250000000414e-02
8.195298749999999077e-02
7.834344999999999504e-02
7.507495000000000140e-02
7.221211249999999471e-02
6.962508749999998803e-02
6.728330000000000422e-02
6.431773749999999956e-02
6.082834999999999631e-02
5.784753750000000416e-02
5.528657499999999753e-02
5.335272499999999668e-02
5.224662499999999793e-02
5.084251249999999916e-02
4.897426250000000425e-02
4.728591249999999913e-02
4.581100000000000450e-02
4.437287500000000606e-02
4.343612499999999904e-02
4.283666249999999731e-02
4.224279999999999702e-02
4.164874999999999827e-02
4.125952500000000522e-02
4.107653750000000298e-02
4.089675000000000255e-02
4.071436249999999674e-02
4.053201249999999894e-02
4.035090000000000204e-02
4.016872500000000235e-02
3.998648750000000085e-02
3.980593749999999931e-02
3.962370000000000475e-02
3.944299999999999889e-02
3.926127499999999826e-02
3.907959999999999906e-02
3.889743749999999972e-02
3.871613749999999743e-02
3.839712500000000417e-02
3.794392500000000334e-02
3.749031250000000454e-02
3.703512499999999513e-02
3.647043749999999418e-02
3.580391250000000691e-02
3.513246250000000293e-02
3.445367499999999611e-02
3.378094999999999709e-02
3.297568750000000326e-02
3.202552499999999913e-02
3.107251249999999979e-02
3.025038750000000332e-02
2.952553749999999727e-02
2.892225000000000004e-02
2.827047499999999630e-02
2.755498749999999927e-02
2.693606249999999647e-02
2.636052499999999923e-02
2.584636249999999746e-02
2.533117500000000091e-02
2.478833750000000030e-02
2.426641250000000083e-02
2.381091249999999979e-02
2.340306249999999852e-02
2.314131250000000389e-02
2.297727500000000186e-02
2.267519999999999952e-02
2.177688750000000145e-02
2.071399999999999630e-02
1.997967500000000229e-02
1.858825000000000061e-02
1.739824999999999705e-02
1.676611249999999942e-02
1.589930000000000163e-02
1.516344999999999846e-02
1.478669999999999984e-02
1.449754999999999967e-02
1.412520000000000095e-02
1.388398750000000015e-02
1.323297500000000099e-02
1.223527500000000032e-02
1.141136249999999928e-02
1.056248750000000035e-02
9.942865000000000383e-03
9.511716249999999789e-03
9.040341250000000217e-03
8.682193750000000848e-03
8.368270000000000569e-03
8.041092499999999421e-03
7.690457500000000973e-03
7.243425000000000384e-03
6.933547499999999711e-03
6.716071250000000409e-03
6.460749999999999479e-03
6.135442499999999369e-03
5.682703750000000359e-03
5.197951250000000002e-03
4.774569999999999682e-03
4.484974999999999552e-03
4.359576249999999424e-03
4.236883749999999921e-03
4.112070000000000655e-03
4.025226249999999673e-03
3.920346249999999769e-03
3.817658749999999854e-03
3.682402500000000155e-03
3.583852499999999955e-03
3.503913749999999598e-03
3.413949999999999797e-03
3.276089999999999731e-03
3.150447499999999967e-03
3.050331250000000178e-03
2.944547499999999787e-03
2.831968749999999851e-03
2.754761250000000404e-03
2.674188749999999691e-03
2.592796249999999945e-03
2.516493749999999460e-03
2.329197500000000035e-03
2.148952499999999717e-03
2.019568749999999403e-03
1.895282500000000040e-03
1.771451250000000144e-03
1.639193749999999766e-03
1.532635000000000074e-03
1.460264999999999870e-03
1.340286250000000080e-03
1.165862499999999885e-03
1.016677499999999856e-03
9.154234999999999066e-04
8.508346250000000700e-04
8.126852500000000335e-04
5.822288749999999288e-04
4.002233749999999719e-04
3.661085000000000337e-04
3.450261249999999474e-04
3.142490000000000062e-04
2.871627499999999705e-04
3.872492500000000769e-04
1.472616249999999793e-01
6.085167500000001061e-05
6.008397499999999422e-05
1.711968750000000057e-04
6.243807500000000399e-01
4.487198749999999573e-05
2.346468750000000166e-05
3.038689999999999870e-05
2.520709999999999895e-01
4.598233749999999787e-03
1.696849999999999856e-04
2.494510000000000279e-05
7.539319999999999671e-06
4.232396250000000076e-06
5.888060000000000170e-06
4.759185000000000498e-02
2.212634999999999696e-06
3.525205000000000005e-02
3.491192499999999643e-02
2.882875000000000021e-02
2.390556250000000146e-02
2.088082500000000216e-02
1.878010000000000096e-02
1.815246250000000089e-02
1.754192499999999988e-02
1.660667500000000130e-02
1.605382500000000073e-02
1.571832499999999827e-02
1.538591249999999959e-02
1.489817499999999961e-02
1.417408749999999988e-02
1.480570000000000150e-02
1.459166249999999977e-02
1.325091249999999984e-02
1.236641249999999997e-02
1.217862500000000021e-02
1.216023750000000056e-02
1.223191250000000077e-02
1.231915000000000093e-02
1.242454999999999948e-02
1.266212499999999977e-02
1.293023749999999868e-02
1.311096250000000005e-02
1.358899999999999691e-02
1.399854999999999849e-02
1.445406249999999990e-02
1.535993749999999859e-02
1.607746250000000043e-02
1.513943749999999838e-02
1.357738750000000126e-02
1.239598749999999867e-02
1.140027499999999964e-02
1.025972500000000079e-02
9.722278749999998734e-03
9.582938749999998784e-03
9.598702500000000359e-03
9.690871250000000076e-03
9.765503749999997901e-03
9.895926249999999202e-03
9.723006249999999184e-03
6.882138749999999923e-03
5.921515000000000459e-03
5.468289999999999783e-03
4.625047499999999923e-03
2.763871250000000512e-03
1.592408750000000057e-03
7.028683749999999585e-04
5.905988749999999858e-04
7.294043750000000310e-04
1.945352499999999972e-04
1.931416249999999958e-04
1.887125000000000130e-04
8.409850000000000127e-05
7.839849999999999825e-05
