1.800519999999999898e+00
2.143918750000000095e+00
1.464548749999999844e+00
1.233713749999999942e+00
1.101446249999999960e+00
9.908398750000000366e-01
8.732229999999999714e-01
7.717155000000001097e-01
6.922996249999999741e-01
6.189112500000000239e-01
5.433777499999999927e-01
4.582046250000000320e-01
3.895573749999999835e-01
2.723836250000000181e-01
2.193456250000000440e-01
1.949722500000000136e-01
1.718323749999999817e-01
1.554741249999999908e-01
1.428741250000000185e-01
1.329875000000000085e-01
1.248856250000000001e-01
1.182130000000000125e-01
1.086681249999999904e-01
9.813639999999999863e-02
9.018873750000000467e-02
8.396348750000000305e-02
7.874434999999999074e-02
7.440479999999999317e-02
7.071531250000000213e-02
6.758429999999999993e-02
6.474937499999999790e-02
6.226625000000000909e-02
6.002213749999999598e-02
5.799055000000000182e-02
5.541668750000000587e-02
5.238661250000000574e-02
4.979725000000000124e-02
4.757187500000000652e-02
4.589144999999999336e-02
4.492988750000000142e-02
4.370861250000000059e-02
4.208361249999999915e-02
4.061413750000000128e-02
3.932940000000000047e-02
3.807656250000000103e-02
3.726005000000000289e-02
3.673743749999999753e-02
3.621973749999999465e-02
3.570182499999999953e-02
3.536243749999999630e-02
3.520277499999999865e-02
3.504593749999999897e-02
3.488677500000000181e-02
3.472767499999999952e-02
3.456967499999999416e-02
3.441069999999999546e-02
3.425169999999999604e-02
3.409418749999999776e-02
3.393514999999999726e-02
3.377751250000000233e-02
3.361894999999999467e-02
3.346041250000000161e-02
3.330149999999999777e-02
3.314328750000000018e-02
3.286496249999999730e-02
3.246955000000000674e-02
3.207376249999999845e-02
3.167661249999999956e-02
3.118343750000000109e-02
3.060095000000000176e-02
3.001417499999999711e-02
2.942097499999999852e-02
2.883310000000000040e-02
2.812858750000000324e-02
2.729663749999999833e-02
2.646217500000000097e-02
2.574185000000000362e-02
2.510652500000000106e-02
2.457777500000000309e-02
2.400594999999999812e-02
2.337792500000000079e-02
2.283457499999999932e-02
2.232936249999999817e-02
2.187757499999999633e-02
2.142449999999999563e-02
2.094711250000000358e-02
2.048812499999999592e-02
2.008715000000000153e-02
1.972788750000000271e-02
1.949731250000000249e-02
1.935281249999999675e-02
1.908671250000000194e-02
1.829542500000000058e-02
1.735859999999999834e-02
1.671051250000000002e-02
1.548204999999999894e-02
1.443036250000000013e-02
1.387151250000000051e-02
1.310506250000000039e-02
1.245442500000000161e-02
1.212138750000000056e-02
1.186586249999999933e-02
1.153684999999999780e-02
1.132368750000000042e-02
1.074865000000000022e-02
9.868339999999999751e-03
9.142843750000000796e-03
8.398232500000001738e-03
7.856101249999998884e-03
7.479185000000001041e-03
7.069757500000000035e-03
6.759411250000000627e-03
6.487409999999999878e-03
6.205826250000000092e-03
5.905370000000000064e-03
5.523407499999999880e-03
5.260958750000000080e-03
5.077011250000000066e-03
4.862484999999999724e-03
4.592073749999999940e-03
4.216818750000000254e-03
3.821627499999999920e-03
3.481650000000000196e-03
3.252569999999999767e-03
3.154109999999999900e-03
3.059911250000000096e-03
2.964084999999999984e-03
2.897410000000000003e-03
2.816491249999999828e-03
2.735035000000000244e-03
2.627372499999999951e-03
2.549721250000000321e-03
2.494955000000000089e-03
2.438277499999999716e-03
2.351426250000000079e-03
2.273721250000000117e-03
2.213561249999999609e-03
2.170946250000000289e-03
2.147111250000000027e-03
2.189406249999999946e-03
2.556747500000000010e-03
8.678403749999999417e-02
5.551318750000000524e-02
1.970925000000000107e-03
1.749483750000000067e-03
1.742542499999999873e-03
1.830443749999999996e-03
3.545081249999999795e-02
2.926838750000000221e-03
4.339362499999999991e-03
8.798987500000000905e-03
2.923955000000000304e+00
5.688369999999999885e-03
1.555502500000000010e-03
1.074424999999999946e-03
9.144862500000000300e-04
8.478063750000000131e-04
8.729986250000000558e-02
1.174750000000000013e-03
8.526752499999999809e-04
8.933825000000000273e-04
1.600643749999999940e-03
3.607748749999999838e+00
2.061027500000000168e-03
3.483568749999999860e-03
3.820353750000000104e-01
3.883353749999999801e-04
9.801168749999999985e-01
1.395698749999999988e+00
4.006478750000000422e-01
1.439547500000000176e-03
9.069026250000000733e-01
3.337612500000000093e-01
5.183188750000000677e-02
4.724908750000000324e-01
4.438864999999999617e-01
3.800382499999999664e-01
1.325239999999999974e+00
3.879833750000000192e-01
3.237472499999999309e-01
2.997115000000000196e-01
2.663099999999999912e-01
2.267769999999999786e-01
1.897836250000000113e-01
1.628013749999999982e-01
1.384587499999999916e-01
1.228039999999999965e-01
1.180148750000000191e-01
1.121397500000000103e-01
1.040528750000000030e-01
1.001271250000000113e-01
9.790619999999999878e-02
9.591910000000000713e-02
9.324729999999999130e-02
8.862621250000000950e-02
8.578863750000000066e-02
8.027858749999999821e-02
6.907078750000000822e-02
5.574918750000000534e-02
4.788538750000000122e-02
4.322010000000000435e-02
4.179863749999999933e-02
4.006747499999999823e-02
3.797621249999999504e-02
3.565128750000000346e-02
3.384705000000000352e-02
3.263112500000000388e-02
3.062768750000000040e-02
2.919322499999999973e-02
2.786407500000000204e-02
2.576333750000000394e-02
2.429430000000000131e-02
2.359889999999999904e-02
2.312149999999999622e-02
2.261612500000000081e-02
2.150533750000000258e-02
1.990275000000000030e-02
1.838388749999999780e-02
1.733107499999999787e-02
1.663497499999999976e-02
1.603840000000000127e-02
1.555532500000000005e-02
1.492427500000000073e-02
1.370263750000000162e-02
1.286133750000000193e-02
1.255018749999999884e-02
1.175581249999999717e-02
8.599028749999999485e-03
5.303231250000001000e-03
3.415537499999999910e-03
1.468097499999999975e-03
7.492947499999998888e-04
7.193367500000000378e-04
1.983868750000000215e-04
1.975031250000000116e-04
1.896325000000000246e-04
7.866662500000000510e-05
6.074437499999999895e-05
