8.645562500000000483e+00
1.137242499999999978e+01
8.681636249999998611e+00
7.880120000000000680e+00
7.457496250000000160e+00
7.129774999999998641e+00
6.811217499999999703e+00
6.562102499999999949e+00
6.387363750000000451e+00
6.242519999999999847e+00
6.109007500000000590e+00
5.980442499999999661e+00
5.891653749999999690e+00
5.775446249999999893e+00
5.734185000000000088e+00
5.718914999999999083e+00
5.705962500000000048e+00
5.697795000000000165e+00
5.692057499999999770e+00
5.687885000000000524e+00
5.684673750000000858e+00
5.682187499999999503e+00
5.678851249999999240e+00
5.675458750000000663e+00
5.673098749999998525e+00
5.671364999999999768e+00
5.669987499999999514e+00
5.668893749999999621e+00
5.667989999999999640e+00
5.667248750000000612e+00
5.666590000000000238e+00
5.666019999999999612e+00
5.665519999999999889e+00
5.665066250000000636e+00
5.664493750000000105e+00
5.663822500000000204e+00
5.663248749999998388e+00
5.662750000000000838e+00
5.662370000000001014e+00
5.662149999999998684e+00
5.661857499999999987e+00
5.661471250000000843e+00
5.661109999999999864e+00
5.660780000000000811e+00
5.660459999999999603e+00
5.660240000000000826e+00
5.660090000000000288e+00
5.659950000000001147e+00
5.659801249999999229e+00
5.659709999999998686e+00
5.659654999999999880e+00
5.659603749999999600e+00
5.659550000000001191e+00
5.659500000000000419e+00
5.659449999999999648e+00
5.659399999999998876e+00
5.659349999999999881e+00
5.659300000000000885e+00
5.659250000000000114e+00
5.659199999999999342e+00
5.659150000000000347e+00
5.659100000000000463e+00
5.659049999999999692e+00
5.658999999999999808e+00
5.658909999999999663e+00
5.658780000000000143e+00
5.658657500000000340e+00
5.658529999999999838e+00
5.658349999999999547e+00
5.658129999999999882e+00
5.657906249999999915e+00
5.657680000000000042e+00
5.657454999999999679e+00
5.657156249999998998e+00
5.656783749999999777e+00
5.656406249999999858e+00
5.656043749999999370e+00
5.655708749999999618e+00
5.655428750000000448e+00
5.655091249999999903e+00
5.654695000000000249e+00
5.654351249999999496e+00
5.654032499999999573e+00
5.653717499999999063e+00
5.653370000000000672e+00
5.653008750000000582e+00
5.652657499999999224e+00
5.652302499999999341e+00
5.651952500000000157e+00
5.651729999999999698e+00
5.651589999999999669e+00
5.651331250000001027e+00
5.650565000000000282e+00
5.649567499999998965e+00
5.648742500000000000e+00
5.647076249999999575e+00
5.645439999999999792e+00
5.644418750000000706e+00
5.642863750000000955e+00
5.641544999999999810e+00
5.640788750000000462e+00
5.640118750000000070e+00
5.639261250000000558e+00
5.638701250000000442e+00
5.637105000000000921e+00
5.634303749999999056e+00
5.631655000000000300e+00
5.628439999999999444e+00
5.625873750000000229e+00
5.624047500000000532e+00
5.621714999999999129e+00
5.619843749999999361e+00
5.618206250000000068e+00
5.616287499999999433e+00
5.614087499999999231e+00
5.611177500000001039e+00
5.608938750000000084e+00
5.607342499999999674e+00
5.605344999999999800e+00
5.602543750000000600e+00
5.598557500000000076e+00
5.593753749999999414e+00
5.589176250000000401e+00
5.585796249999999574e+00
5.584281250000000085e+00
5.582661250000000130e+00
5.581016250000000234e+00
5.579867500000000646e+00
5.578445000000000320e+00
5.576839999999999797e+00
5.574691249999999876e+00
5.573125000000000107e+00
5.571909999999999918e+00
5.570570000000000022e+00
5.568514999999999660e+00
5.566440000000000055e+00
5.564540000000000042e+00
5.562566249999999712e+00
5.560495000000000410e+00
5.559103750000000232e+00
5.557654999999999568e+00
5.555940000000000545e+00
5.554289999999999949e+00
5.550269999999999371e+00
5.546067500000001260e+00
5.542926250000000721e+00
5.539625000000000021e+00
5.536243749999999686e+00
5.532352500000000006e+00
5.528823749999999926e+00
5.526342500000000157e+00
5.533977499999999772e+00
5.515561249999999305e+00
5.509145000000001069e+00
5.504290000000000127e+00
5.500812500000000327e+00
5.498655000000000292e+00
5.481660000000000643e+00
5.460937500000000000e+00
5.454166249999999216e+00
5.448030000000000150e+00
5.431428749999999361e+00
5.692978749999999089e+00
5.489630000000000010e+00
5.426363750000000152e+00
5.379953749999999424e+00
5.320417499999999578e+00
7.641478750000000097e+00
6.051903750000001025e+00
5.345240000000000435e+00
4.861878749999999805e+00
1.468112500000000153e+01
5.869289999999999452e+00
5.526115000000000776e+00
5.798393750000000679e+00
7.655461250000000106e+00
5.651823750000000146e+00
1.261338750000000175e+01
9.082167499999998839e+00
6.986416250000000439e+00
6.962937500000000668e+00
6.947766249999999921e+00
6.949453749999999985e+00
7.025731250000000649e+00
7.165157500000000290e+00
7.295933750000000551e+00
7.367757500000000626e+00
7.383486249999999806e+00
7.391474999999999795e+00
7.398444999999999716e+00
7.396013749999999831e+00
7.392393750000000097e+00
7.386146250000000357e+00
7.372351250000000356e+00
7.311447499999999877e+00
7.240917500000000118e+00
7.168098749999999519e+00
7.096645000000000536e+00
7.048412499999999525e+00
6.971676249999999797e+00
6.722882500000000761e+00
6.646367499999999318e+00
6.558157499999999196e+00
6.466920000000000002e+00
6.359213750000000331e+00
6.273846250000000069e+00
6.221641249999999346e+00
6.123611250000000616e+00
6.049706250000000729e+00
5.975382499999999375e+00
5.854767499999999458e+00
5.733782500000000226e+00
5.640616249999999887e+00
5.585691249999999997e+00
5.524460000000000370e+00
5.355137499999999662e+00
5.102766250000000170e+00
4.899676250000000621e+00
4.729812500000000419e+00
4.562087499999999629e+00
4.433815000000000062e+00
4.347046250000000001e+00
4.209740000000000038e+00
3.837357500000000421e+00
3.275630000000000486e+00
2.851706249999999887e+00
2.537327499999999958e+00
2.051788750000000050e+00
1.890706250000000033e+00
1.927713749999999893e+00
2.080162500000000136e+00
2.295983749999999990e+00
2.413508749999999647e+00
5.900637499999999980e-01
5.799600000000000311e-01
5.678287499999999932e-01
2.654349999999999765e-01
2.492999999999999938e-01
