1.044609999999999950e+01
1.351631249999999795e+01
1.014618749999999991e+01
9.113833749999999512e+00
8.558939999999999770e+00
8.120615000000000805e+00
7.684438749999999985e+00
7.333817499999999434e+00
7.079663749999999922e+00
6.861427499999999569e+00
6.652387499999999676e+00
6.438648750000000476e+00
6.281210000000000626e+00
6.047828750000000753e+00
5.953531250000001052e+00
5.913885000000000502e+00
5.877796250000000278e+00
5.853271250000000592e+00
5.834931249999999459e+00
5.820871249999999719e+00
5.809558750000000771e+00
5.800398750000001158e+00
5.787522499999999681e+00
5.773596249999999763e+00
5.763284999999999769e+00
5.755328750000000326e+00
5.748732500000000023e+00
5.743297500000000610e+00
5.738705000000000389e+00
5.734829999999999650e+00
5.731336250000000021e+00
5.728287499999998644e+00
5.725542500000000423e+00
5.723057500000000353e+00
5.719910000000000494e+00
5.716211250000000632e+00
5.713045000000000151e+00
5.710318749999999888e+00
5.708262500000000017e+00
5.707078750000000866e+00
5.705563749999999601e+00
5.703552499999999803e+00
5.701723749999999313e+00
5.700111249999999963e+00
5.698536250000000081e+00
5.697497499999999881e+00
5.696828749999999886e+00
5.696166250000000097e+00
5.695506250000000215e+00
5.695070000000000299e+00
5.694857499999999462e+00
5.694650000000001100e+00
5.694440000000000168e+00
5.694229999999999237e+00
5.694021250000001366e+00
5.693811250000000435e+00
5.693601250000000391e+00
5.693393750000000253e+00
5.693183749999999321e+00
5.692979999999999485e+00
5.692768750000000821e+00
5.692558749999999890e+00
5.692351249999999752e+00
5.692141250000000596e+00
5.691772499999999901e+00
5.691253749999999556e+00
5.690728750000000780e+00
5.690205000000000624e+00
5.689537500000000136e+00
5.688731250000000017e+00
5.687918749999999690e+00
5.687101249999999553e+00
5.686288749999999226e+00
5.685286249999998986e+00
5.684079999999999799e+00
5.682867500000000405e+00
5.681786250000000038e+00
5.680816249999999457e+00
5.680004999999999526e+00
5.679097500000000132e+00
5.678071249999999459e+00
5.677187499999999609e+00
5.676363750000000152e+00
5.675593749999999993e+00
5.674794999999999590e+00
5.673953750000000795e+00
5.673145000000000771e+00
5.672390000000000043e+00
5.671681250000000674e+00
5.671224999999999739e+00
5.670942500000000663e+00
5.670420000000000016e+00
5.668862499999999471e+00
5.666926250000000387e+00
5.665453750000000177e+00
5.662556250000000624e+00
5.659871250000000131e+00
5.658291249999999550e+00
5.655969999999999054e+00
5.653999999999999915e+00
5.652907499999999530e+00
5.651983750000000306e+00
5.650795000000000456e+00
5.650028749999999711e+00
5.647851249999999546e+00
5.644171249999999418e+00
5.640796250000000178e+00
5.636837500000000389e+00
5.633728749999999508e+00
5.631526249999999401e+00
5.628785000000000593e+00
5.626603750000001014e+00
5.624691250000000586e+00
5.622493749999999402e+00
5.619991249999999106e+00
5.616701250000000201e+00
5.614198750000000793e+00
5.612418749999999790e+00
5.610207500000001346e+00
5.607134999999999536e+00
5.602773749999998998e+00
5.597574999999999967e+00
5.592657500000000503e+00
5.589047499999999502e+00
5.587437500000000057e+00
5.585723749999999654e+00
5.583978749999999991e+00
5.582766249999999708e+00
5.581263749999999746e+00
5.579575000000000173e+00
5.577316249999999975e+00
5.575676249999999889e+00
5.574405000000000499e+00
5.573008749999999623e+00
5.570868749999999814e+00
5.568717499999999099e+00
5.566752500000000659e+00
5.564736250000000162e+00
5.562643750000000331e+00
5.561293750000000813e+00
5.560212499999999558e+00
5.642724999999999547e+00
5.609803750000000200e+00
5.552242500000000192e+00
5.547817499999999846e+00
5.544667500000000082e+00
5.541456249999999528e+00
5.571695000000000952e+00
5.535280000000000200e+00
5.533163749999999048e+00
5.535141249999999680e+00
8.457936250000001266e+00
5.521250000000000213e+00
5.510702499999999837e+00
5.505367500000000192e+00
5.501725000000000421e+00
5.499503750000000579e+00
5.568961249999999197e+00
5.462113749999999435e+00
5.455021249999999711e+00
5.448921249999999716e+00
5.433030000000000470e+00
9.300726250000000306e+00
5.491692499999999200e+00
5.429852499999999083e+00
5.761989999999999057e+00
5.320805000000000007e+00
8.621598750000000422e+00
7.447602500000001235e+00
5.745884999999999465e+00
4.863316249999999563e+00
1.558803750000000043e+01
6.203050000000000175e+00
5.577948750000000011e+00
6.270887499999999726e+00
8.099346249999999969e+00
6.031861250000000396e+00
1.393862500000000004e+01
9.470151250000000687e+00
7.310162500000000563e+00
7.262648750000000319e+00
7.214077500000000143e+00
7.176232500000001124e+00
7.215514999999999901e+00
7.327960000000000029e+00
7.434395000000000309e+00
7.490563750000000631e+00
7.501498750000001436e+00
7.503617499999999829e+00
7.502497500000000485e+00
7.496141250000000866e+00
7.490299999999999514e+00
7.482066250000000807e+00
7.465598750000000727e+00
7.400076249999999689e+00
7.326706249999999976e+00
7.248375000000000234e+00
7.165717500000000406e+00
7.104160000000000252e+00
7.056721249999999834e+00
7.026263750000000030e+00
7.013356250000000180e+00
6.997654999999999959e+00
6.978749999999999787e+00
6.952462500000001100e+00
6.927517500000000439e+00
6.909406249999999972e+00
6.869242500000001250e+00
6.835286250000000230e+00
6.799216250000000628e+00
6.731662499999998772e+00
6.672881249999999653e+00
6.639691249999999378e+00
6.616171249999999837e+00
6.587843750000001108e+00
6.513667499999998611e+00
6.420679999999999943e+00
6.334589999999999499e+00
6.254218750000000604e+00
6.183417500000000011e+00
6.124677500000000663e+00
6.079028749999999981e+00
6.003228750000000780e+00
5.798253750000000650e+00
5.367989999999999817e+00
5.023642499999999345e+00
4.757158749999999436e+00
4.334100000000000286e+00
4.154303750000000406e+00
4.145730000000000359e+00
4.231502500000000389e+00
4.395711250000000625e+00
4.481669999999999376e+00
1.102440000000000087e+00
1.091511249999999933e+00
1.078018750000000026e+00
5.189025000000000443e-01
5.001437499999999980e-01
