6.824125000000000330e-02
8.125682500000000474e-02
5.550853750000000336e-02
4.675981249999999756e-02
4.174693749999999759e-02
3.755504999999999260e-02
3.309749999999999498e-02
2.925053749999999980e-02
2.624087500000000031e-02
2.345967499999999928e-02
2.059724999999999751e-02
1.736959999999999893e-02
1.476832499999999881e-02
1.032899999999999964e-02
8.320058749999999573e-03
7.397301250000000092e-03
6.521123749999999802e-03
5.901980000000000247e-03
5.425397499999999075e-03
5.051517500000000764e-03
4.745068750000000328e-03
4.492741250000000484e-03
4.132101249999999872e-03
3.734430000000000388e-03
3.434516249999999740e-03
3.199701249999999976e-03
3.003383749999999699e-03
2.841772499999999958e-03
2.705450000000000303e-03
2.583880000000000204e-03
2.476657499999999901e-03
2.383283749999999968e-03
2.299062499999999457e-03
2.222902499999999861e-03
2.126481250000000246e-03
2.013088749999999722e-03
1.916328750000000167e-03
1.833313750000000082e-03
1.770627499999999832e-03
1.734807499999999839e-03
1.689397499999999988e-03
1.628978750000000366e-03
1.574399999999999888e-03
1.526750000000000112e-03
1.480301250000000141e-03
1.450096250000000196e-03
1.430781250000000195e-03
1.411642500000000015e-03
1.392497500000000089e-03
1.379967499999999909e-03
1.374094999999999874e-03
1.368325000000000097e-03
1.362473749999999935e-03
1.356622499999999773e-03
1.350811250000000241e-03
1.344966250000000259e-03
1.339115000000000097e-03
1.333323750000000012e-03
1.327476250000000045e-03
1.321677499999999788e-03
1.315844999999999949e-03
1.310016250000000087e-03
1.304169999999999895e-03
1.298353749999999959e-03
1.288117500000000035e-03
1.273573749999999888e-03
1.259020000000000018e-03
1.244412500000000033e-03
1.226340000000000026e-03
1.205043749999999865e-03
1.183593749999999967e-03
1.161906250000000178e-03
1.140413750000000099e-03
1.114732499999999960e-03
1.084468749999999929e-03
1.054115000000000000e-03
1.028017499999999947e-03
1.005042499999999998e-03
9.859233750000001139e-04
9.666571250000000406e-04
9.464591250000001232e-04
9.289858749999999835e-04
9.127325000000000368e-04
8.962218750000000783e-04
8.779105000000000372e-04
8.586148750000000300e-04
8.400967499999999590e-04
8.251244999999999500e-04
8.124372500000000318e-04
8.042952499999999868e-04
7.991918750000000671e-04
7.897952499999999054e-04
7.618513749999998239e-04
7.288952499999999972e-04
7.062894999999999807e-04
6.635513749999999824e-04
6.271917499999999637e-04
6.080172499999999527e-04
5.818636250000000596e-04
5.596631249999998916e-04
5.483579999999999835e-04
5.397443749999998987e-04
5.286536250000001269e-04
5.214680000000000834e-04
5.021315000000000153e-04
4.726959999999999886e-04
4.485617500000000290e-04
4.239063749999999551e-04
4.059983750000000446e-04
3.935491250000000248e-04
3.800354999999999836e-04
3.697948750000000311e-04
3.608189999999999618e-04
3.514983750000000209e-04
3.415331250000000268e-04
3.288373750000000290e-04
3.200571250000000447e-04
3.138970000000000475e-04
3.069587500000000094e-04
2.987177499999999777e-04
2.868526249999999258e-04
2.717368750000000426e-04
2.591618749999999674e-04
2.515376249999999700e-04
2.480567500000000099e-04
2.441317499999999551e-04
2.401393750000000186e-04
2.373613749999999717e-04
2.340374999999999899e-04
2.309608750000000251e-04
2.269378749999999994e-04
2.240066250000000061e-04
2.216287500000000115e-04
2.189531249999999909e-04
2.148522500000000265e-04
2.110591250000000288e-04
2.079682500000000023e-04
2.047021250000000082e-04
2.012263749999999797e-04
1.988426250000000146e-04
1.963639999999999787e-04
1.939344999999999979e-04
1.916761250000000147e-04
1.859302499999999805e-04
1.796550000000000273e-04
1.750639999999999759e-04
1.709814999999999892e-04
1.667321249999999906e-04
1.616472499999999828e-04
1.575416249999999707e-04
1.547630000000000088e-04
1.501336250000000173e-04
1.430157500000000105e-04
1.367855000000000069e-04
1.324937500000000052e-04
1.292662499999999823e-04
1.272122499999999779e-04
1.141189999999999962e-04
1.019411249999999938e-04
9.920541249999998790e-05
9.739710000000000977e-05
9.439446249999999968e-05
8.744702499999998629e-05
8.245787500000001391e-05
7.067308750000000862e-05
5.873958750000000506e-05
5.591851250000000090e-05
5.175496250000000245e-05
4.634222500000000674e-05
4.230727499999999890e-05
3.993062500000000192e-05
3.871272500000000127e-05
3.664900000000000774e-05
3.560057500000000431e-05
3.492626249999999873e-05
3.383538749999999369e-05
3.317745000000000199e-05
3.315888750000000110e-05
3.536397500000000051e-05
4.853136250000000167e-05
8.223283749999999565e-05
3.746075000000000099e-02
6.531628750000000733e-03
6.887197500000000888e-03
1.233432500000000015e-02
1.547855000000000324e-03
4.246873749999999573e-03
2.604807500000000048e-05
7.665288749999999741e-03
3.026409999999999777e-04
2.129112499999999853e-05
8.047657499999999681e-04
6.425919999999999625e-05
3.072345000000000197e-03
3.243708750000000134e-03
8.356121249999999426e-04
1.737760000000000086e-03
1.455648749999999747e-03
1.991243750000000218e-03
2.079257500000000324e-03
2.074703749999999829e-03
2.086175000000000009e-03
2.102698749999999672e-03
2.130519999999999897e-03
2.180778750000000009e-03
2.232723750000000298e-03
2.267734999999999890e-03
2.354779999999999894e-03
2.428065000000000084e-03
2.508001250000000022e-03
2.663823750000000098e-03
2.796872500000000331e-03
2.866747499999999955e-03
2.915602500000000381e-03
2.975372500000000170e-03
3.125269999999999871e-03
3.374237500000000153e-03
3.661256250000000188e-03
3.904633750000000274e-03
4.105466250000001059e-03
4.285126250000000081e-03
4.434066250000000264e-03
4.707191250000000195e-03
5.624866249999999068e-03
4.740934999999999941e-03
4.468507500000000639e-03
4.574776249999999884e-03
3.047897500000000103e-03
1.591491249999999868e-03
7.570114999999998789e-04
2.732038749999999932e-04
1.617035000000000282e-04
4.653031250000000158e-04
2.588137500000000290e-04
2.803562500000000282e-04
2.836000000000000088e-04
1.425187499999999914e-04
1.362562499999999950e-04
