1.239371249999999947e+01
1.600666250000000090e+01
1.200413750000000057e+01
1.078434999999999988e+01
1.013295000000000101e+01
9.622573749999999038e+00
9.121146249999998901e+00
8.725139999999999674e+00
8.444969999999999644e+00
8.211291249999998598e+00
7.994972500000001148e+00
7.785817499999999391e+00
7.640941249999999130e+00
7.450317499999999704e+00
7.382234999999999658e+00
7.356877500000000403e+00
7.335302500000000059e+00
7.321653749999999405e+00
7.312033749999999444e+00
7.305031250000000753e+00
7.299631249999999127e+00
7.295452500000000562e+00
7.289844999999999686e+00
7.284151250000000744e+00
7.280203750000000973e+00
7.277334999999999887e+00
7.275071249999999878e+00
7.273307500000000481e+00
7.271892499999999870e+00
7.270678750000000079e+00
7.269652499999999407e+00
7.268794999999999895e+00
7.268041249999999565e+00
7.267381250000000570e+00
7.266575000000000450e+00
7.265668749999999676e+00
7.264924999999999855e+00
7.264319999999998778e+00
7.263860000000000205e+00
7.263609999999999900e+00
7.263306249999999409e+00
7.262897500000000228e+00
7.262542500000000345e+00
7.262248750000000364e+00
7.261960000000001081e+00
7.261780000000000790e+00
7.261666250000000211e+00
7.261549999999999727e+00
7.261440000000000339e+00
7.261370000000000324e+00
7.261330000000000062e+00
7.261299999999999422e+00
7.261269999999997893e+00
7.261239999999999917e+00
7.261208749999999768e+00
7.261169999999999902e+00
7.261139999999999262e+00
7.261110000000001286e+00
7.261079999999999757e+00
7.261040000000000383e+00
7.261009999999999742e+00
7.260980000000001766e+00
7.260950000000000237e+00
7.260916249999999295e+00
7.260860000000000092e+00
7.260779999999998680e+00
7.260699999999999932e+00
7.260620000000001184e+00
7.260519999999999641e+00
7.260410000000000252e+00
7.260299999999999976e+00
7.260190000000000587e+00
7.260080000000001199e+00
7.259950000000001680e+00
7.259803749999999667e+00
7.259658749999999827e+00
7.259531249999999325e+00
7.259430000000000938e+00
7.259340000000000792e+00
7.259250000000000647e+00
7.259162500000000406e+00
7.259089999999999598e+00
7.259019999999999584e+00
7.258942500000000742e+00
7.258866249999999631e+00
7.258780000000000676e+00
7.258699999999999264e+00
7.258639999999999759e+00
7.258580000000001142e+00
7.258549999999999613e+00
7.258530000000000371e+00
7.258490000000000997e+00
7.258372500000000116e+00
7.258239999999999803e+00
7.258149999999999658e+00
7.257972500000000160e+00
7.257829999999999337e+00
7.257750000000000590e+00
7.257640000000001201e+00
7.257550000000001056e+00
7.257500000000000284e+00
7.257460000000000910e+00
7.257410000000000139e+00
7.257379999999999498e+00
7.257299999999999862e+00
7.257159999999999833e+00
7.257040000000001712e+00
7.256909999999999528e+00
7.256810000000000649e+00
7.256729999999999237e+00
7.256644999999998902e+00
7.256579999999999586e+00
7.256517500000000176e+00
7.256448750000000558e+00
7.256370000000002207e+00
7.256259999999999266e+00
7.256179999999999630e+00
7.256129999999999747e+00
7.256058749999999336e+00
7.255960000000000854e+00
7.255811249999998935e+00
7.255629999999998248e+00
7.255457499999999449e+00
7.255327499999999930e+00
7.255268750000000821e+00
7.255200000000001204e+00
7.255130000000000301e+00
7.255080000000000418e+00
7.255020000000000913e+00
7.254950000000000010e+00
7.254859999999999864e+00
7.254793750000000152e+00
7.254739999999999078e+00
7.254679999999999573e+00
7.254583749999999220e+00
7.254489999999998773e+00
7.254400000000002180e+00
7.254299999999999748e+00
7.254199999999999093e+00
7.254130000000001743e+00
7.254050000000000331e+00
7.253960000000000186e+00
7.253876250000000248e+00
7.253651249999999884e+00
7.253410000000000579e+00
7.253219999999999779e+00
7.253013750000000925e+00
7.252792499999999087e+00
7.252528750000000635e+00
7.252276250000000424e+00
7.252090000000000813e+00
7.251777500000000209e+00
7.251222499999999904e+00
7.250651249999999770e+00
7.250191250000000309e+00
7.249845000000000539e+00
7.249623749999999589e+00
7.247686250000000108e+00
7.245373749999999724e+00
7.244703750000000220e+00
7.244159999999999933e+00
7.243167500000000203e+00
7.240853749999999422e+00
7.238799999999999457e+00
7.231230000000000047e+00
7.219073749999998846e+00
7.214682500000000331e+00
7.206117500000000398e+00
7.190581250000000146e+00
7.172475000000000378e+00
7.158320000000000682e+00
7.148098749999999946e+00
7.125091250000000542e+00
7.106351250000000341e+00
7.092242499999999339e+00
7.065167499999999379e+00
7.018223749999998873e+00
6.977612500000000217e+00
6.870611250000000503e+00
6.592402499999999499e+00
6.219261250000000629e+00
6.479307499999999997e+00
2.383863750000000081e+01
1.128166249999999948e+01
1.205417500000000075e+01
7.608064999999999856e+00
7.342422500000000518e+00
7.302677499999999711e+00
8.944326249999999590e+00
6.984349999999999170e+00
6.724973750000000194e+00
6.455202500000000398e+00
5.906565000000000509e+00
1.112008750000000035e+01
1.236508749999999957e+01
8.479552499999998716e+00
1.028397499999999987e+01
1.004315874999999991e+01
1.341577500000000001e+01
8.945087499999999636e+00
8.772306249999999750e+00
8.690318749999999426e+00
8.589645000000000863e+00
8.465464999999998241e+00
8.295863750000000536e+00
8.142450000000000188e+00
8.039059999999999206e+00
7.837810000000000166e+00
7.682179999999999787e+00
7.529755000000000642e+00
7.268693749999999731e+00
7.072206249999998917e+00
6.975692500000000074e+00
6.910709999999999908e+00
6.840512499999999108e+00
6.668344999999999523e+00
6.413674999999999571e+00
6.162741249999999837e+00
5.980175000000000018e+00
5.846903749999999178e+00
5.739818750000000414e+00
5.656390000000000029e+00
5.520665000000000155e+00
5.174937499999999524e+00
4.685575000000000045e+00
4.398858749999999596e+00
4.212521249999999995e+00
3.864582500000000032e+00
3.690048749999999878e+00
3.765037500000000037e+00
4.055550000000000210e+00
4.264221250000000296e+00
4.186129999999999463e+00
9.502749999999999808e-01
9.222287499999999305e-01
8.781525000000000025e-01
3.920724999999999905e-01
3.625924999999999843e-01
