1.232546250000000043e+01
1.592541250000000019e+01
1.194863750000000024e+01
1.073761249999999912e+01
1.009118750000000198e+01
9.585017500000001078e+00
9.088051249999999470e+00
8.695890000000000342e+00
8.418727499999999253e+00
8.187832499999998959e+00
7.974372500000000308e+00
7.768447499999999728e+00
7.626173749999999529e+00
7.439991250000000278e+00
7.373913750000000711e+00
7.349480000000000679e+00
7.328783749999999486e+00
7.315748750000000022e+00
7.306609999999999161e+00
7.299978749999999295e+00
7.294888750000000144e+00
7.290958749999999711e+00
7.285714999999999719e+00
7.280414999999999637e+00
7.276771249999999469e+00
7.274135000000000240e+00
7.272067500000000351e+00
7.270466250000001018e+00
7.269190000000000929e+00
7.268094999999999750e+00
7.267179999999997975e+00
7.266409999999999592e+00
7.265743749999999501e+00
7.265160000000000728e+00
7.264447500000000169e+00
7.263652499999999179e+00
7.263010000000000410e+00
7.262486250000000254e+00
7.262089999999999712e+00
7.261873749999999461e+00
7.261616249999999440e+00
7.261269999999997893e+00
7.260970000000000368e+00
7.260720000000000063e+00
7.260480000000000267e+00
7.260329999999997952e+00
7.260233750000000263e+00
7.260139999999999816e+00
7.260049999999999670e+00
7.259990000000001054e+00
7.259960000000000413e+00
7.259929999999998884e+00
7.259909999999998753e+00
7.259880000000000777e+00
7.259851250000000533e+00
7.259830000000000005e+00
7.259799999999999365e+00
7.259778750000000613e+00
7.259749999999998593e+00
7.259720000000000617e+00
7.259700000000000486e+00
7.259669999999999845e+00
7.259639999999999205e+00
7.259619999999999074e+00
7.259569999999998302e+00
7.259503750000001254e+00
7.259439999999998783e+00
7.259369999999998768e+00
7.259290000000000020e+00
7.259207500000001367e+00
7.259120000000001127e+00
7.259030000000000982e+00
7.258940000000000836e+00
7.258837499999999388e+00
7.258719999999998507e+00
7.258601250000000782e+00
7.258510000000000240e+00
7.258420000000000094e+00
7.258350000000000080e+00
7.258288750000001066e+00
7.258220000000000560e+00
7.258160000000001943e+00
7.258102499999999679e+00
7.258049999999999002e+00
7.257990000000000386e+00
7.257919999999999483e+00
7.257859999999999978e+00
7.257810000000000095e+00
7.257769999999999833e+00
7.257750000000000590e+00
7.257730000000000459e+00
7.257699999999999818e+00
7.257609999999999673e+00
7.257509999999998129e+00
7.257440000000000779e+00
7.257310000000002148e+00
7.257199999999999207e+00
7.257139999999999702e+00
7.257060000000000954e+00
7.256990000000000940e+00
7.256950000000001566e+00
7.256920000000000037e+00
7.256889999999999397e+00
7.256860000000001421e+00
7.256793749999999932e+00
7.256689999999999863e+00
7.256590000000000984e+00
7.256479999999998043e+00
7.256400000000000183e+00
7.256340000000000678e+00
7.256264999999999077e+00
7.256210000000001159e+00
7.256151249999998498e+00
7.256090000000000373e+00
7.256027500000000963e+00
7.255931250000000610e+00
7.255859999999999310e+00
7.255809999999998539e+00
7.255749999999999922e+00
7.255659999999999776e+00
7.255530000000000257e+00
7.255359999999997811e+00
7.255200000000001204e+00
7.255071250000000305e+00
7.255020000000000913e+00
7.254952499999999915e+00
7.254890000000001393e+00
7.254844999999999544e+00
7.254789999999999850e+00
7.254719999999999835e+00
7.254635000000000389e+00
7.254570000000000185e+00
7.254520000000000302e+00
7.254460000000000797e+00
7.254370000000000651e+00
7.254280000000000506e+00
7.254190000000000360e+00
7.254097500000000309e+00
7.253999999999998671e+00
7.253929999999998657e+00
7.253858750000000910e+00
7.253770000000001161e+00
7.253682500000000921e+00
7.253470000000000084e+00
7.253230000000001176e+00
7.253045000000001075e+00
7.252842499999999859e+00
7.252627500000000893e+00
7.252366250000000569e+00
7.252118749999999281e+00
7.251938749999999878e+00
7.251627500000000559e+00
7.251078750000000461e+00
7.250515000000000043e+00
7.250059999999999505e+00
7.249717499999999148e+00
7.249498749999998992e+00
7.247573749999999038e+00
7.245271249999999164e+00
7.244603749999999565e+00
7.244059999999999278e+00
7.243072500000001135e+00
7.240766249999999182e+00
7.238718750000000313e+00
7.231159999999999144e+00
7.219013750000000229e+00
7.214628750000000146e+00
7.206064999999999721e+00
7.190533749999999280e+00
7.172431249999999814e+00
7.158279999999999532e+00
7.148060000000000080e+00
7.125055000000000582e+00
7.106315000000000381e+00
7.092210000000000569e+00
7.065135000000000609e+00
7.018191250000000103e+00
6.977579999999999671e+00
6.870578749999999957e+00
6.592355000000000409e+00
6.219179999999999708e+00
6.441846249999999330e+00
2.383212499999999423e+01
1.127478749999999863e+01
1.204187499999999922e+01
7.606516249999999424e+00
7.338171249999999368e+00
7.302652500000000657e+00
8.936661250000000223e+00
6.984046250000001343e+00
6.724953750000000952e+00
6.454397500000001564e+00
5.906498749999999909e+00
1.111702499999999816e+01
1.236186250000000086e+01
8.478716249999999732e+00
1.028223750000000081e+01
1.004170749999999934e+01
1.341376249999999892e+01
8.943008749999998841e+00
8.770229999999999748e+00
8.688236250000000993e+00
8.587540000000000617e+00
8.463332499999999925e+00
8.293683749999999577e+00
8.140217500000000328e+00
8.036791250000000275e+00
7.835452499999999709e+00
7.679752500000000204e+00
7.527246250000001027e+00
7.266029999999998878e+00
7.069409999999999528e+00
6.972825000000000273e+00
6.907793749999999733e+00
6.837534999999999030e+00
6.665222500000000494e+00
6.410301250000000728e+00
6.159078749999999047e+00
5.976270000000000415e+00
5.842794999999999739e+00
5.735533750000000097e+00
5.651953750000000554e+00
5.515957499999999847e+00
5.169312500000000199e+00
4.162659999999999805e+00
3.584558749999999794e+00
3.314416249999999842e+00
2.565774999999999473e+00
2.052235000000000031e+00
2.025370000000000115e+00
2.293304999999999705e+00
2.534582499999999960e+00
2.487256250000000168e+00
5.283312499999999190e-01
5.087937499999999336e-01
4.680162500000000225e-01
1.922212500000000102e-01
1.647800000000000098e-01
