1.728594999999999970e+01
2.058308749999999776e+01
1.406098750000000130e+01
1.184494999999999898e+01
1.057518750000000018e+01
9.513411249999998986e+00
8.384346250000000111e+00
7.409946249999999957e+00
6.647626249999999182e+00
5.943191249999999926e+00
5.218193750000001074e+00
4.400796249999999965e+00
3.742115000000000080e+00
2.618143749999999770e+00
2.109652499999999709e+00
1.876062499999999966e+00
1.654551250000000140e+00
1.498040000000000260e+00
1.377495000000000136e+00
1.282978750000000057e+00
1.205635000000000234e+00
1.142003749999999762e+00
1.050981249999999978e+00
9.506688749999998578e-01
8.751052499999998346e-01
8.160735000000000072e-01
7.666564999999999630e-01
7.260894999999999433e-01
6.919208749999999908e-01
6.614562500000000789e-01
6.346026249999998647e-01
6.112520000000000175e-01
5.902044999999999098e-01
5.711829999999999963e-01
5.471517500000000478e-01
5.189606250000000642e-01
4.949560000000000071e-01
4.744105000000000127e-01
4.588959999999999706e-01
4.500548749999999654e-01
4.388892500000000085e-01
4.240328750000000868e-01
4.106603750000000219e-01
3.990418749999999903e-01
3.877238749999999956e-01
3.804001250000000334e-01
3.757228749999999562e-01
3.710892499999999816e-01
3.664537500000000225e-01
3.634271250000000730e-01
3.620203750000000609e-01
3.606382500000000491e-01
3.592359999999999998e-01
3.578339999999999854e-01
3.564414999999999667e-01
3.550409999999999955e-01
3.536398750000000479e-01
3.522517499999999746e-01
3.508506249999999715e-01
3.494614999999999805e-01
3.480643750000000369e-01
3.466676249999999793e-01
3.452671250000000081e-01
3.438732500000000192e-01
3.414207499999999951e-01
3.379366249999999905e-01
3.344487500000000169e-01
3.309495000000000076e-01
3.266651250000000006e-01
3.216536249999999986e-01
3.166050000000000253e-01
3.115014999999999867e-01
3.064433750000000733e-01
3.004733749999999870e-01
2.935010000000000119e-01
2.865118750000000825e-01
2.805838749999999826e-01
2.754072499999999923e-01
2.710992499999999583e-01
2.668903750000000130e-01
2.625756249999999792e-01
2.588428750000000278e-01
2.553706249999999622e-01
2.518433749999999804e-01
2.479316249999999611e-01
2.438096250000000020e-01
2.398588749999999992e-01
2.368583750000000099e-01
2.344423749999999806e-01
2.328916249999999910e-01
2.319201250000000047e-01
2.301306250000000053e-01
2.248087500000000294e-01
2.188483749999999839e-01
2.152341249999999984e-01
2.088464999999999905e-01
2.043107500000000132e-01
2.027487500000000054e-01
2.014760000000000162e-01
2.003954999999999764e-01
2.004911249999999645e-01
2.012288749999999737e-01
2.021789999999999976e-01
2.027944999999999887e-01
2.055898749999999775e-01
2.141234999999999944e-01
2.269595000000000362e-01
2.509865000000000013e-01
2.783286249999999962e-01
3.032293750000000232e-01
3.470457500000000417e-01
3.954021249999999932e-01
4.512066250000000278e-01
5.438928749999999424e-01
7.050418750000000401e-01
1.108880000000000088e+00
1.732304999999999762e+00
2.743533750000000104e+00
6.156215000000000437e+00
6.579527499999999236e+02
7.822073749999999848e+01
1.328247499999999803e+00
4.529297500000000198e-01
2.596621249999999659e-01
2.120007499999999878e-01
1.738095000000000057e-01
1.438017500000000060e-01
1.283027500000000209e-01
1.119399999999999978e-01
9.677393749999999017e-02
8.088199999999999557e-02
7.225357499999998656e-02
6.578738749999998858e-02
5.986799999999999067e-02
5.240314999999999557e-02
4.631319999999999881e-02
4.155971249999999839e-02
3.742115000000000025e-02
3.376981250000000295e-02
3.168603749999999997e-02
2.969079999999999983e-02
2.771877499999999758e-02
2.589064999999999769e-02
2.242496249999999941e-02
1.949332499999999885e-02
1.788388749999999736e-02
1.650273749999999970e-02
1.525911250000000149e-02
1.419146249999999818e-02
1.356222500000000067e-02
1.322630000000000160e-02
1.360687500000000091e-02
5.519331250000000105e-02
5.035551250000000145e+00
1.408786249999999934e-02
1.074926250000000048e-02
1.002552500000000041e-02
9.895093749999998509e-03
1.368207500000000014e-02
1.778894999999999782e-02
2.331978750000000128e-02
1.969726249999999845e-01
1.843264999999999887e+01
3.923417499999999614e-02
8.875614999999999810e+00
2.425107499999999749e+00
3.229015000000000080e-01
5.035690000000000666e+00
1.049692125000000198e+00
3.552010000000000112e+00
2.810077499999999798e-02
1.601639999999999953e+00
1.471755000000000146e+00
1.122954124999999914e+00
2.061615000000000197e+00
1.307126249999999823e+00
6.216131249999999886e-01
6.106487499999999624e-01
5.683712499999999945e-01
3.154732500000000384e-01
2.136891249999999798e-01
5.204284999999999606e-01
4.850648750000000620e-01
4.030170000000000141e-01
3.426878749999999751e-01
2.920421250000000413e-01
2.569913749999999664e-01
2.472588750000000168e-01
2.375938750000000099e-01
2.221415000000000195e-01
2.134915000000000007e-01
2.083133749999999951e-01
1.897260000000000058e-01
1.576698750000000149e-01
1.276358750000000097e-01
1.085893750000000019e-01
9.071326250000001645e-02
8.023531250000000281e-02
7.483522500000000521e-02
7.522926249999999093e-02
7.607922500000001420e-02
7.639169999999999294e-02
7.677225000000000021e-02
7.723193750000000024e-02
7.772266249999999765e-02
7.808932500000000110e-02
7.833637499999998588e-02
7.955463749999999723e-02
8.072963750000000660e-02
8.228293750000000017e-02
8.587232499999998547e-02
8.921375000000000832e-02
9.102287500000000309e-02
9.226484999999998160e-02
9.385981249999998666e-02
9.824655000000001581e-02
9.860763749999999772e-02
9.422181250000000174e-02
9.047197499999998227e-02
8.711518749999999645e-02
8.423832499999998891e-02
8.190878749999999653e-02
7.783790000000000153e-02
7.030276250000000449e-02
5.760096249999999835e-02
4.541523749999999693e-02
3.451808749999999565e-02
1.724470000000000169e-02
8.385532499999999098e-03
5.108656249999999482e-03
2.554181249999999855e-03
1.725536250000000039e-03
1.597618750000000124e-03
3.191325000000000281e-04
2.900774999999999751e-04
2.595200000000000089e-04
8.621437500000000411e-05
5.385312500000000288e-05
