2.455166249999999906e+01
3.049207499999999982e+01
2.187142499999999856e+01
1.905596249999999969e+01
1.747668749999999704e+01
1.617848749999999924e+01
1.482281249999999773e+01
1.367313750000000105e+01
1.278883750000000141e+01
1.198371250000000110e+01
1.116608749999999795e+01
1.025953750000000042e+01
9.539270000000001914e+00
8.334572500000000161e+00
7.797311249999999916e+00
7.552992500000000220e+00
7.322316250000000970e+00
7.159953750000000561e+00
7.035236249999999636e+00
6.937636249999999727e+00
6.857872499999999150e+00
6.792324999999999946e+00
6.698652500000000565e+00
6.595507500000000078e+00
6.517823750000000693e+00
6.457106249999999825e+00
6.406250000000000000e+00
6.364443750000000399e+00
6.329176249999999726e+00
6.297690000000000232e+00
6.269890000000000185e+00
6.245658749999999593e+00
6.223776249999999344e+00
6.203948750000000345e+00
6.178800000000000736e+00
6.149161249999999690e+00
6.123773750000000682e+00
6.101888750000000528e+00
6.085363749999999960e+00
6.075874999999999915e+00
6.063766249999999580e+00
6.047656250000000178e+00
6.033033750000001305e+00
6.020189999999999486e+00
6.007652499999999840e+00
5.999412500000000037e+00
5.994131250000000577e+00
5.988895000000000302e+00
5.983660000000000423e+00
5.980211249999999978e+00
5.978567499999999590e+00
5.976950000000000429e+00
5.975311250000000740e+00
5.973670000000001146e+00
5.972038750000000285e+00
5.970402499999999613e+00
5.968759999999999621e+00
5.967135000000000744e+00
5.965497500000000564e+00
5.963871249999999513e+00
5.962237499999999635e+00
5.960602500000000248e+00
5.958964999999999179e+00
5.957333749999999206e+00
5.954462499999999991e+00
5.950386250000000210e+00
5.946307499999999635e+00
5.942212500000000119e+00
5.937041250000000048e+00
5.930856249999999719e+00
5.924632499999999524e+00
5.918337500000000695e+00
5.912100000000000577e+00
5.904492499999999922e+00
5.895392500000000702e+00
5.886258750000000539e+00
5.878196250000000234e+00
5.870999999999999552e+00
5.865008749999999438e+00
5.858674999999999855e+00
5.851822500000000815e+00
5.845895000000000508e+00
5.840377500000000666e+00
5.834776249999999997e+00
5.828561250000000804e+00
5.822011250000000082e+00
5.815720000000000667e+00
5.810220000000000162e+00
5.805296249999999603e+00
5.802133750000000312e+00
5.800152499999999378e+00
5.796504999999999797e+00
5.785658750000000516e+00
5.772279999999999411e+00
5.762218750000000611e+00
5.742489999999999206e+00
5.724262499999999143e+00
5.713509999999999422e+00
5.697687499999999794e+00
5.684252500000000374e+00
5.676729999999999166e+00
5.670295000000000307e+00
5.662006250000000129e+00
5.656636250000000032e+00
5.641317500000000429e+00
5.614826250000000130e+00
5.589923749999998748e+00
5.559693750000000101e+00
5.536310000000000286e+00
5.520506250000000392e+00
5.501802500000000151e+00
5.490213749999998782e+00
5.484575000000000422e+00
5.487773750000000561e+00
5.516519999999999868e+00
5.662298750000000602e+00
5.977286250000000578e+00
6.626915000000000333e+00
9.244567500000000493e+00
7.029198750000000473e+02
9.558507500000000334e+01
8.571778750000000002e+00
7.019436250000000044e+00
6.589651250000001070e+00
6.467993749999999764e+00
6.362157500000000354e+00
6.273223749999999654e+00
6.223330000000000695e+00
6.167969999999999509e+00
6.112613749999999513e+00
6.049644999999999939e+00
6.011830000000000673e+00
5.982639999999999958e+00
5.953836249999999275e+00
5.914542499999999592e+00
5.879134999999999778e+00
5.849113750000000778e+00
5.820552499999999796e+00
5.793015000000000470e+00
5.775818750000000890e+00
5.758383750000000134e+00
5.739247500000000279e+00
5.720939999999999692e+00
5.680048750000000091e+00
5.639725000000000321e+00
5.611828749999999921e+00
5.583546249999999489e+00
5.554469999999999352e+00
5.521733750000000107e+00
5.491897499999999432e+00
5.470437500000000952e+00
5.434186250000001550e+00
5.372002500000000680e+00
1.050167499999999876e+01
5.343121249999999378e+00
5.297064999999999912e+00
5.273039999999999949e+00
5.073386249999999542e+00
4.794923749999999707e+00
4.674286249999999754e+00
4.554142500000000204e+00
4.031308749999999996e+00
3.241871249999999804e+01
4.603864999999999874e+00
3.358763749999999959e+01
7.838909999999998490e+00
9.672098749999999967e-01
6.228252499999999969e+01
1.218167500000000025e+01
3.247840000000000060e+01
9.138911249999999598e+00
1.471657500000000063e+01
1.544374999999999964e+01
8.618532499999998819e+00
1.934886249999999919e+01
2.545089999999999719e+01
1.387840000000000273e+01
2.767226250000000221e+01
1.775834999999999653e+01
1.297193749999999923e+01
1.467068750000000144e+01
1.350523749999999801e+01
1.224178750000000093e+01
1.134726250000000114e+01
1.068491250000000115e+01
1.009983749999999958e+01
9.662573749999999961e+00
9.528757499999999325e+00
9.386352499999999210e+00
9.133729999999999905e+00
8.974232499999999391e+00
8.894556249999999054e+00
8.815138749999999135e+00
8.691497500000000542e+00
8.380137500000000017e+00
8.142918749999999761e+00
7.888503749999999926e+00
7.580007499999999787e+00
7.380660000000000664e+00
7.320450000000000124e+00
7.305128749999999727e+00
7.302341250000000450e+00
7.298942499999999889e+00
7.294837499999999864e+00
7.290376249999999558e+00
7.286986249999999998e+00
7.284701249999998574e+00
7.282412499999999511e+00
7.281323749999999428e+00
7.280223750000000216e+00
7.278256250000000094e+00
7.276695000000000135e+00
7.275901249999999543e+00
7.275358750000000541e+00
7.274729999999999919e+00
7.272969999999999935e+00
7.252033749999999834e+00
7.216193749999999518e+00
7.183347499999999108e+00
7.150585000000000413e+00
7.122505000000000308e+00
7.099769999999999470e+00
7.060032499999999267e+00
6.925728750000000211e+00
6.655224999999999724e+00
6.427179999999999893e+00
6.258109999999999395e+00
5.828821249999999843e+00
5.347315000000000929e+00
5.068307499999999521e+00
4.850833750000000499e+00
4.844821250000000745e+00
5.001026249999999784e+00
1.291258749999999900e+00
1.296611249999999993e+00
1.303021250000000020e+00
6.519399999999999640e-01
6.489749999999999686e-01
