7.265724999999999767e+00
9.908987500000000281e+00
7.810456250000000544e+00
7.211035000000000750e+00
6.901478749999999884e+00
6.665077500000000654e+00
6.438462499999999977e+00
6.263201249999999831e+00
6.141224999999999490e+00
6.040531249999999019e+00
5.947888750000000613e+00
5.858737500000000153e+00
5.797155000000000058e+00
5.716427499999999995e+00
5.687661249999999669e+00
5.676930000000000476e+00
5.667762500000000259e+00
5.661911250000000173e+00
5.657741249999999944e+00
5.654657499999999892e+00
5.652238750000000422e+00
5.650323750000000089e+00
5.647671249999999254e+00
5.644838750000000793e+00
5.642718749999999339e+00
5.641033750000000069e+00
5.639593749999999517e+00
5.638353750000000275e+00
5.637252500000000666e+00
5.636235000000000106e+00
5.635289999999999466e+00
5.634410000000000807e+00
5.633569999999999744e+00
5.632766249999999530e+00
5.631646249999999299e+00
5.630200000000001204e+00
5.628817499999999363e+00
5.627474999999999561e+00
5.626465000000000494e+00
5.625821249999999552e+00
5.624877499999999308e+00
5.623622500000000635e+00
5.622373750000000392e+00
5.621147500000000186e+00
5.619926249999999790e+00
5.619015000000000093e+00
5.618407499999999999e+00
5.617806249999999224e+00
5.617207499999999243e+00
5.616786249999999647e+00
5.616546250000000740e+00
5.616309999999999469e+00
5.616071250000000070e+00
5.615835000000000576e+00
5.615597499999999798e+00
5.615360000000000795e+00
5.615119999999999223e+00
5.614883749999999729e+00
5.614647499999999347e+00
5.614410000000000345e+00
5.614173750000000851e+00
5.613934999999999675e+00
5.613697499999999785e+00
5.613459999999999894e+00
5.613042499999999713e+00
5.612450000000000827e+00
5.611856249999998880e+00
5.611261249999999201e+00
5.610373749999999049e+00
5.609205000000000219e+00
5.608024999999999594e+00
5.606836249999999744e+00
5.605654999999999610e+00
5.604017499999999430e+00
5.601892499999999941e+00
5.599746250000000813e+00
5.597612500000000324e+00
5.595591250000000016e+00
5.593907499999999366e+00
5.591787500000000577e+00
5.589248750000000321e+00
5.587051250000000024e+00
5.585008749999999189e+00
5.582933750000000472e+00
5.580628750000000693e+00
5.578205000000000524e+00
5.575857499999999689e+00
5.573363750000000394e+00
5.570852499999999985e+00
5.569245000000000445e+00
5.568233750000000093e+00
5.566374999999999851e+00
5.560849999999999405e+00
5.553429999999999644e+00
5.546985000000000277e+00
5.533642500000000020e+00
5.519952499999999596e+00
5.510761249999999833e+00
5.496211249999999104e+00
5.483855000000000146e+00
5.476238749999999378e+00
5.469066250000000018e+00
5.459828749999999786e+00
5.453843750000000767e+00
5.435726250000000093e+00
5.400702499999999517e+00
5.362964999999999094e+00
5.308708749999999199e+00
5.257979999999999876e+00
5.217276249999999393e+00
5.154754999999999754e+00
5.094811250000000236e+00
5.033367499999999772e+00
4.943881250000000449e+00
4.811476250000000121e+00
4.553418749999999626e+00
4.244979999999999976e+00
3.883379999999999388e+00
3.088356250000000358e+00
4.496691250000000650e+01
1.736437499999999901e+01
7.243529999999999802e+00
6.566507500000000164e+00
6.329990000000000450e+00
6.255995000000000417e+00
6.188348750000000287e+00
6.129419999999999646e+00
6.095027499999999598e+00
6.056032500000000596e+00
6.015838750000000346e+00
5.968765000000000320e+00
5.939578749999999907e+00
5.916850000000000165e+00
5.893966250000000073e+00
5.862140000000000128e+00
5.832819999999999894e+00
5.807553750000000292e+00
5.783131250000000279e+00
5.759244999999999948e+00
5.744131250000000577e+00
5.728693750000000584e+00
5.711528749999999377e+00
5.695050000000001056e+00
5.657622499999999555e+00
5.620233749999999695e+00
5.593942499999999818e+00
5.567044999999999355e+00
5.539212499999999650e+00
5.507545000000000357e+00
5.478335000000000399e+00
5.457209999999999006e+00
5.420578749999999779e+00
5.316810000000000258e+00
5.466129999999999711e+00
5.329032500000000283e+00
5.286315000000000097e+00
5.263012500000000315e+00
5.063489999999998936e+00
4.781243749999999793e+00
4.656498749999999909e+00
4.530822500000000197e+00
3.834334999999999827e+00
1.398605000000000054e+01
4.564632500000000093e+00
2.471202500000000057e+01
5.413804999999999978e+00
6.443083749999999332e-01
5.724681249999999721e+01
1.113198749999999926e+01
2.892641250000000497e+01
9.110809999999998965e+00
1.311496250000000074e+01
1.397198749999999912e+01
7.495577499999999560e+00
1.728725000000000023e+01
2.414377500000000154e+01
1.325677500000000109e+01
2.706159999999999854e+01
1.718998750000000086e+01
1.265644999999999953e+01
1.445700000000000074e+01
1.298482500000000073e+01
1.175668749999999996e+01
1.094426250000000245e+01
1.034221250000000047e+01
9.807793750000000088e+00
9.405582499999999513e+00
9.281500000000001194e+00
9.148758750000000717e+00
8.911588749999999948e+00
8.760741249999998814e+00
8.683386249999999862e+00
8.589421249999999119e+00
8.425497499999998752e+00
8.029099999999999682e+00
7.716404999999999959e+00
7.355579999999999785e+00
6.872607500000000869e+00
6.495810000000000528e+00
6.286693750000000414e+00
6.170006249999999248e+00
6.123465000000000380e+00
6.067411250000000145e+00
6.001361250000000425e+00
5.917588749999999287e+00
5.845405000000000406e+00
5.799896250000000641e+00
5.715208750000000393e+00
5.652734999999999843e+00
5.597202499999999858e+00
5.503206250000000743e+00
5.436647499999999411e+00
5.405021250000000776e+00
5.383308749999999421e+00
5.359257500000000007e+00
5.286116249999999184e+00
4.956597499999999989e+00
4.715332500000000593e+00
4.576968750000000696e+00
4.432223750000000351e+00
4.297253749999999428e+00
4.225991249999999866e+00
4.122851250000000078e+00
3.825343750000000043e+00
3.429797499999999388e+00
3.191713749999999905e+00
3.048803749999999813e+00
2.682982499999999604e+00
2.249309999999999921e+00
2.004457500000000003e+00
1.881083749999999943e+00
2.059173750000000247e+00
2.472272499999999873e+00
6.882474999999999010e-01
6.976075000000000470e-01
7.077400000000000357e-01
3.579487499999999822e-01
3.580774999999999930e-01
