9.182237499999999386e+00
1.197202500000000036e+01
9.062641250000000426e+00
8.186571250000000077e+00
7.721901250000000161e+00
7.359887499999999250e+00
7.006336249999999488e+00
6.728689999999999394e+00
6.533262500000001083e+00
6.370882500000000448e+00
6.220977500000000049e+00
6.076390000000000846e+00
5.976348749999999654e+00
5.844389999999998864e+00
5.796700000000000408e+00
5.778416250000000254e+00
5.762342499999999923e+00
5.751649999999999707e+00
5.743662499999999227e+00
5.737441249999999826e+00
5.732288750000000377e+00
5.727942500000000159e+00
5.721476250000000263e+00
5.713751250000000503e+00
5.707164999999999822e+00
5.701251250000000326e+00
5.695711250000000447e+00
5.690463750000000154e+00
5.685414999999999885e+00
5.680466250000000272e+00
5.675608750000000313e+00
5.670837500000000198e+00
5.666109999999999758e+00
5.661401249999999941e+00
5.654498750000000129e+00
5.645133750000000283e+00
5.635757500000000420e+00
5.626269999999999882e+00
5.619104999999999350e+00
5.614343749999999744e+00
5.607126249999999423e+00
5.597526250000000481e+00
5.587682499999999663e+00
5.577725000000000044e+00
5.567745000000000388e+00
5.559996250000000195e+00
5.554804999999999993e+00
5.549659999999999371e+00
5.544513749999999241e+00
5.540834999999999511e+00
5.538629999999999498e+00
5.536463750000000239e+00
5.534266249999999943e+00
5.532068750000000534e+00
5.529884999999999273e+00
5.527688750000000262e+00
5.525492499999999474e+00
5.523317499999999214e+00
5.521121250000000202e+00
5.518943750000000925e+00
5.516755000000000742e+00
5.514564999999999273e+00
5.512368750000001150e+00
5.510184999999999889e+00
5.506338750000000282e+00
5.500878750000000927e+00
5.495410000000000572e+00
5.489925000000000388e+00
5.481211249999999424e+00
5.469392500000000545e+00
5.457485000000000142e+00
5.445448750000000615e+00
5.433518750000000175e+00
5.415944999999999787e+00
5.392373749999999966e+00
5.368552499999999839e+00
5.343162499999999149e+00
5.318372499999998837e+00
5.297742500000000021e+00
5.269384999999999764e+00
5.234101249999999261e+00
5.203577500000000633e+00
5.175178749999998828e+00
5.142907499999999743e+00
5.104445000000000121e+00
5.063917499999999627e+00
5.024644999999999584e+00
4.979293749999999186e+00
4.931672500000000348e+00
4.898788749999999581e+00
4.877309999999999590e+00
4.837547499999999445e+00
4.702370000000001049e+00
4.492227499999999374e+00
4.268672500000000092e+00
3.602671250000000214e+00
2.696891250000000184e+00
8.043358749999999446e+00
7.286772500000000719e+01
1.789777499999999932e+01
1.308943750000000072e+01
1.120233749999999873e+01
9.877648750000000533e+00
9.322782499999997086e+00
8.407017499999998478e+00
7.550953749999998799e+00
7.128657500000000091e+00
6.806962500000000915e+00
6.612693750000000037e+00
6.495738750000001005e+00
6.350929999999999076e+00
6.236626249999999594e+00
6.132301249999999371e+00
5.990337499999999871e+00
5.785651250000001689e+00
5.348863749999999584e+00
4.720328750000000184e+00
8.425571250000000845e+00
4.832799999999999585e+01
9.244621249999999790e+00
7.402314999999999756e+00
6.856911249999999569e+00
6.622121250000000181e+00
6.502738750000000678e+00
6.457055000000000433e+00
6.410152500000000586e+00
6.364180000000000170e+00
6.332770000000000010e+00
6.292191250000000124e+00
6.237772499999999276e+00
6.135151250000000722e+00
5.953489999999999505e+00
5.613610000000001321e+00
6.917021250000000343e+00
6.435571250000000632e+00
6.295194999999999652e+00
6.227249999999999730e+00
6.174193749999999703e+00
6.123411250000000194e+00
6.089003750000000714e+00
6.049387499999999918e+00
5.993113750000000017e+00
5.917026249999999266e+00
6.595097499999999613e+00
6.357686250000000427e+00
6.171384999999999899e+00
6.079166250000000105e+00
6.017277500000000501e+00
5.957297499999999246e+00
5.906968749999999879e+00
5.873461250000000078e+00
5.811241250000000136e+00
5.682437499999999808e+00
5.408783749999999557e+00
7.613764999999999894e+00
5.907112500000000210e+00
5.590938750000000290e+00
1.116813750000000027e+01
1.774491249999999809e+01
8.608013750000001352e+00
6.612296250000000875e+00
6.001445000000000363e+00
7.898031249999999837e+00
7.872578750000000625e+00
9.574493750000000247e+00
6.684712499999999835e+00
7.006409999999999805e+00
8.034454999999999458e+00
9.437832500000000735e+00
8.813826249999999973e+00
8.623536249999999015e+00
8.882186250000000172e+00
8.092521250000000776e+00
6.334113750000000209e+00
9.270192500000000280e+00
9.144256250000001529e+00
8.679587500000000233e+00
7.854147499999999837e+00
8.560028750000000741e+00
7.669076249999999817e+00
7.303477500000000511e+00
7.347186250000000030e+00
7.442273750000000021e+00
7.623888750000000769e+00
7.826007500000000228e+00
8.078770000000000451e+00
8.307265000000001010e+00
8.386563750000000539e+00
8.476317500000000393e+00
8.647411250000001104e+00
8.761799999999999145e+00
8.825157500000001320e+00
8.889377500000000154e+00
8.974576250000000144e+00
9.178833749999999014e+00
9.331373750000000911e+00
9.145875000000000199e+00
8.705372499999999292e+00
8.289260000000000517e+00
8.001420000000001309e+00
7.826842499999998815e+00
7.754918749999999861e+00
7.668013750000000073e+00
7.565131250000000307e+00
7.435122499999999413e+00
7.309877499999999806e+00
7.223748750000000385e+00
7.029885000000001050e+00
6.827935000000000088e+00
6.638762499999999456e+00
6.225022499999999681e+00
5.915561249999999660e+00
5.793156249999999119e+00
5.716572499999998946e+00
5.633608749999999610e+00
5.457270000000000287e+00
5.215443749999999490e+00
4.959492499999999637e+00
4.752173749999999863e+00
4.605541249999999920e+00
4.479820000000000135e+00
4.378018749999999848e+00
4.200120000000000076e+00
3.730693750000000364e+00
3.054697499999999621e+00
2.651236249999999739e+00
2.427883750000000340e+00
2.016166250000000382e+00
1.728748749999999834e+00
1.783179999999999987e+00
2.040941249999999485e+00
2.281102499999999811e+00
2.279819999999999958e+00
5.288475000000000259e-01
5.174112499999999892e-01
4.967899999999999539e-01
2.293262500000000093e-01
2.101375000000000048e-01
