1.871317500000000109e+02
2.238756250000000136e+02
1.538316249999999741e+02
1.301466250000000002e+02
1.166136250000000132e+02
1.053243750000000034e+02
9.335228750000000275e+01
8.304850000000000421e+01
7.501021249999999441e+01
6.760166249999998911e+01
5.999551250000000380e+01
5.144682500000000402e+01
4.457730000000000103e+01
3.291047500000000525e+01
2.765423750000000069e+01
2.525029999999999930e+01
2.297478749999999792e+01
2.137206250000000196e+01
2.014192500000000052e+01
1.917997500000000244e+01
1.839405000000000001e+01
1.774915000000000020e+01
1.683073749999999791e+01
1.582393749999999955e+01
1.507055000000000078e+01
1.448575000000000301e+01
1.400008749999999935e+01
1.360413750000000022e+01
1.327328750000000035e+01
1.298036250000000003e+01
1.272428750000000086e+01
1.250372499999999931e+01
1.230666249999999984e+01
1.213029999999999831e+01
1.191101250000000000e+01
1.165834999999999866e+01
1.144837499999999864e+01
1.127410000000000068e+01
1.114250000000000007e+01
1.107003749999999975e+01
1.098296249999999930e+01
1.086710000000000065e+01
1.076729999999999876e+01
1.068586250000000071e+01
1.060762499999999875e+01
1.056210000000000093e+01
1.053403750000000016e+01
1.050617499999999893e+01
1.047836250000000113e+01
1.046152499999999996e+01
1.045582499999999904e+01
1.045020000000000060e+01
1.044451250000000009e+01
1.043883750000000177e+01
1.043317499999999853e+01
1.042748750000000157e+01
1.042179999999999929e+01
1.041618750000000126e+01
1.041049999999999898e+01
1.040484999999999793e+01
1.039920000000000044e+01
1.039352499999999857e+01
1.038783749999999984e+01
1.038216249999999796e+01
1.037222500000000025e+01
1.035806250000000261e+01
1.034392499999999870e+01
1.032971249999999941e+01
1.032160000000000188e+01
1.031963749999999891e+01
1.031767500000000126e+01
1.031567500000000059e+01
1.031369999999999898e+01
1.032953749999999893e+01
1.036387500000000017e+01
1.039941250000000039e+01
1.046023749999999986e+01
1.052878749999999819e+01
1.058587499999999970e+01
1.069112499999999955e+01
1.083647499999999830e+01
1.096221249999999969e+01
1.107931249999999856e+01
1.124267499999999842e+01
1.145855000000000068e+01
1.168605000000000160e+01
1.190753750000000011e+01
1.220020000000000060e+01
1.252727500000000127e+01
1.277282499999999921e+01
1.294003750000000075e+01
1.325158750000000296e+01
1.447532499999999978e+01
1.672664999999999935e+01
1.975045000000000073e+01
3.529305000000000092e+01
8.751611250000000553e+01
4.811029999999999518e+02
2.176698750000000018e+03
1.544162500000000193e+02
7.114922500000000127e+01
4.513545000000000584e+01
2.989188750000000283e+01
2.437103749999999991e+01
1.680892499999999856e+01
1.127012500000000017e+01
9.316861250000000538e+00
8.237779999999998992e+00
7.752602499999999175e+00
7.540523750000000192e+00
7.369114999999999860e+00
7.672381249999999930e+00
9.534061250000000598e+00
7.389802499999999164e+00
7.609410000000000451e+00
9.298890000000000100e+00
1.504501250000000212e+01
1.436571250000000077e+02
7.283538749999999027e+02
1.990708750000000293e+01
9.282296249999999915e+00
7.437672500000000575e+00
6.936912500000000037e+00
6.733116250000000136e+00
6.664537500000000669e+00
6.601867500000000000e+00
6.546053749999999560e+00
6.513952500000000256e+00
6.480297499999999822e+00
6.458887499999999449e+00
6.519305000000001016e+00
7.350219999999999310e+00
2.919718750000000185e+01
4.151016250000000696e+01
7.005514999999999048e+00
6.502214999999999634e+00
6.364922500000000483e+00
6.288787499999999753e+00
6.231482500000000258e+00
6.200047499999999268e+00
6.172298749999999501e+00
6.148648749999999552e+00
6.151437499999999226e+00
2.819693750000000421e+01
6.975737499999999258e+00
6.823143750000000729e+00
6.743836249999998422e+00
6.485549999999999926e+00
5.998786250000000209e+00
5.968539999999999957e+00
8.450533749999999955e+00
5.962168750000000017e+00
5.727368750000000119e+00
5.647373749999999859e+00
3.515463749999999976e+01
6.139148749999999488e+00
5.870633749999999651e+00
2.670748749999999916e+01
6.621594999999999231e+01
1.213533750000000033e+01
7.679456250000001205e+00
7.089941249999999862e+00
1.536317499999999825e+01
1.649799999999999756e+01
1.669413750000000007e+01
9.710746249999999691e+00
1.175663750000000007e+01
1.170632499999999965e+01
1.291126250000000120e+01
1.266207499999999975e+01
1.113668749999999896e+01
1.209479999999999933e+01
1.048000000000000043e+01
8.157177499999999526e+00
1.211767500000000197e+01
1.145958750000000137e+01
1.069788750000000022e+01
9.661330000000001306e+00
1.012750000000000128e+01
9.297568749999999937e+00
8.978733749999999958e+00
8.885231249999998582e+00
8.811373749999999561e+00
8.807152499999999051e+00
8.854587500000000944e+00
8.957309999999997885e+00
9.069189999999998975e+00
9.112591249999999476e+00
9.163857499999998879e+00
9.265043750000000244e+00
9.334755000000001246e+00
9.371902499999999137e+00
9.411546249999998892e+00
9.469419999999999504e+00
9.611023750000001087e+00
9.730703749999999985e+00
9.735071249999998955e+00
9.591377500000000111e+00
9.339451250000001536e+00
9.092322499999999863e+00
8.918615000000000848e+00
8.841222500000000650e+00
8.746981249999999264e+00
8.633186249999999617e+00
8.484871249999999421e+00
8.356818749999998630e+00
8.269836249999999112e+00
8.096433749999999208e+00
7.970144999999999591e+00
7.856659999999999755e+00
7.662662499999999710e+00
7.520843750000000050e+00
7.449158749999999607e+00
7.399563749999999551e+00
7.342173749999999721e+00
7.204924999999999358e+00
6.997116250000000370e+00
6.788041250000000915e+00
6.637320000000000775e+00
6.524981249999999733e+00
6.428697500000000176e+00
6.350737500000000146e+00
6.214497500000000230e+00
5.847233750000000008e+00
5.256123749999999539e+00
4.867507499999999432e+00
4.637692499999999995e+00
4.223144999999999705e+00
3.986472500000000529e+00
4.050831249999999883e+00
4.273760000000000225e+00
4.453596249999999479e+00
4.428507500000000263e+00
1.061961249999999968e+00
1.049536250000000059e+00
1.027991249999999912e+00
4.901300000000000101e-01
4.727675000000000072e-01
