1.779495000000000005e+02
2.119034999999999798e+02
1.447691250000000025e+02
1.219601250000000050e+02
1.088917499999999876e+02
9.796467500000001394e+01
8.634595000000000198e+01
7.631981249999999761e+01
6.847693749999999113e+01
6.123077500000000128e+01
5.377454999999999785e+01
4.537043750000000131e+01
3.860093750000000057e+01
2.706611250000000268e+01
2.185756250000000023e+01
1.947188749999999757e+01
1.721245000000000047e+01
1.562040000000000006e+01
1.439824999999999910e+01
1.344250000000000078e+01
1.266177500000000045e+01
1.202118749999999991e+01
1.110928749999999887e+01
1.011017499999999991e+01
9.363377500000000353e+00
8.784478749999999891e+00
8.304373749999999887e+00
7.913666250000001234e+00
7.587873750000000861e+00
7.299892500000000339e+00
7.048673749999999849e+00
6.832902500000000323e+00
6.640545000000000364e+00
6.468900000000000539e+00
6.256506249999999270e+00
6.013197500000000417e+00
5.812626249999999217e+00
5.647842500000000321e+00
5.523407500000000248e+00
5.455688750000000198e+00
5.375828750000000156e+00
5.269567499999999960e+00
5.179622499999998908e+00
5.108119999999999550e+00
5.039876250000000724e+00
5.002119999999999678e+00
4.979220000000000645e+00
4.956535000000000579e+00
4.933840000000000003e+00
4.920693749999999866e+00
4.917191250000000124e+00
4.913747500000000379e+00
4.910254999999999370e+00
4.906762500000000138e+00
4.903292500000000054e+00
4.899804999999999744e+00
4.896315000000000417e+00
4.892858750000000256e+00
4.889366250000000136e+00
4.885906249999999673e+00
4.882426249999999968e+00
4.878946250000000262e+00
4.875458749999999952e+00
4.871987499999999471e+00
4.865876250000000347e+00
4.857198750000000231e+00
4.848511249999999606e+00
4.839793750000000117e+00
4.840395000000000891e+00
4.850254999999999761e+00
4.860188749999999835e+00
4.870231249999999790e+00
4.880183750000000487e+00
4.913586250000000710e+00
4.971491249999999695e+00
5.030854999999999855e+00
5.117063749999999800e+00
5.210427499999999768e+00
5.288136249999999983e+00
5.421741250000001067e+00
5.602376249999999835e+00
5.758636250000000345e+00
5.904138749999999547e+00
6.099755000000000038e+00
6.354108749999999972e+00
6.622130000000001182e+00
6.882908749999999465e+00
7.220912499999998957e+00
7.595601249999999638e+00
7.874026250000000005e+00
8.062727499999999381e+00
8.414041249999998584e+00
9.772956249999998235e+00
1.223440000000000083e+01
1.548176249999999854e+01
3.169036250000000265e+01
8.481918749999999818e+01
4.730597500000000082e+02
2.103829999999999927e+03
1.365183749999999918e+02
5.805980000000000274e+01
3.393312499999999687e+01
2.001422499999999971e+01
1.504826249999999987e+01
8.401902500000000273e+00
3.719172499999999548e+00
2.188204999999999956e+00
1.430821249999999711e+00
1.139907500000000073e+00
1.044783749999999900e+00
1.018185000000000118e+00
1.435757499999999798e+00
3.401759999999999895e+00
1.399463749999999784e+00
1.823756249999999968e+00
3.950023750000000611e+00
1.032471250000000040e+01
1.352313750000000141e+02
6.800258750000000418e+02
1.066245000000000154e+01
1.879980000000000206e+00
5.807618749999999830e-01
3.147891250000000030e-01
2.303773750000000231e-01
2.074844999999999884e-01
1.917168750000000088e-01
1.818751250000000264e-01
1.811844999999999983e-01
1.881046250000000253e-01
2.211130000000000040e-01
3.841546249999999718e-01
1.396729999999999805e+00
2.358358749999999660e+01
3.459313749999999743e+01
5.699441250000000236e-01
2.070192500000000158e-01
1.376731250000000073e-01
1.145950000000000024e-01
1.080698750000000097e-01
1.110453750000000017e-01
1.229115000000000069e-01
1.555337499999999984e-01
2.344098750000000175e-01
2.160184999999999533e+01
6.180491249999998660e-01
6.517603749999999474e-01
6.646698749999999656e-01
4.682713750000000452e-01
4.148891250000000253e-02
6.156981250000000128e-02
2.577071249999999925e+00
1.509257499999999974e-01
4.493122500000001213e-02
2.385901249999999862e-01
2.754087500000000333e+01
2.320340000000000180e-01
2.796978749999999847e-01
1.553932499999999983e+01
4.847106250000000216e+01
3.527315000000000200e+00
1.067161250000000061e+00
1.088497500000000118e+00
7.465141250000000284e+00
8.625427500000000691e+00
7.119650000000000922e+00
3.026032499999999903e+00
4.750226249999999872e+00
3.671872500000000095e+00
3.473446249999999402e+00
3.848266249999999999e+00
2.513156249999999758e+00
3.212621249999999762e+00
2.387478750000000094e+00
1.823063749999999761e+00
2.847483750000000313e+00
2.315334999999999699e+00
2.018307500000000143e+00
1.807179999999999787e+00
1.567483750000000065e+00
1.628492499999999898e+00
1.675257499999999844e+00
1.538043749999999932e+00
1.369099999999999984e+00
1.183265000000000011e+00
1.028581250000000002e+00
8.785399999999999876e-01
7.619253750000000158e-01
7.260286250000000940e-01
6.875391249999999177e-01
6.176347500000000101e-01
5.729524999999999757e-01
5.467448750000000190e-01
5.221702499999999469e-01
4.948427499999999979e-01
4.321904999999999775e-01
3.782741250000000166e-01
3.058187499999999726e-01
2.172146249999999945e-01
1.765482499999999899e-01
1.628364999999999951e-01
1.573571250000000143e-01
1.556307499999999844e-01
1.537537499999999946e-01
1.521783750000000046e-01
1.506381250000000116e-01
1.494366249999999896e-01
1.484665000000000012e-01
1.433292499999999914e-01
1.393492500000000078e-01
1.351076250000000090e-01
1.136436249999999981e-01
9.466175000000000284e-02
8.930096249999999736e-02
8.661777500000000796e-02
8.411886250000000231e-02
8.043000000000000149e-02
7.712463749999999563e-02
7.342092499999999800e-02
7.008261249999998832e-02
6.802027499999999116e-02
6.625281250000000788e-02
6.482161250000000041e-02
6.232056250000000269e-02
5.144398749999999632e-02
3.917732499999999202e-02
3.295783750000000345e-02
2.724694999999999895e-02
1.947849999999999929e-02
1.207842500000000027e-02
6.363770000000000364e-03
2.645883749999999521e-03
1.704561249999999922e-03
1.541150000000000029e-03
3.826800000000000427e-04
3.706512500000000302e-04
3.283337500000000275e-04
1.066032499999999995e-04
6.309225000000000228e-05
