2.052692500000000209e+01
2.543826249999999689e+01
1.822929999999999851e+01
1.589053750000000065e+01
1.458779999999999966e+01
1.352527500000000060e+01
1.242753749999999968e+01
1.150863750000000074e+01
1.081258749999999935e+01
1.018870000000000076e+01
9.565094999999999459e+00
8.888397499999999951e+00
8.361033750000000708e+00
7.504042499999999727e+00
7.130031250000000931e+00
6.962722499999999926e+00
6.805770000000000763e+00
6.696066249999999442e+00
6.612297499999999495e+00
6.546991250000000484e+00
6.493730000000001112e+00
6.450074999999999115e+00
6.387958750000001018e+00
6.319833749999999917e+00
6.268721249999999579e+00
6.228867499999998891e+00
6.195597499999999869e+00
6.168039999999999523e+00
6.144668750000001012e+00
6.124886250000000310e+00
6.107016249999999147e+00
6.091409999999999769e+00
6.077329999999999899e+00
6.064611250000000453e+00
6.048529999999999518e+00
6.029651250000000573e+00
6.013567500000000621e+00
5.999789999999999957e+00
5.989387499999999420e+00
5.983452500000000285e+00
5.975934999999999775e+00
5.965934999999999988e+00
5.956913750000000007e+00
5.949046250000000313e+00
5.941377500000000644e+00
5.936398750000000391e+00
5.933214999999999684e+00
5.930057500000000203e+00
5.926901250000001120e+00
5.924838749999999266e+00
5.923869999999999969e+00
5.922922499999999424e+00
5.921958749999999938e+00
5.920996249999999073e+00
5.920038749999999794e+00
5.919078749999998834e+00
5.918115000000000236e+00
5.917161250000001260e+00
5.916198750000000395e+00
5.915243750000000134e+00
5.914283750000000062e+00
5.913327499999999404e+00
5.912363750000000806e+00
5.911408750000000545e+00
5.909723749999999498e+00
5.907328750000000461e+00
5.904935000000000045e+00
5.902531250000000007e+00
5.899561249999999646e+00
5.896061250000000697e+00
5.892538749999999936e+00
5.888977500000000198e+00
5.885447500000000609e+00
5.881232500000001195e+00
5.876269999999999882e+00
5.871292499999999137e+00
5.867017500000001107e+00
5.863256250000000946e+00
5.860122500000000123e+00
5.856971249999999962e+00
5.853666249999999849e+00
5.850809999999999178e+00
5.848151250000000800e+00
5.845452500000000384e+00
5.842458749999999590e+00
5.839305000000000412e+00
5.836276249999999166e+00
5.833831249999999358e+00
5.831759999999999167e+00
5.830432500000000573e+00
5.829598749999999718e+00
5.828062499999999702e+00
5.823503750000000423e+00
5.818127499999999230e+00
5.814439999999999387e+00
5.807473749999999768e+00
5.801551250000000159e+00
5.798430000000000639e+00
5.794173749999999679e+00
5.790561250000000548e+00
5.788721249999999152e+00
5.787321249999999750e+00
5.785517500000000979e+00
5.784348750000001260e+00
5.781207499999999833e+00
5.776422499999999793e+00
5.772502499999999870e+00
5.768497499999999611e+00
5.765588750000000928e+00
5.763571249999999146e+00
5.761377500000000040e+00
5.759714999999999030e+00
5.758258750000000425e+00
5.756746249999999954e+00
5.755128750000000792e+00
5.753069999999999240e+00
5.751644999999999897e+00
5.750648749999998977e+00
5.749520000000000408e+00
5.748183749999999925e+00
5.746261249999999876e+00
5.743808750000000352e+00
5.741772500000000612e+00
5.740533749999999991e+00
5.739969999999999573e+00
5.739335000000000520e+00
5.738686249999999767e+00
5.738234999999999530e+00
5.737696250000000830e+00
5.737198750000000125e+00
5.736548750000000751e+00
5.736071249999999289e+00
5.735686249999999653e+00
5.735251250000000134e+00
5.734587499999999949e+00
5.733971249999999742e+00
5.733471249999999131e+00
5.732941249999999656e+00
5.732376250000000617e+00
5.731989999999999696e+00
5.731588750000000232e+00
5.731193749999999199e+00
5.730827500000000185e+00
5.729896250000000357e+00
5.728876250000000780e+00
5.728132500000000960e+00
5.727470000000000283e+00
5.726778749999999363e+00
5.725953750000000397e+00
5.725287499999999419e+00
5.724836250000000071e+00
5.724083750000000137e+00
5.722926250000000437e+00
5.721912500000000179e+00
5.721213749999999543e+00
5.720689999999999387e+00
5.720354999999999634e+00
5.718218750000001016e+00
5.716228750000000858e+00
5.715777500000000622e+00
5.715460000000000207e+00
5.714922500000000127e+00
5.713806250000000198e+00
5.712987499999998775e+00
1.045683749999999890e+01
1.232612499999999933e+01
1.203143749999999912e+01
1.155018749999999983e+01
1.093173749999999878e+01
1.048526250000000104e+01
1.016511249999999933e+01
1.002907499999999885e+01
9.749961250000000135e+00
9.597968749999999716e+00
9.501244999999999052e+00
9.318995000000001028e+00
9.108756250000000776e+00
8.978961249999999339e+00
8.790528750000000002e+00
8.573417499999999691e+00
8.485681249999998954e+00
8.434758750000000305e+00
8.408235000000001236e+00
8.442058750000001055e+00
8.500440000000001106e+00
8.611456249999999812e+00
8.724792499999999507e+00
8.768021250000000322e+00
8.817338749999999337e+00
8.914708749999999071e+00
8.980593750000000597e+00
9.015940000000000509e+00
9.051607499999999362e+00
9.104682499999999123e+00
9.195192500000000990e+00
9.261397499999999283e+00
9.286148750000000618e+00
9.219629999999998660e+00
9.022842500000001209e+00
8.741117499999999652e+00
8.561882499999999396e+00
8.491651250000000317e+00
8.408911249999999171e+00
8.317547500000001648e+00
8.168912499999999355e+00
8.025447500000000289e+00
7.925046249999999404e+00
7.737512499999999349e+00
7.595522499999999511e+00
7.451223749999999590e+00
7.207876249999999985e+00
7.023862499999999898e+00
6.934254999999999391e+00
6.876217499999999205e+00
6.809697500000000403e+00
6.644523750000001172e+00
6.391226249999998998e+00
6.147806250000000361e+00
5.973202499999999304e+00
5.838582500000000231e+00
5.727603750000000105e+00
5.639638749999999590e+00
5.499077499999999397e+00
5.129735000000000156e+00
4.583412499999999667e+00
4.253363750000000110e+00
4.045852499999999630e+00
3.736191250000000075e+00
3.721757500000000274e+00
3.897273750000000092e+00
4.270136250000000189e+00
4.456523750000000561e+00
4.448461250000000256e+00
1.089407500000000084e+00
1.083502500000000035e+00
1.067572500000000035e+00
5.006574999999999775e-01
4.694662499999999739e-01
