1.099987499999999940e+01
1.309788749999999879e+01
8.947475000000000733e+00
7.537258750000000340e+00
6.729227500000001250e+00
6.053531249999998920e+00
5.335015000000000285e+00
4.714916249999999920e+00
4.229782499999999779e+00
3.781477499999999825e+00
3.320077500000000015e+00
2.799810000000000354e+00
2.380508749999999729e+00
1.664928749999999846e+00
1.341102500000000086e+00
1.192353749999999879e+00
1.051120000000000054e+00
9.513156249999999980e-01
8.744885000000000019e-01
8.142189999999999150e-01
7.648228750000000131e-01
7.241514999999998370e-01
6.660182500000000339e-01
6.019144999999999079e-01
5.535702500000000414e-01
5.157166249999999286e-01
4.840186249999999801e-01
4.576836249999999273e-01
4.353033749999999369e-01
4.163191250000000121e-01
3.991443749999999957e-01
3.841166249999999893e-01
3.705452499999999927e-01
3.582682500000000103e-01
3.427262500000000101e-01
3.244487499999999525e-01
3.088518749999999979e-01
2.954701249999999724e-01
2.853651249999999973e-01
2.795912499999999579e-01
2.722713749999999822e-01
2.625322500000000225e-01
2.537346249999999914e-01
2.460546250000000268e-01
2.385678750000000126e-01
2.336993750000000147e-01
2.305856250000000163e-01
2.275008749999999913e-01
2.244152500000000106e-01
2.223952499999999888e-01
2.214487500000000275e-01
2.205189999999999928e-01
2.195752499999999996e-01
2.186321250000000105e-01
2.176952499999999791e-01
2.167528750000000115e-01
2.158103749999999987e-01
2.148763750000000083e-01
2.139337500000000336e-01
2.129989999999999939e-01
2.120590000000000253e-01
2.111193750000000258e-01
2.101768750000000130e-01
2.092391249999999703e-01
2.075889999999999680e-01
2.052447499999999758e-01
2.028983749999999919e-01
2.005439999999999723e-01
1.976306250000000042e-01
1.941976250000000126e-01
1.907397500000000135e-01
1.872442500000000010e-01
1.837795000000000123e-01
1.796399999999999941e-01
1.747616249999999760e-01
1.698691249999999819e-01
1.656618750000000140e-01
1.619586249999999950e-01
1.588765000000000038e-01
1.557708750000000308e-01
1.525150000000000117e-01
1.496984999999999844e-01
1.470784999999999731e-01
1.444168750000000001e-01
1.414651249999999971e-01
1.383547499999999986e-01
1.353696249999999934e-01
1.329561249999999806e-01
1.309107499999999924e-01
1.295981250000000085e-01
1.287755000000000150e-01
1.272604999999999986e-01
1.227558750000000004e-01
1.174428750000000021e-01
1.137983750000000210e-01
1.069082499999999825e-01
1.010465000000000113e-01
9.795533749999998929e-02
9.373855000000000381e-02
9.015911249999999932e-02
8.833631249999999990e-02
8.694740000000000801e-02
8.515905000000000002e-02
8.400040000000000284e-02
8.088241250000000049e-02
7.613587499999999175e-02
7.224392500000000050e-02
6.826752499999999557e-02
6.537917499999999771e-02
6.337120000000000253e-02
6.119129999999999708e-02
5.953932500000000405e-02
5.809140000000000137e-02
5.658769999999999772e-02
5.497989999999999822e-02
5.293151249999999280e-02
5.151464999999999517e-02
5.052059999999999884e-02
4.940087499999998993e-02
4.807062499999999877e-02
4.615539999999999921e-02
4.371542500000000220e-02
4.168518750000000522e-02
4.045387500000000025e-02
3.989170000000000216e-02
3.925784999999999692e-02
3.861302499999999527e-02
3.816439999999999416e-02
3.762753749999999536e-02
3.713042500000000162e-02
3.648035000000000166e-02
3.600674999999999709e-02
3.562252500000000210e-02
3.519013749999999607e-02
3.452753749999999677e-02
3.391447499999999948e-02
3.341480000000000145e-02
3.288680000000000075e-02
3.232486250000000255e-02
3.193947500000000189e-02
3.153879999999999878e-02
3.114578750000000090e-02
3.078047500000000158e-02
2.985089999999999966e-02
2.883573749999999644e-02
2.809282499999999835e-02
2.743187500000000140e-02
2.674379999999999813e-02
2.592043750000000077e-02
2.525531250000000172e-02
2.480493750000000233e-02
2.405466250000000417e-02
2.290034999999999987e-02
2.188925000000000246e-02
2.119216250000000024e-02
2.066792499999999672e-02
2.033432500000000032e-02
1.820343750000000260e-02
1.621783750000000204e-02
1.576551249999999862e-02
1.544973749999999958e-02
1.491187500000000152e-02
1.379583749999999977e-02
1.297931249999999953e-02
7.245526250000000612e-01
9.657097500000000334e-01
9.132511250000000524e-01
8.299600000000000311e-01
7.268957499999999516e-01
6.545387500000000580e-01
6.025252500000000122e-01
5.794912500000000133e-01
5.317106249999998813e-01
5.038046250000000059e-01
4.853756249999999772e-01
4.506506249999999714e-01
4.070467499999999572e-01
3.776922499999999516e-01
3.289811249999999854e-01
2.613639999999999852e-01
2.234565000000000023e-01
1.898849999999999705e-01
1.527566249999999792e-01
1.206789999999999946e-01
9.336113749999999656e-02
7.436377499999999308e-02
6.091398749999999557e-02
5.700004999999998961e-02
5.360965000000000175e-02
4.768681250000000177e-02
4.432677499999999882e-02
4.273897499999999849e-02
4.131818749999999901e-02
3.940760000000000096e-02
3.582776250000000579e-02
3.352726250000000185e-02
3.196553749999999500e-02
3.123737500000000125e-02
3.137993749999999638e-02
3.162012499999999893e-02
3.176971249999999830e-02
3.182975000000000387e-02
3.190088750000000251e-02
3.198077499999999601e-02
3.220119999999999927e-02
3.221723750000000247e-02
3.058023749999999943e-02
2.720616250000000222e-02
2.338817500000000063e-02
1.942570000000000061e-02
1.675941249999999758e-02
1.579906249999999887e-02
1.551501250000000137e-02
1.532906249999999720e-02
1.516272500000000016e-02
1.349091250000000047e-02
1.132763750000000125e-02
1.047623749999999909e-02
9.675962499999999494e-03
8.999991250000000456e-03
8.547717499999999552e-03
8.131269999999999470e-03
7.481944999999999395e-03
6.072301250000000303e-03
5.299106250000000344e-03
5.093923749999999806e-03
5.077918750000000314e-03
4.739001249999999499e-03
2.757887500000000269e-03
1.646922500000000270e-03
6.530681250000000722e-04
3.430359999999999594e-04
7.047204999999999962e-04
2.568775000000000355e-04
2.510725000000000326e-04
2.401853750000000111e-04
1.127407500000000064e-04
1.117786249999999957e-04
