9.527037500000000492e+00
1.234038749999999851e+01
9.281811250000000513e+00
8.353291249999999835e+00
7.858572499999999295e+00
7.471733749999999397e+00
7.092517500000000474e+00
6.793706250000000502e+00
6.582783749999999934e+00
6.407223749999999995e+00
6.245015000000000427e+00
6.088589999999999947e+00
5.980523749999999694e+00
5.839112499999999706e+00
5.788927500000000670e+00
5.770370000000000665e+00
5.754651250000000218e+00
5.744752499999999706e+00
5.737808749999999236e+00
5.732774999999999288e+00
5.728908750000000438e+00
5.725922500000000248e+00
5.721940000000000026e+00
5.717919999999999447e+00
5.715151250000000793e+00
5.713151250000000125e+00
5.711579999999998769e+00
5.710357499999999753e+00
5.709369999999999834e+00
5.708568750000000414e+00
5.707869999999999777e+00
5.707290000000000418e+00
5.706788749999999411e+00
5.706341249999999476e+00
5.705803749999999397e+00
5.705201249999998225e+00
5.704716250000000599e+00
5.704320000000000945e+00
5.704019999999999868e+00
5.703859999999999708e+00
5.703662500000000080e+00
5.703403750000000549e+00
5.703179999999999694e+00
5.702989999999999782e+00
5.702810000000000379e+00
5.702700000000000102e+00
5.702630000000000088e+00
5.702559999999999185e+00
5.702489999999999171e+00
5.702440000000001064e+00
5.702420000000000044e+00
5.702399999999999025e+00
5.702379999999998894e+00
5.702359999999999651e+00
5.702340000000000408e+00
5.702320000000000277e+00
5.702304999999999957e+00
5.702289999999998749e+00
5.702269999999999506e+00
5.702250000000000263e+00
5.702230000000000132e+00
5.702210000000000001e+00
5.702190000000000758e+00
5.702170000000000627e+00
5.702130000000000365e+00
5.702083750000000784e+00
5.702040000000000219e+00
5.701990000000001224e+00
5.701929999999999055e+00
5.701863749999999342e+00
5.701799999999999535e+00
5.701729999999999521e+00
5.701670000000000016e+00
5.701590000000001268e+00
5.701509999999999856e+00
5.701425000000000409e+00
5.701358749999999809e+00
5.701299999999999812e+00
5.701250000000000817e+00
5.701200000000000045e+00
5.701149999999999274e+00
5.701109999999999900e+00
5.701072499999999543e+00
5.701039999999999885e+00
5.700989999999999114e+00
5.700949999999999740e+00
5.700910000000000366e+00
5.700870000000000992e+00
5.700850000000000861e+00
5.700829999999999842e+00
5.700820000000000221e+00
5.700800000000000090e+00
5.700750000000000206e+00
5.700679999999999303e+00
5.700639999999999930e+00
5.700568749999999518e+00
5.700510000000000410e+00
5.700477499999999864e+00
5.700440000000000396e+00
5.700400000000001022e+00
5.700389999999999624e+00
5.700370000000000381e+00
5.700359999999999872e+00
5.700350000000000250e+00
5.700319999999998721e+00
5.700290000000000745e+00
5.700260000000000105e+00
5.700229999999999464e+00
5.700209999999999333e+00
5.700200000000000600e+00
5.700190000000000090e+00
5.700179999999999580e+00
5.700169999999999959e+00
5.700160000000000338e+00
5.700149999999999828e+00
5.700139999999999318e+00
5.700130000000000585e+00
5.700130000000000585e+00
5.700119999999999187e+00
5.700112500000000360e+00
5.700110000000000454e+00
5.700090000000001211e+00
5.700090000000001211e+00
5.700079999999999814e+00
5.700079999999999814e+00
5.700079999999999814e+00
5.700070000000000192e+00
5.700070000000000192e+00
5.700070000000000192e+00
5.700070000000000192e+00
5.700070000000000192e+00
5.700059999999999683e+00
5.700059999999999683e+00
5.700059999999999683e+00
5.700059999999999683e+00
5.700059999999999683e+00
5.700059999999999683e+00
5.700049999999999173e+00
5.700049999999999173e+00
5.700049999999999173e+00
5.700049999999999173e+00
5.700049999999999173e+00
5.700049999999999173e+00
5.700040000000000440e+00
5.700040000000000440e+00
5.700040000000000440e+00
5.700040000000000440e+00
5.700040000000000440e+00
5.700029999999999042e+00
5.700029999999999042e+00
5.700029999999999042e+00
5.700029999999999042e+00
5.700029999999999042e+00
5.700020000000001197e+00
5.700020000000001197e+00
5.700020000000001197e+00
5.700020000000001197e+00
5.700020000000001197e+00
5.700009999999999799e+00
5.700009999999999799e+00
5.700009999999999799e+00
5.700009999999999799e+00
5.700009999999999799e+00
5.700009999999999799e+00
9.732279999999999376e+00
1.136040000000000028e+01
1.111818749999999767e+01
1.072022499999999923e+01
1.020482499999999959e+01
9.830736249999999288e+00
9.562600000000001543e+00
9.449604999999998256e+00
9.218252500000000182e+00
9.094163749999999879e+00
9.015870000000001383e+00
8.868344999999997924e+00
8.701710000000000278e+00
8.601269999999999527e+00
8.461547499999999999e+00
8.312053750000000463e+00
8.262223750000000422e+00
8.244875000000000398e+00
8.255478749999999977e+00
8.321379999999999555e+00
8.407077500000001535e+00
8.537092499999999973e+00
8.663878750000000295e+00
8.711019999999999541e+00
8.763726250000001272e+00
8.867022499999999141e+00
8.936266249999999189e+00
8.973201250000000684e+00
9.010288750000000846e+00
9.065273749999999353e+00
9.159367499999998330e+00
9.227870000000001127e+00
9.254182500000000644e+00
9.188393749999999471e+00
8.991462500000000801e+00
8.709497500000001224e+00
8.530112499999999542e+00
8.459821250000000958e+00
8.377010000000000289e+00
8.285566249999998689e+00
8.136711249999999396e+00
7.992008750000000994e+00
7.883833749999999974e+00
7.676186250000000655e+00
7.464044999999998709e+00
7.166281249999999936e+00
6.708538749999999773e+00
6.415660000000000807e+00
6.285998750000000079e+00
6.201291250000001476e+00
6.109517499999999934e+00
5.862686249999999433e+00
5.488201249999999476e+00
5.154004999999999725e+00
4.913568750000000485e+00
4.736986250000000176e+00
4.593903749999999064e+00
4.480681249999999949e+00
4.297758749999999850e+00
3.768621249999999812e+00
3.048793750000000191e+00
2.631393749999999976e+00
2.386252499999999888e+00
2.068376250000000027e+00
2.034219999999999917e+00
2.201556249999999881e+00
2.636772499999999742e+00
2.964233749999999556e+00
2.999852499999999811e+00
7.180987500000000079e-01
7.078587499999999810e-01
6.870837499999999931e-01
3.149250000000000105e-01
2.918299999999999783e-01
