8.539625000000000000e+03
1.018934500000000116e+04
6.979495000000000800e+03
5.892088750000000800e+03
5.270355000000000473e+03
4.751567499999999200e+03
4.201512499999998909e+03
3.729011250000000018e+03
3.361717499999999745e+03
3.022086249999999836e+03
2.676723750000000109e+03
2.293440000000000055e+03
1.991566249999999854e+03
1.516845000000000027e+03
1.332542500000000018e+03
1.272978749999999991e+03
1.241707499999999982e+03
1.247088749999999891e+03
1.279960000000000036e+03
1.336005000000000109e+03
1.413552499999999782e+03
1.512872499999999945e+03
1.743627500000000055e+03
2.158997500000000400e+03
2.574593750000000000e+03
2.739144999999999982e+03
2.472385000000000218e+03
1.928927500000000009e+03
1.386462500000000091e+03
9.745911249999999200e+02
6.965852499999999736e+02
5.143677500000000009e+02
3.937797500000000355e+02
3.116495000000000459e+02
2.357244999999999777e+02
1.763379999999999939e+02
1.464820000000000277e+02
1.337347499999999911e+02
1.332283749999999998e+02
1.378827500000000157e+02
1.552608749999999986e+02
2.084460000000000264e+02
3.346265000000000214e+02
5.177359999999999900e+02
5.476524999999999181e+02
4.273931249999999409e+02
3.391482500000000186e+02
2.739072499999999764e+02
2.364037499999999739e+02
2.201003749999999854e+02
2.148686250000000086e+02
2.120448750000000473e+02
2.107757499999999879e+02
2.119947500000000105e+02
2.142347500000000196e+02
2.179911249999999825e+02
2.239508749999999964e+02
2.304703749999999900e+02
2.399778750000000116e+02
2.498996250000000146e+02
2.629713749999999663e+02
2.775392499999999814e+02
2.944022499999999809e+02
3.150357500000000073e+02
3.584393750000000409e+02
4.431181250000000205e+02
5.646181249999999636e+02
7.493897500000000491e+02
1.193304999999999836e+03
1.947876249999999800e+03
2.240195000000000164e+03
1.662671250000000100e+03
9.310925000000000864e+02
4.149278749999999718e+02
1.817236249999999700e+02
1.016735000000000042e+02
6.590671249999999759e+01
4.761204999999999643e+01
3.830398750000000518e+01
3.061866249999999923e+01
2.461474999999999724e+01
2.125941249999999627e+01
1.911464999999999748e+01
1.765750000000000242e+01
1.667936249999999987e+01
1.626783749999999884e+01
1.644891249999999872e+01
1.732608749999999986e+01
1.914727500000000049e+01
2.104062499999999858e+01
2.257958749999999881e+01
2.711704999999999899e+01
1.460783749999999941e+02
2.481316249999999854e+02
1.442702500000000043e+02
3.140932500000000118e+02
6.890723749999999370e+01
3.381055000000000064e+02
1.739022500000000093e+02
3.811531250000000171e+01
6.896753750000000593e+01
3.226710000000000491e+02
7.392797499999999218e+02
1.965706250000000068e+02
3.138838750000000033e+01
6.994329999999999359e+01
9.882340000000000373e+02
1.296376249999999857e+02
1.688110000000000355e+01
1.488738749999999982e+02
8.622636249999999336e+01
4.866846249999999685e+01
4.611364999999999270e+00
3.097459999999999880e+01
2.378858750000000200e+01
2.200993749999999860e+00
2.922442499999999832e+00
5.495163750000000569e+00
7.454442500000000393e+01
2.938419999999999845e+02
2.665919999999999845e+01
5.572871250000000032e+01
1.682562499999999943e+02
1.660774999999999864e+02
1.650826250000000073e+02
1.639608750000000157e+02
1.628197499999999991e+02
1.620260000000000105e+02
1.610304999999999893e+02
1.598465000000000202e+02
1.582523750000000007e+02
1.570908750000000111e+02
1.561488749999999754e+02
1.550886249999999791e+02
1.534638750000000016e+02
1.517753750000000252e+02
1.501782500000000198e+02
1.484892500000000268e+02
1.466921250000000327e+02
1.454592499999999973e+02
1.441398749999999893e+02
1.425465000000000089e+02
1.409835000000000207e+02
1.370063749999999914e+02
1.326627500000000168e+02
1.292532499999999800e+02
1.255391249999999843e+02
1.215489999999999924e+02
1.167434999999999832e+02
1.121593750000000114e+02
1.088021250000000038e+02
1.031267499999999870e+02
9.298088750000000857e+01
8.604798750000000496e+01
8.407761250000001496e+01
8.259588750000000346e+01
8.165289999999998827e+01
7.335018750000000409e+01
6.343117499999999609e+01
6.083078750000000667e+01
5.951095000000000113e+01
5.764046250000001237e+01
5.327009999999999934e+01
4.942702499999999333e+01
4.162557500000000488e+01
3.348590000000000089e+01
3.168667499999999748e+01
2.873486249999999842e+01
2.490111250000000354e+01
2.207796249999999816e+01
2.004668750000000088e+01
1.915589999999999904e+01
1.731944999999999979e+01
1.628803750000000150e+01
1.562047500000000255e+01
1.436268749999999983e+01
1.285330000000000084e+01
1.188137500000000024e+01
1.035089999999999932e+01
8.340036250000000706e+00
7.287172499999999609e+00
6.359163750000000448e+00
5.342959999999999710e+00
4.449212499999999793e+00
3.677321250000000319e+00
3.117183749999999698e+00
2.703193749999999618e+00
2.575513749999999824e+00
2.455107499999999998e+00
2.234192500000000248e+00
2.095643749999999805e+00
2.023660000000000014e+00
1.955253750000000013e+00
1.858207500000000012e+00
1.490846250000000150e+00
1.248653750000000118e+00
1.047452499999999898e+00
8.305189999999998962e-01
6.937991250000000720e-01
6.329406249999999234e-01
5.965564999999999340e-01
5.803528749999999903e-01
5.606189999999999785e-01
5.367799999999999239e-01
5.042424999999999269e-01
4.748554999999999859e-01
4.615085000000000437e-01
4.421808749999999733e-01
4.270375000000000143e-01
4.117215000000000180e-01
3.846328750000000407e-01
3.668270000000000142e-01
3.588031250000000005e-01
3.532947499999999907e-01
3.469345000000000345e-01
3.311675000000000035e-01
3.085676250000000120e-01
2.858121250000000280e-01
2.682198749999999965e-01
2.553308750000000127e-01
2.445729999999999849e-01
2.361734999999999807e-01
2.220816250000000047e-01
1.842318749999999894e-01
1.273708749999999945e-01
9.384421250000000991e-02
7.675558749999998598e-02
4.468888749999999632e-02
2.245773749999999819e-02
1.128837499999999806e-02
2.523155000000000016e-03
6.442072500000001331e-04
5.119073750000000499e-04
2.275736250000000077e-04
2.526327499999999606e-04
2.783362499999999899e-04
1.568074999999999992e-04
1.580925000000000114e-04
