6.902812499999999574e+00
9.385313749999999899e+00
7.378266249999999360e+00
6.802576250000000435e+00
6.504537499999999639e+00
6.276402499999999662e+00
6.057046250000000853e+00
5.886898749999999403e+00
5.768012499999999321e+00
5.668097500000000011e+00
5.575471249999999657e+00
5.483385000000000176e+00
5.416068749999999099e+00
5.305696249999999559e+00
5.248586249999999787e+00
5.214620000000000033e+00
5.175480000000000302e+00
5.142662499999999248e+00
5.115935000000000343e+00
5.097712500000000979e+00
5.090734999999999566e+00
5.100118750000000034e+00
5.185446250000000035e+00
5.514471250000000602e+00
6.207353750000000225e+00
7.192606249999999868e+00
8.057591249999999761e+00
8.447983749999998793e+00
8.423795000000000144e+00
8.192702499999999333e+00
7.913176250000001133e+00
7.651786249999999789e+00
7.424350000000000449e+00
7.228586249999999325e+00
6.990522499999999972e+00
6.726153750000000819e+00
6.505561249999999518e+00
6.304191250000000579e+00
6.157096250000000381e+00
6.059871249999999598e+00
5.909832500000000266e+00
5.707849999999999646e+00
5.587945000000000384e+00
5.829122499999999540e+00
6.325137499999998525e+00
6.464736249999999629e+00
6.375207500000000138e+00
6.218453750000000113e+00
6.039203749999999538e+00
5.913258750000000674e+00
5.842241249999999830e+00
5.773648750000000440e+00
5.704838749999999514e+00
5.637232499999999646e+00
5.570579999999999643e+00
5.504075000000000273e+00
5.438348750000000287e+00
5.373428750000000420e+00
5.308810000000000251e+00
5.244911249999999470e+00
5.182062500000000682e+00
5.119912499999999866e+00
5.059428749999999475e+00
5.002351250000000249e+00
4.911386250000000508e+00
4.821049999999999613e+00
4.817521250000000421e+00
5.027741250000000051e+00
6.259613750000000643e+00
1.028887500000000088e+01
1.535525000000000162e+01
1.674654999999999916e+01
1.485565000000000069e+01
1.208889999999999887e+01
1.013751250000000148e+01
9.158223750000001218e+00
8.579677499999998957e+00
8.206852500000000106e+00
7.974356250000001367e+00
7.742902500000000465e+00
7.518443750000001202e+00
7.355776249999999017e+00
7.221284999999999954e+00
7.096158749999999849e+00
6.965458749999999810e+00
6.832054999999998657e+00
6.702837500000001114e+00
6.562766250000000134e+00
6.411866250000000100e+00
6.305229999999999890e+00
6.233693749999999589e+00
6.082164999999999822e+00
5.601492499999999986e+00
6.946561250000000243e+00
5.421783749999999458e+00
8.698138750000000030e+00
6.327259999999998996e+00
7.561407499999999615e+00
7.817386250000000203e+00
6.689636249999999507e+00
5.733753750000000871e+00
6.303396250000000478e+00
1.605907499999999999e+01
1.216422499999999829e+01
7.715712499999999530e+00
4.616481249999999648e+00
3.337626250000000283e+01
1.126834999999999987e+01
9.614315000000001277e+00
9.591111249999999089e+00
9.581469999999999487e+00
1.061558750000000018e+01
9.157828750000000184e+00
8.430593749999999886e+00
9.086522499999999170e+00
8.102121249999999719e+00
7.551613749999999570e+00
6.926224999999999632e+00
6.552224999999999078e+00
1.887133749999999566e+01
1.024122499999999825e+01
1.046983750000000057e+01
1.036035000000000039e+01
1.035597500000000082e+01
1.035397500000000015e+01
1.035170000000000101e+01
1.034940000000000104e+01
1.034779999999999767e+01
1.034579999999999878e+01
1.034340000000000082e+01
1.034019999999999762e+01
1.033785000000000132e+01
1.033597499999999947e+01
1.033382499999999915e+01
1.033055000000000057e+01
1.032713749999999919e+01
1.032391250000000049e+01
1.032052499999999817e+01
1.031690000000000218e+01
1.031442499999999995e+01
1.031176250000000039e+01
1.030855000000000032e+01
1.030540000000000056e+01
1.029737499999999883e+01
1.028863750000000188e+01
1.028178750000000008e+01
1.027430000000000021e+01
1.026626249999999985e+01
1.025657499999999978e+01
1.024735000000000085e+01
1.024058750000000018e+01
1.022913749999999844e+01
1.020868749999999991e+01
1.019150000000000134e+01
1.018152500000000060e+01
1.017402500000000032e+01
1.016924999999999990e+01
1.012723749999999967e+01
1.007703749999999943e+01
1.006316249999999890e+01
1.005388750000000009e+01
1.003831249999999997e+01
1.000198750000000025e+01
9.969923749999999529e+00
9.878384999999999749e+00
9.756815000000001348e+00
9.721252500000000296e+00
9.657320000000002125e+00
9.558549999999998548e+00
9.465548749999999956e+00
9.396319999999999339e+00
9.356821249999999424e+00
9.272951250000000201e+00
9.216951250000001039e+00
9.177647499999999070e+00
9.103589999999998739e+00
9.000346249999999770e+00
8.924381249999999710e+00
8.780150000000000787e+00
8.545437500000000242e+00
8.386301250000000707e+00
8.210861250000000666e+00
7.980777499999999414e+00
7.705034999999999634e+00
7.429081250000000303e+00
7.136337500000000666e+00
6.874368749999999473e+00
6.780816250000000878e+00
6.678302500000000030e+00
6.476967500000000655e+00
6.340130000000000265e+00
6.265676250000000280e+00
6.188418750000000301e+00
6.071064999999999046e+00
5.499032500000000212e+00
5.171072499999999295e+00
4.792142499999999750e+00
4.380583750000000443e+00
4.124083749999998716e+00
4.057879999999999932e+00
4.028033750000000524e+00
4.014739999999999753e+00
3.998550000000000271e+00
3.978993750000000329e+00
3.952302500000000496e+00
3.928303749999999983e+00
3.928226250000000253e+00
3.946812500000000057e+00
3.961377500000000218e+00
3.976105000000000000e+00
4.002563750000000198e+00
4.025482499999999852e+00
4.037594999999999601e+00
4.045913750000000420e+00
4.055516250000000156e+00
4.079296250000000512e+00
4.111032499999999423e+00
4.141104999999999592e+00
4.162396250000000464e+00
4.174572499999999131e+00
4.183107500000000201e+00
4.188092499999999774e+00
4.193396250000000158e+00
4.180944999999999467e+00
4.070672499999999694e+00
3.918837499999999974e+00
3.745147500000000740e+00
3.215121250000000153e+00
2.662093750000000369e+00
2.362769999999999815e+00
2.141066250000000171e+00
2.177105000000000068e+00
2.294482499999999536e+00
6.054912500000000364e-01
6.107662499999999550e-01
6.170137500000000275e-01
3.122449999999999948e-01
3.122787499999999938e-01
