8.546512500000000728e+03
1.019871875000000000e+04
6.986872500000000400e+03
5.898892499999999018e+03
5.276860000000000582e+03
4.757846249999999600e+03
4.207567499999999200e+03
3.734898749999999836e+03
3.367486249999999927e+03
3.027753749999999854e+03
2.682301249999999982e+03
2.298921249999999873e+03
1.996981250000000273e+03
1.522151249999999891e+03
1.337791249999999991e+03
1.278190000000000055e+03
1.246882499999999936e+03
1.252232500000000073e+03
1.285074999999999818e+03
1.341099999999999909e+03
1.418644999999999982e+03
1.517972500000000082e+03
1.748812500000000000e+03
2.164508749999999964e+03
2.580802499999999782e+03
2.746338749999999891e+03
2.480443749999999909e+03
1.937373750000000200e+03
1.394888750000000073e+03
9.827839999999999918e+02
7.044984999999999218e+02
5.220196250000000191e+02
4.012041249999999764e+02
3.188785000000000309e+02
2.427150000000000034e+02
1.830639999999999930e+02
1.529877500000000055e+02
1.400389999999999873e+02
1.393855000000000075e+02
1.439424999999999955e+02
1.611709999999999923e+02
2.141539999999999964e+02
3.402144999999999300e+02
5.235651249999999663e+02
5.539777500000000146e+02
4.338580000000000609e+02
3.455233749999999873e+02
2.801258750000000077e+02
2.424429999999999836e+02
2.260136249999999905e+02
2.207108749999999873e+02
2.178187499999999659e+02
2.164804999999999779e+02
2.176320000000000050e+02
2.198051250000000039e+02
2.234953749999999957e+02
2.293891250000000070e+02
2.358438749999999686e+02
2.452866249999999866e+02
2.551446249999999907e+02
2.681533749999999827e+02
2.826589999999999918e+02
2.994617499999999382e+02
3.200382500000000050e+02
3.633509999999999991e+02
4.479391249999999900e+02
5.694356249999999591e+02
7.544173749999999927e+02
1.199563750000000255e+03
1.958166250000000218e+03
2.255552500000000236e+03
1.679417500000000018e+03
9.459479999999998654e+02
4.270169999999999959e+02
1.918611249999999870e+02
1.108317499999999995e+02
7.448638749999999220e+01
5.581891249999999616e+01
4.627833749999999924e+01
3.836156249999999801e+01
3.213317500000000138e+01
2.861517499999999714e+01
2.633593750000000000e+01
2.475363749999999996e+01
2.364482500000000442e+01
2.309987499999999727e+01
2.315173749999999941e+01
2.388884999999999792e+01
2.555913750000000206e+01
2.734588749999999990e+01
2.881326250000000044e+01
3.319919999999999760e+01
1.516798750000000098e+02
2.550781249999999716e+02
1.496920000000000073e+02
3.227913750000000164e+02
7.523449999999999704e+01
3.456668749999999477e+02
1.817196249999999793e+02
4.480494999999999095e+01
7.470129999999998915e+01
3.289742499999999836e+02
7.553390000000000555e+02
2.087347500000000196e+02
3.910409999999999542e+01
7.455978749999999877e+01
1.021610000000000014e+03
1.409060000000000059e+02
2.649541250000000048e+01
1.584648750000000064e+02
9.580785000000000196e+01
5.928404999999999347e+01
1.376920000000000144e+01
3.940518749999999670e+01
3.287510000000000332e+01
1.030312500000000142e+01
1.047406250000000050e+01
1.242138749999999980e+01
8.109667500000000473e+01
3.127132500000000164e+02
3.690041250000000161e+01
6.619853750000000048e+01
1.786166249999999991e+02
1.764333749999999839e+02
1.754366249999999923e+02
1.743128749999999911e+02
1.731694999999999993e+02
1.723738749999999982e+02
1.713764999999999930e+02
1.701900000000000261e+02
1.685926249999999982e+02
1.674287500000000080e+02
1.664848749999999882e+02
1.654226250000000107e+02
1.637947500000000218e+02
1.621023750000000234e+02
1.605021250000000066e+02
1.588100000000000023e+02
1.570088750000000459e+02
1.557737500000000068e+02
1.544517500000000041e+02
1.528551250000000152e+02
1.512887499999999932e+02
1.473035000000000139e+02
1.429513749999999845e+02
1.395352500000000191e+02
1.358133749999999793e+02
1.318151250000000232e+02
1.270001249999999970e+02
1.224067500000000024e+02
1.190426249999999868e+02
1.133558749999999975e+02
1.031896250000000066e+02
9.623947499999999877e+01
9.425916250000000218e+01
9.276991250000000377e+01
9.182217500000000143e+01
8.347741250000001401e+01
7.350818749999999113e+01
7.089395000000000380e+01
6.956483749999999588e+01
6.767877500000000168e+01
6.327210000000000178e+01
5.939693749999999994e+01
5.150396250000000009e+01
4.324273750000000405e+01
4.140793750000000273e+01
3.839218750000000568e+01
3.445967500000000427e+01
3.154351250000000206e+01
2.944298750000000098e+01
2.851273750000000362e+01
2.659242499999999865e+01
2.550497500000000173e+01
2.479813749999999928e+01
2.346624999999999872e+01
2.185366249999999866e+01
2.080573749999999578e+01
1.913106250000000230e+01
1.688548749999999998e+01
1.567347499999999982e+01
1.457002500000000289e+01
1.332374999999999865e+01
1.215425000000000111e+01
1.110640000000000072e+01
1.025351249999999936e+01
9.577561250000000470e+00
9.356327499999999020e+00
9.133409999999999584e+00
8.724107499999998794e+00
8.519531250000000000e+00
8.408054999999999168e+00
8.398685000000000400e+00
8.290856249999999150e+00
7.731189999999999785e+00
7.432105000000000850e+00
7.112283750000000460e+00
6.770002499999999479e+00
6.570591250000000549e+00
6.572504999999999598e+00
6.592042500000000693e+00
6.600746249999999371e+00
6.611342500000001010e+00
6.624146250000000791e+00
6.641620000000000523e+00
6.657587500000000880e+00
6.683391249999999673e+00
6.752811249999998822e+00
6.807205000000000616e+00
6.862216250000000350e+00
6.959627499999999856e+00
7.025177499999999853e+00
7.055207500000000742e+00
7.075823750000000523e+00
7.099627499999999536e+00
7.158438750000000184e+00
7.225038749999999510e+00
7.277909999999998547e+00
7.311467500000000008e+00
7.323413749999999389e+00
7.328878749999999442e+00
7.328776249999999770e+00
7.321320000000000050e+00
7.253068749999999731e+00
7.032202500000000356e+00
6.815206249999999244e+00
6.607521249999999569e+00
6.002986250000000190e+00
5.378458750000000066e+00
5.050439999999999152e+00
4.865717500000000584e+00
4.897876250000000375e+00
5.008808750000000032e+00
1.293073750000000022e+00
1.300563749999999796e+00
1.308921250000000036e+00
6.584925000000000361e-01
6.580774999999999819e-01
