3.319351249999999709e+03
3.953174999999999727e+03
2.701097499999999854e+03
2.275721250000000055e+03
2.032002500000000055e+03
1.828206249999999727e+03
1.611496250000000146e+03
1.424470000000000027e+03
1.278146250000000009e+03
1.142921249999999873e+03
1.003737500000000068e+03
8.467717499999999973e+02
7.202436250000000655e+02
5.041551249999999982e+02
4.063057499999999891e+02
3.613281250000000000e+02
3.186752500000000055e+02
2.885571250000000418e+02
2.653902500000000373e+02
2.472618750000000318e+02
2.324657499999999857e+02
2.203372499999999832e+02
2.030848750000000109e+02
1.842698750000000132e+02
1.703428749999999923e+02
1.597193750000000136e+02
1.510278749999999945e+02
1.440604999999999905e+02
1.383845000000000027e+02
1.338488749999999925e+02
1.299243749999999977e+02
1.267386249999999848e+02
1.240721249999999998e+02
1.218884999999999934e+02
1.196663750000000164e+02
1.178386249999999933e+02
1.169762499999999932e+02
1.172886249999999961e+02
1.182203749999999900e+02
1.191753750000000025e+02
1.211274999999999977e+02
1.246018750000000068e+02
1.291974999999999909e+02
1.349587500000000091e+02
1.420797500000000184e+02
1.485563750000000027e+02
1.531883750000000077e+02
1.586656250000000057e+02
1.642925000000000182e+02
1.685342500000000143e+02
1.713927499999999782e+02
1.742001249999999857e+02
1.770492500000000007e+02
1.798973749999999825e+02
1.827317499999999768e+02
1.860337499999999977e+02
1.896166249999999991e+02
1.931662500000000193e+02
1.967496249999999804e+02
2.003025000000000091e+02
2.039073750000000018e+02
2.081699999999999591e+02
2.127139999999999986e+02
2.172368749999999977e+02
2.251950000000000216e+02
2.379692499999999882e+02
2.525181250000000261e+02
2.679309999999999832e+02
2.962143750000000182e+02
3.402273750000000518e+02
3.985588749999999436e+02
4.773947499999999877e+02
5.851575000000000273e+02
8.241972500000000537e+02
1.447434999999999945e+03
3.467427499999999782e+03
1.508432500000000073e+04
4.206091249999999854e+04
3.277588749999999709e+04
8.773308749999998327e+03
1.977501249999999800e+03
9.847621250000000828e+02
6.121407500000000255e+02
4.203192500000000678e+02
2.978873750000000200e+02
2.194457500000000039e+02
1.709052499999999952e+02
1.371207499999999868e+02
1.131702500000000100e+02
1.013437500000000000e+02
9.491644999999999754e+01
8.532378750000000878e+01
6.898516250000000127e+01
1.257854999999999848e+02
5.930771250000000236e+02
4.583958750000000038e+01
2.519498749999999632e+01
2.761317500000000180e+01
3.554574999999999818e+02
4.017217499999999575e+01
2.194200000000000017e+01
1.895432500000000076e+01
1.900481249999999989e+01
2.174901250000000275e+01
3.013148750000000291e+02
3.048228750000000176e+01
1.228299999999999955e+03
1.963464999999999918e+02
8.212537499999999682e+02
2.916021250000000009e+01
1.547743750000000205e+02
2.480343750000000114e+01
1.107665000000000077e+02
1.467416249999999991e+03
1.265627500000000083e+02
1.138820000000000164e+03
2.198727499999999964e+02
8.171733749999999645e+02
7.203036249999999541e+01
1.961320000000000050e+02
2.017682500000000090e+01
1.884964999999999975e+02
1.854663750000000277e+02
1.831393750000000296e+02
1.820767500000000041e+02
1.808788749999999936e+02
1.796599999999999966e+02
1.788122500000000059e+02
1.777486250000000041e+02
1.764842500000000030e+02
1.747816249999999911e+02
1.735412499999999909e+02
1.725350000000000250e+02
1.714025000000000034e+02
1.696671249999999986e+02
1.678633749999999907e+02
1.661576249999999959e+02
1.643538750000000164e+02
1.624342499999999916e+02
1.611176250000000039e+02
1.597086249999999836e+02
1.580067500000000109e+02
1.563369999999999891e+02
1.520891250000000241e+02
1.474501250000000141e+02
1.438083750000000123e+02
1.398414999999999964e+02
1.355797499999999900e+02
1.304471250000000282e+02
1.255508750000000191e+02
1.219650000000000034e+02
1.159031250000000028e+02
1.050667499999999990e+02
9.725623749999999745e+01
9.440115000000000123e+01
9.225411249999999086e+01
9.088775000000001114e+01
8.231535000000000935e+01
7.426048750000001064e+01
7.221916249999999593e+01
7.089839999999999520e+01
6.872842499999998722e+01
6.418737500000000296e+01
6.098140000000000072e+01
5.294168749999998624e+01
4.473287500000000705e+01
4.279063750000000255e+01
3.985856250000000500e+01
3.595231250000000500e+01
3.303733749999999958e+01
3.093768749999999912e+01
3.000796249999999787e+01
2.806228750000000005e+01
2.686378750000000082e+01
2.606387499999999946e+01
2.484413749999999865e+01
2.328590000000000160e+01
2.226441249999999883e+01
2.061306250000000162e+01
1.840821250000000120e+01
1.715709999999999980e+01
1.594902500000000067e+01
1.456418749999999918e+01
1.319807499999999933e+01
1.232750000000000057e+01
1.152952499999999958e+01
1.097015000000000029e+01
1.079863749999999989e+01
1.062387499999999996e+01
1.025457500000000088e+01
9.988360000000000127e+00
9.844550000000001688e+00
9.722830000000000084e+00
9.567958749999998957e+00
9.127111250000000453e+00
8.679190000000000182e+00
8.253257500000000135e+00
7.789959999999999773e+00
7.364547500000000468e+00
7.174693750000000314e+00
7.079324999999999868e+00
7.064785000000000537e+00
7.047079999999999345e+00
7.025688749999998706e+00
7.017141249999999886e+00
7.021116250000000392e+00
7.023796249999999297e+00
7.043973750000000145e+00
7.064303749999999660e+00
7.084864999999999746e+00
7.121607500000000535e+00
7.150804999999999190e+00
7.165598749999999129e+00
7.175752499999998868e+00
7.187477499999999075e+00
7.216464999999999463e+00
7.250720000000000276e+00
7.279366249999999816e+00
7.295900000000000496e+00
7.298580000000000290e+00
7.300881249999999767e+00
7.302741250000000406e+00
7.294544999999999391e+00
7.238348750000000109e+00
7.017719999999999736e+00
6.763980000000000103e+00
6.535236250000000524e+00
5.866688749999999786e+00
5.222725000000000506e+00
4.906112500000000765e+00
4.717761249999999684e+00
4.782783749999999223e+00
4.974973750000000194e+00
1.295422499999999921e+00
1.302476250000000002e+00
1.308496250000000138e+00
6.537112499999999660e-01
6.479487499999999622e-01
