3.313926249999999982e+03
3.945809999999999945e+03
2.695308749999999691e+03
2.270386250000000018e+03
2.026902499999999918e+03
1.823285000000000309e+03
1.606748750000000200e+03
1.419858749999999873e+03
1.273627500000000055e+03
1.138481250000000045e+03
9.993691250000001673e+02
8.424788750000001301e+02
7.160046249999999191e+02
5.000060000000000286e+02
4.022036249999999882e+02
3.572543749999999818e+02
3.146347500000000537e+02
2.845467499999999745e+02
2.614080000000000155e+02
2.433057499999999891e+02
2.285344999999999800e+02
2.164298749999999814e+02
1.992162499999999739e+02
1.804522499999999923e+02
1.665708750000000009e+02
1.559863749999999811e+02
1.473303750000000036e+02
1.403924999999999841e+02
1.347407499999999914e+02
1.302228750000000161e+02
1.263118750000000006e+02
1.231331250000000068e+02
1.204685000000000059e+02
1.182806250000000006e+02
1.160361249999999984e+02
1.141538749999999993e+02
1.132113750000000039e+02
1.134056250000000006e+02
1.142220000000000084e+02
1.150848749999999825e+02
1.168735000000000070e+02
1.200796250000000072e+02
1.243357499999999902e+02
1.296763750000000073e+02
1.362747500000000116e+02
1.422678750000000036e+02
1.465513749999999789e+02
1.516069999999999993e+02
1.567988750000000095e+02
1.607087500000000091e+02
1.633378749999999684e+02
1.659206250000000011e+02
1.685409999999999968e+02
1.711606250000000102e+02
1.737678750000000036e+02
1.767977499999999793e+02
1.800823749999999848e+02
1.833358750000000157e+02
1.866206250000000182e+02
1.898769999999999811e+02
1.931810000000000116e+02
1.970771249999999952e+02
2.012269999999999754e+02
2.053572499999999934e+02
2.126247499999999775e+02
2.242668749999999989e+02
2.375006249999999852e+02
2.515071250000000020e+02
2.771318750000000364e+02
3.169068750000000136e+02
3.694144999999999754e+02
4.401002499999999600e+02
5.363297499999999900e+02
7.486134999999999309e+02
1.298216249999999718e+03
3.062918750000000273e+03
1.310461250000000109e+04
3.623441250000000582e+04
2.808095000000000073e+04
7.434643750000001091e+03
1.634176249999999982e+03
7.980584999999999809e+02
4.871071249999999964e+02
3.284345000000000141e+02
2.280553749999999980e+02
1.643735000000000355e+02
1.253971250000000026e+02
9.860732500000000300e+01
7.987557499999999777e+01
7.075761250000000757e+01
6.585065000000000168e+01
5.866748749999999291e+01
4.783325000000000671e+01
1.109754999999999825e+02
5.723016249999999445e+02
3.097881250000000009e+01
1.389664999999999928e+01
1.778453749999999900e+01
3.437213749999999663e+02
3.029672499999999857e+01
1.339181249999999856e+01
1.115822499999999806e+01
1.209905000000000008e+01
1.547981250000000131e+01
2.910352500000000191e+02
2.542418750000000216e+01
1.106144999999999982e+03
1.793697499999999820e+02
7.703150000000000546e+02
1.984313750000000098e+01
1.468662499999999795e+02
2.011802499999999583e+01
1.025292124999999999e+02
1.275464999999999918e+03
9.970886250000000928e+01
8.689023750000001201e+02
1.945791250000000048e+02
6.867480000000000473e+02
5.198048750000000950e+01
1.671026250000000175e+02
5.570432500000000786e+00
1.523266249999999786e+02
1.494648750000000064e+02
1.472673749999999870e+02
1.462641250000000070e+02
1.451327499999999873e+02
1.439817500000000052e+02
1.431809999999999832e+02
1.421767499999999984e+02
1.409826249999999845e+02
1.393748750000000314e+02
1.382034999999999911e+02
1.372532499999999800e+02
1.361836250000000064e+02
1.345448749999999905e+02
1.328415000000000248e+02
1.312308749999999975e+02
1.295275000000000034e+02
1.277143750000000040e+02
1.264712500000000119e+02
1.251406250000000142e+02
1.235333749999999924e+02
1.219566250000000025e+02
1.179453749999999985e+02
1.135642500000000013e+02
1.101255000000000024e+02
1.063792499999999848e+02
1.023545000000000016e+02
9.750746250000000259e+01
9.288370000000000459e+01
8.949738750000001630e+01
8.377302500000000407e+01
7.353956250000000239e+01
6.622417500000000246e+01
6.363978750000000417e+01
6.169631250000000477e+01
6.045950000000000557e+01
5.280905000000000626e+01
4.570507500000000078e+01
4.391711250000000177e+01
4.277432500000000459e+01
4.090822500000000161e+01
3.702591249999999690e+01
3.432423750000000240e+01
2.770742500000000064e+01
2.117020000000000124e+01
1.967747500000000116e+01
1.747473749999999981e+01
1.461798750000000169e+01
1.258194999999999908e+01
1.112496250000000053e+01
1.051572499999999977e+01
9.247288749999999169e+00
8.489539999999999864e+00
7.991992499999998500e+00
7.255088750000000530e+00
6.345849999999999547e+00
5.770036249999999534e+00
4.889112500000000416e+00
3.385971250000000321e+00
2.320007500000000000e+00
1.872862499999999875e+00
1.486365000000000158e+00
1.177446250000000250e+00
9.743506249999999147e-01
7.622202499999999326e-01
6.030916250000000201e-01
5.568298750000000297e-01
5.204988749999999165e-01
4.444677499999999393e-01
3.976218750000000135e-01
3.772771250000000465e-01
3.548353749999999529e-01
3.192940000000000222e-01
2.457322499999999854e-01
1.881760000000000099e-01
1.427986250000000124e-01
1.085168749999999988e-01
8.341802500000000675e-02
7.152996250000000222e-02
6.383077500000000626e-02
5.971764999999999712e-02
5.470842499999999803e-02
4.865709999999999480e-02
4.364561250000000003e-02
4.095138750000000549e-02
3.913582500000000602e-02
3.501422500000000299e-02
3.164132499999999792e-02
2.912593749999999732e-02
2.656731249999999891e-02
2.490252499999999827e-02
2.412180000000000227e-02
2.358581250000000087e-02
2.301127499999999770e-02
2.172422499999999979e-02
1.986187500000000106e-02
1.753142499999999979e-02
1.571469999999999811e-02
1.490758750000000313e-02
1.427961250000000029e-02
1.380041250000000122e-02
1.302602500000000010e-02
1.106068749999999934e-02
8.433001250000000601e-03
7.025338750000000368e-03
5.844317499999999652e-03
3.528787500000000413e-03
1.956196249999999758e-03
1.238022500000000034e-03
6.225681249999999271e-04
6.448863750000000247e-04
8.497896249999999877e-04
2.028119999999999955e-04
1.872562499999999878e-04
1.580164999999999803e-04
4.692262499999999868e-05
3.064575000000000046e-05
