5.422487499999999905e+00
7.367046249999999574e+00
5.787866249999999546e+00
5.334466250000000187e+00
5.099616250000000406e+00
4.919764999999999944e+00
4.746736250000000545e+00
4.612283749999999571e+00
4.518054999999999488e+00
4.439476250000000235e+00
4.366074999999999484e+00
4.292817499999999953e+00
4.238947500000000090e+00
4.149208749999999668e+00
4.102190000000000225e+00
4.073806250000000517e+00
4.040303749999999638e+00
4.010403750000000045e+00
3.982366250000000107e+00
3.956137500000000085e+00
3.931171249999999784e+00
3.907486250000000272e+00
3.868523749999999595e+00
3.817581250000000370e+00
3.772323749999999976e+00
3.732678749999999823e+00
3.697624999999999940e+00
3.667996249999999403e+00
3.643817499999999932e+00
3.626081249999999478e+00
3.612551249999999659e+00
3.605306249999999935e+00
3.603596250000000278e+00
3.607838749999999983e+00
3.630326250000000421e+00
3.684800000000000075e+00
3.764969999999999484e+00
3.882862500000000328e+00
3.998387499999999761e+00
4.090491250000000356e+00
4.253968750000000298e+00
4.522103750000000311e+00
4.861816250000000394e+00
5.282300000000000217e+00
5.805149999999999366e+00
6.288398749999999815e+00
6.636789999999999523e+00
7.058752499999999763e+00
7.493591250000000592e+00
7.825502499999998918e+00
8.054701250000000812e+00
8.279835000000000278e+00
8.508286249999999384e+00
8.736657499999999743e+00
8.964042500000001468e+00
9.235839999999999606e+00
9.534523749999998188e+00
9.830413749999999951e+00
1.012912499999999838e+01
1.042527499999999918e+01
1.072628749999999975e+01
1.109274999999999878e+01
1.148710000000000164e+01
1.187957500000000088e+01
1.257013749999999952e+01
1.370257500000000128e+01
1.501767499999999700e+01
1.642383749999999765e+01
1.908249999999999957e+01
2.332063750000000013e+01
2.914446250000000305e+01
3.729448750000000246e+01
4.882789999999999964e+01
7.558360000000000412e+01
1.492184999999999775e+02
4.045088750000000459e+02
1.979683750000000146e+03
5.826511249999999563e+03
4.694941249999999854e+03
1.338663749999999936e+03
3.433262500000000159e+02
1.867039999999999793e+02
1.250337499999999977e+02
9.188476249999999368e+01
6.983188749999999345e+01
5.507242500000000263e+01
4.550833750000000322e+01
3.851321250000000163e+01
3.329473750000000365e+01
3.058610000000000539e+01
2.906577499999999858e+01
2.665628749999999769e+01
2.115192499999999853e+01
1.481001250000000091e+01
2.077537500000000037e+01
1.486073750000000082e+01
1.129834999999999923e+01
9.828632500000001215e+00
1.173604999999999876e+01
9.875453750000000142e+00
8.550172500000000397e+00
7.796085000000000598e+00
6.905753749999999691e+00
6.269203749999999076e+00
1.027976250000000036e+01
5.058103749999999899e+00
1.221538750000000135e+02
1.697660000000000124e+01
5.093870000000000431e+01
9.317092499999999333e+00
7.908126250000000468e+00
4.685413750000000377e+00
8.237274999999998570e+00
1.919499999999999886e+02
2.685379999999999967e+01
2.699167499999999791e+02
2.529348749999999768e+01
1.304254999999999995e+02
2.004987499999999656e+01
2.902917499999999507e+01
1.460638750000000030e+01
3.617001249999999857e+01
3.600137499999999591e+01
3.587187500000000284e+01
3.581275000000000830e+01
3.574607499999999760e+01
3.567826250000000243e+01
3.563107499999999561e+01
3.557188750000000255e+01
3.550152499999999378e+01
3.540677499999999611e+01
3.533773749999999580e+01
3.528173749999999842e+01
3.521871249999999520e+01
3.512213750000000090e+01
3.502174999999999727e+01
3.492685000000000173e+01
3.482647499999999496e+01
3.471962500000000063e+01
3.464634999999999820e+01
3.456794999999999618e+01
3.447325000000000017e+01
3.438033749999999600e+01
3.414394999999999669e+01
3.388577500000000242e+01
3.368312500000000398e+01
3.346235000000000070e+01
3.322517500000000013e+01
3.293954999999999700e+01
3.266704999999999615e+01
3.246752500000000197e+01
3.213018749999999812e+01
3.152715000000000600e+01
3.103205000000000169e+01
3.076136250000000061e+01
3.055780000000000385e+01
3.042823750000000160e+01
2.950631249999999994e+01
2.855543750000000003e+01
2.830206250000000168e+01
2.812411249999999896e+01
2.782018749999999585e+01
2.716146250000000251e+01
2.665718749999999915e+01
2.523426249999999982e+01
2.356267499999999870e+01
2.311313749999999700e+01
2.238381249999999767e+01
2.133431249999999935e+01
2.045538750000000405e+01
1.981272500000000036e+01
1.949224999999999852e+01
1.881501250000000169e+01
1.837424999999999997e+01
1.807187500000000213e+01
1.758906250000000071e+01
1.694006249999999980e+01
1.649435000000000073e+01
1.572393749999999812e+01
1.500860000000000127e+01
1.456471250000000062e+01
1.349481250000000010e+01
1.225136249999999905e+01
1.104041249999999863e+01
1.030193750000000108e+01
9.634854999999999947e+00
9.111625000000000085e+00
8.957306250000000247e+00
8.801405000000000811e+00
8.462148750000000774e+00
8.222437499999999844e+00
8.100212500000001370e+00
8.010831250000000736e+00
7.895062499999999872e+00
7.481458750000000713e+00
6.996163750000000903e+00
6.520528750000000429e+00
5.920282499999999892e+00
5.346743750000000794e+00
5.051003749999999570e+00
4.878546250000000306e+00
4.817926250000001076e+00
4.744096250000001014e+00
4.654912500000000009e+00
4.580616250000000278e+00
4.540267500000000567e+00
4.513081249999999933e+00
4.472444999999999560e+00
4.444898750000000121e+00
4.426033750000000211e+00
4.412054999999999616e+00
4.408579999999999721e+00
4.408502499999999991e+00
4.408450000000001090e+00
4.409973749999999804e+00
4.418631249999999788e+00
4.427988749999999918e+00
4.437908750000000069e+00
4.445811250000000214e+00
4.448526250000000459e+00
4.452956249999999727e+00
4.457507500000001066e+00
4.456458749999999469e+00
4.431408750000000119e+00
4.271855000000000402e+00
4.060011250000000516e+00
3.867788749999999887e+00
3.285222500000000601e+00
2.688130000000000130e+00
2.366902499999999687e+00
2.203236250000000229e+00
2.325016250000000007e+00
2.573923750000000510e+00
7.021787499999999627e-01
7.102887500000000243e-01
7.181137499999999951e-01
3.604924999999999935e-01
3.555737500000000217e-01
