8.563662499999999511e+00
1.127352499999999758e+01
8.612491249999999710e+00
7.820581250000000040e+00
7.403226249999999453e+00
7.079713750000000694e+00
6.765357500000000357e+00
6.519597499999999712e+00
6.347242499999999232e+00
6.204374999999999751e+00
6.072671250000000853e+00
5.945776249999999763e+00
5.858056249999999743e+00
5.742718749999999872e+00
5.701344999999999885e+00
5.685706249999999962e+00
5.672155000000000946e+00
5.663328749999999800e+00
5.656888750000000243e+00
5.652000000000000135e+00
5.648056250000000666e+00
5.644828750000000284e+00
5.640178750000000463e+00
5.634897500000000115e+00
5.630638749999999249e+00
5.627001250000000176e+00
5.623713750000000289e+00
5.620708750000000364e+00
5.617899999999999672e+00
5.615244999999999820e+00
5.612677500000000208e+00
5.610212500000000269e+00
5.607812499999999645e+00
5.605458750000000379e+00
5.602098749999999683e+00
5.597646249999999490e+00
5.593315000000000481e+00
5.589050000000000296e+00
5.585828750000000120e+00
5.583746250000000799e+00
5.580683749999999499e+00
5.576610000000000511e+00
5.572537500000001032e+00
5.568531250000001265e+00
5.564541250000000439e+00
5.561558749999999662e+00
5.559576250000000108e+00
5.557615000000000194e+00
5.555651249999999486e+00
5.554282499999999345e+00
5.553510000000000169e+00
5.552747500000000613e+00
5.551976250000000945e+00
5.551203749999999992e+00
5.550438749999999644e+00
5.549666250000000467e+00
5.548894999999999911e+00
5.548131249999999959e+00
5.547361249999999799e+00
5.546594999999999942e+00
5.545824999999999783e+00
5.545057500000000417e+00
5.544286250000000749e+00
5.543521249999999512e+00
5.542168749999999200e+00
5.540252499999999358e+00
5.538331250000000594e+00
5.536405000000000243e+00
5.533566249999999798e+00
5.529851250000000107e+00
5.526110000000000966e+00
5.522325000000000372e+00
5.518577500000001024e+00
5.513447500000000723e+00
5.506837500000000496e+00
5.500181250000000688e+00
5.493667499999999038e+00
5.487544999999999895e+00
5.482445000000000235e+00
5.476198750000000892e+00
5.468837500000001128e+00
5.462464999999999904e+00
5.456540000000000390e+00
5.450521250000000428e+00
5.443968749999999801e+00
5.437151249999999436e+00
5.430568750000000833e+00
5.423702500000000093e+00
5.416900000000000048e+00
5.412625000000000242e+00
5.409968750000000881e+00
5.405077499999999979e+00
5.390556249999999494e+00
5.371633749999999097e+00
5.355897500000000200e+00
5.324607500000000826e+00
5.294143749999999926e+00
5.275161250000000024e+00
5.246612500000000345e+00
5.222847500000000309e+00
5.209156249999999488e+00
5.197012500000000479e+00
5.181598750000000919e+00
5.171737500000000765e+00
5.143702500000000732e+00
5.095107500000000122e+00
5.049562500000000398e+00
4.994019999999999904e+00
4.950152499999999733e+00
4.919353749999999970e+00
4.878699999999999370e+00
4.845925000000000260e+00
4.817177499999999668e+00
4.781859999999999999e+00
4.739807499999999507e+00
4.680608749999999318e+00
4.630544999999999689e+00
4.590837500000000126e+00
4.535143750000000473e+00
4.437273750000000128e+00
4.204582499999999889e+00
6.239803750000000981e+00
1.230812499999999865e+01
5.342666249999999728e+00
5.153058749999999577e+00
5.026391249999999644e+00
4.931782499999999736e+00
4.882298750000001242e+00
4.830251249999999885e+00
4.780088749999999109e+00
4.724386250000000231e+00
4.690117500000001272e+00
4.664531249999999574e+00
4.638773750000000362e+00
4.602940000000000254e+00
4.569786249999999939e+00
4.541143749999999812e+00
4.512976249999999467e+00
4.484546250000000178e+00
4.466179999999999595e+00
4.447127499999998790e+00
4.425315000000000332e+00
4.404449999999999754e+00
4.354429999999999801e+00
4.301713750000000225e+00
4.260991250000000008e+00
4.215934999999999988e+00
4.165359999999999729e+00
4.093679999999999986e+00
4.004646249999999519e+00
3.906596249999999770e+00
4.655878749999999400e+00
7.759985000000000355e+00
5.821056250000000709e+00
4.296287500000000037e+00
4.108266249999999786e+00
4.012565000000000381e+00
1.149578750000000049e+01
4.431468749999999623e+00
4.086896249999999675e+00
3.778344999999999843e+00
1.967745000000000033e+01
6.707948749999999905e+00
4.655676250000000849e+00
5.312904999999999767e+00
6.168872500000000869e+00
4.357922499999999921e+00
5.732834999999999681e+00
5.370046250000000576e+00
6.904548750000000013e+00
4.243042500000000494e+00
1.254142500000000027e+01
6.597157500000000674e+00
5.320083750000000222e+00
6.130458750000000734e+00
6.065902499999999975e+00
5.951010000000000133e+00
5.859721249999999770e+00
5.708051250000000465e+00
5.531948750000000636e+00
5.450314999999999799e+00
5.409833750000000663e+00
5.471876249999999331e+00
5.603332500000000493e+00
5.749683749999999982e+00
5.937196250000000397e+00
6.111361249999999856e+00
6.172328750000000142e+00
6.235409999999999897e+00
6.356167499999998860e+00
6.434642500000000709e+00
6.475717500000000015e+00
6.516986250000000425e+00
6.578197499999999920e+00
6.771044999999999980e+00
6.933317500000000244e+00
7.092330000000000467e+00
7.220082499999999293e+00
7.159766249999999665e+00
6.973746250000000479e+00
6.789286249999999079e+00
6.713508750000000802e+00
6.630781250000000071e+00
6.535777500000000018e+00
6.431004999999998972e+00
6.350877499999999287e+00
6.300139999999998963e+00
6.178852499999999637e+00
6.077578749999998919e+00
5.974642499999999856e+00
5.779591250000000180e+00
5.637583750000000116e+00
5.568448749999999947e+00
5.519499999999998963e+00
5.464783750000000495e+00
5.342051249999999030e+00
5.143918749999999207e+00
4.935793750000000202e+00
4.791782500000000056e+00
4.699639999999999596e+00
4.627281249999999346e+00
4.571143749999999173e+00
4.477946250000000461e+00
4.149272500000000363e+00
3.555901249999999791e+00
3.121883749999999846e+00
2.839602499999999807e+00
2.310316249999999627e+00
2.003581249999999869e+00
1.983406250000000037e+00
2.251938749999999878e+00
2.551541250000000094e+00
2.720595000000000319e+00
6.648000000000000576e-01
6.559675000000000367e-01
6.314524999999999721e-01
2.814937499999999870e-01
2.546012500000000012e-01
