6.275699999999999790e+01
7.580217500000000541e+01
5.269278749999999434e+01
4.495279999999999632e+01
4.055423750000000638e+01
3.690151250000000260e+01
3.304687500000000000e+01
2.974571249999999623e+01
2.718283750000000154e+01
2.483086250000000206e+01
2.242539999999999978e+01
1.973450000000000060e+01
1.758011250000000203e+01
1.393657500000000127e+01
1.229778750000000009e+01
1.154787500000000122e+01
1.083698750000000111e+01
1.033507499999999979e+01
9.948712500000000958e+00
9.645622499999999988e+00
9.397244999999999848e+00
9.192646249999999242e+00
8.899834999999999496e+00
8.576406249999999787e+00
8.331896249999999782e+00
8.139942500000000081e+00
7.978679999999999772e+00
7.844231249999999989e+00
7.729598750000000962e+00
7.631977499999999637e+00
7.543383750000000276e+00
7.465514999999999013e+00
7.394934999999999370e+00
7.330823749999999528e+00
7.249150000000000205e+00
7.152422499999999239e+00
7.069160000000000110e+00
6.996978749999999359e+00
6.942474999999999952e+00
6.911017499999999814e+00
6.870597500000000579e+00
6.816817499999999086e+00
6.767761249999999507e+00
6.724386250000001120e+00
6.681996250000000970e+00
6.653957499999999747e+00
6.635934999999999917e+00
6.618081250000000360e+00
6.600221250000000595e+00
6.588431250000001071e+00
6.582746250000000465e+00
6.577162500000000023e+00
6.571493750000000134e+00
6.565832499999999960e+00
6.560206250000000239e+00
6.554548749999999480e+00
6.548887499999999307e+00
6.543281249999999716e+00
6.537620000000000431e+00
6.532006250000000236e+00
6.526362500000000288e+00
6.520718749999999453e+00
6.515061249999999582e+00
6.509430000000000049e+00
6.499521249999999917e+00
6.485444999999999460e+00
6.471354999999999968e+00
6.457216250000000102e+00
6.439200000000000479e+00
6.417553749999999724e+00
6.395746250000000188e+00
6.373701250000000762e+00
6.351852499999999679e+00
6.325039999999999552e+00
6.292831249999999876e+00
6.260497499999999604e+00
6.231838750000000537e+00
6.206187500000000412e+00
6.184838749999999052e+00
6.161480000000000068e+00
6.135638749999999142e+00
6.113281250000000888e+00
6.092489999999999739e+00
6.071371250000000330e+00
6.050621249999999840e+00
6.030730000000000146e+00
6.011517500000000069e+00
5.991487499999999855e+00
5.971951250000000044e+00
5.961261249999999734e+00
5.955051250000000351e+00
5.943622500000000031e+00
5.910321249999999971e+00
5.875899999999999679e+00
5.865723749999999903e+00
6.761648750000000874e+00
6.049826250000000627e+00
5.724035000000000650e+00
5.620686249999999440e+00
5.567574999999999719e+00
5.545197500000000446e+00
5.542901249999999891e+00
5.660046250000000612e+00
5.608956249999999422e+00
5.439933750000000678e+00
5.355156250000000284e+00
5.290089999999999293e+00
5.215527500000000316e+00
5.159984999999999822e+00
5.122688750000000013e+00
5.075707500000000039e+00
5.039522500000000349e+00
5.009172500000000028e+00
4.974076249999999533e+00
4.934961249999999744e+00
4.886688749999999359e+00
4.851199999999999513e+00
4.829534999999999911e+00
4.806020000000000181e+00
4.790614999999999846e+00
4.942297500000000454e+00
8.890891249999999957e+01
1.225531249999999943e+02
6.221420000000000172e+00
5.678520000000000678e+00
5.380575000000000330e+00
5.182653750000000059e+00
5.090117499999999851e+00
4.999114999999999753e+00
4.918147499999999894e+00
4.834491250000000129e+00
4.786207499999999726e+00
4.751213749999999791e+00
4.717368749999999444e+00
4.671791250000000062e+00
4.631232500000000307e+00
4.597159999999999691e+00
4.564427500000000748e+00
4.531922500000000298e+00
4.511313750000000233e+00
4.490148750000000355e+00
4.466341250000000151e+00
4.443773750000000078e+00
4.391076250000000236e+00
4.337064999999999948e+00
4.297985000000000610e+00
4.265914999999999679e+00
5.591717500000000562e+00
4.145106249999999548e+00
4.067804999999999893e+00
4.009227499999999722e+00
1.522577500000000050e+01
3.889399999999999835e+01
1.253197500000000097e+01
4.870985000000000120e+00
4.504491250000000058e+00
4.065967499999999291e+00
2.569653749999999803e+01
4.487511249999999841e+00
4.452045000000000030e+00
5.804446249999999807e+00
5.061840000000000117e+01
9.801567500000000877e+00
5.052569999999999339e+00
8.832248749999997983e+00
9.917371250000002192e+00
5.041618750000000482e+00
8.008945000000000647e+00
7.460649999999999338e+00
8.919376249999999118e+00
5.991942499999999505e+00
1.580036250000000209e+01
8.507341249999999633e+00
5.988886250000000189e+00
8.512401249999999919e+00
8.252402499999998753e+00
7.988082499999999975e+00
7.811997499999999484e+00
7.546194999999999098e+00
7.226771249999999647e+00
7.067245000000000665e+00
6.953067500000000400e+00
6.849951250000000158e+00
6.802573750000000530e+00
6.783732499999999277e+00
6.822189999999999976e+00
6.874267500000001085e+00
6.896528750000000763e+00
6.923902499999998739e+00
6.979671249999999993e+00
7.018666249999999884e+00
7.039918750000000003e+00
7.061637500000000678e+00
7.094265000000000043e+00
7.226161250000000535e+00
7.348943749999999220e+00
7.471248749999999106e+00
7.567073749999999599e+00
7.590984999999999872e+00
7.552640000000000242e+00
7.513042499999999180e+00
7.480727500000000418e+00
7.443606250000000202e+00
7.401307500000000594e+00
7.345716249999999725e+00
7.297307500000000502e+00
7.266861249999999828e+00
7.186657499999999033e+00
7.120635000000000048e+00
7.058262500000000550e+00
6.952416249999999742e+00
6.868701250000000869e+00
6.825612500000000082e+00
6.797661249999999988e+00
6.765481250000000557e+00
6.686472499999999819e+00
6.547036249999999669e+00
6.395684999999999398e+00
6.292091250000000358e+00
6.227107500000000684e+00
6.174132500000000690e+00
6.133123750000000207e+00
6.065170000000000172e+00
5.809747500000000286e+00
5.319166250000000318e+00
4.933037500000000186e+00
4.686147499999999688e+00
4.220772499999999816e+00
3.958468749999999758e+00
3.948018749999999688e+00
4.138847499999998902e+00
4.403448749999999912e+00
4.562359999999999971e+00
1.127588749999999918e+00
1.118792500000000079e+00
1.092818750000000172e+00
5.083537500000000486e-01
4.772137499999999921e-01
