5.419337500000000318e+01
6.452866249999999582e+01
4.408026250000000346e+01
3.713222499999999826e+01
3.315101250000000022e+01
2.982182500000000047e+01
2.628151249999999806e+01
2.322608749999999844e+01
2.083558749999999904e+01
1.862646249999999881e+01
1.635275000000000034e+01
1.378869999999999862e+01
1.172204999999999941e+01
8.193851249999999808e+00
6.596452499999999830e+00
5.862146250000000336e+00
5.164836249999999573e+00
4.671747500000000386e+00
4.291821249999999921e+00
3.993621249999999900e+00
3.749190000000000023e+00
3.547818749999999799e+00
3.259653749999999572e+00
2.941506250000000211e+00
2.701257500000000089e+00
2.512945000000000206e+00
2.354964999999999531e+00
2.223524999999999974e+00
2.111698749999999958e+00
2.016733750000000214e+00
1.930706250000000068e+00
1.855304999999999760e+00
1.787123749999999900e+00
1.725363750000000085e+00
1.647053750000000205e+00
1.554776249999999971e+00
1.475842499999999946e+00
1.407927500000000220e+00
1.356646249999999831e+00
1.327269999999999950e+00
1.289913749999999748e+00
1.240207500000000129e+00
1.195225000000000204e+00
1.155852499999999949e+00
1.117453749999999912e+00
1.092400000000000038e+00
1.076358750000000031e+00
1.060466249999999944e+00
1.044569999999999999e+00
1.034147499999999997e+00
1.029236250000000075e+00
1.024413749999999901e+00
1.019522499999999887e+00
1.014629999999999921e+00
1.009768750000000104e+00
1.004881249999999948e+00
9.999921249999998984e-01
9.951496250000000376e-01
9.902598749999999006e-01
9.854118749999999372e-01
9.805362499999999981e-01
9.756618749999999007e-01
9.707747500000001306e-01
9.659103749999999877e-01
9.573515000000001329e-01
9.451929999999999499e-01
9.330222499999999419e-01
9.208104999999999762e-01
9.056348750000000614e-01
8.877017500000000672e-01
8.696362500000001106e-01
8.513738750000001687e-01
8.332747500000000640e-01
8.115917500000000562e-01
7.859918750000000065e-01
7.603151249999999806e-01
7.381687500000000401e-01
7.186437500000000256e-01
7.023936250000000214e-01
6.852827500000000516e-01
6.668040000000000633e-01
6.508180000000000076e-01
6.359485000000001387e-01
6.208502500000000479e-01
6.066529999999998868e-01
5.935793749999999092e-01
5.809495000000000076e-01
5.677842499999999903e-01
5.550503750000000958e-01
5.486353749999999252e-01
5.450840000000000130e-01
5.385446250000001100e-01
5.197640000000000038e-01
5.042625000000000579e-01
5.098258749999999839e-01
1.437043750000000175e+00
7.556818749999999474e-01
4.488743749999999921e-01
3.740735000000000587e-01
3.447296249999999840e-01
3.360408750000000166e-01
3.458918750000000153e-01
4.784435000000000215e-01
4.372193749999999657e-01
2.962322500000000303e-01
2.600500000000000034e-01
2.405270000000000186e-01
2.215071249999999992e-01
2.098303749999999857e-01
2.033351250000000054e-01
1.970050000000000134e-01
1.936003750000000190e-01
1.919980000000000020e-01
1.922167499999999918e-01
1.951536249999999972e-01
2.060792500000000194e-01
2.206549999999999900e-01
2.386950000000000183e-01
2.708767499999999995e-01
3.533395000000000286e-01
7.377162499999999623e-01
8.266913750000000505e+01
1.102452500000000128e+02
8.787532499999998192e-01
5.254618749999999672e-01
3.541845000000000132e-01
2.508707500000000312e-01
2.078191249999999934e-01
1.688623750000000090e-01
1.380566249999999884e-01
1.101072500000000037e-01
9.608887500000001802e-02
8.668198750000000175e-02
7.859326249999999681e-02
6.884941250000001234e-02
6.144638749999999788e-02
5.601511249999999859e-02
5.144832499999999614e-02
4.737568749999999940e-02
4.513304999999999401e-02
4.302203749999999882e-02
4.102703750000000205e-02
3.932357499999999950e-02
3.664724999999999927e-02
3.535119999999999929e-02
3.699548750000000719e-02
4.998118749999999610e-02
1.426357499999999945e+00
5.142652500000000071e-02
6.315921249999999210e-02
1.026309999999999861e-01
1.056991249999999738e+01
3.113401250000000076e+01
6.710921250000000171e+00
5.746988750000000534e-01
3.962248749999999764e-01
5.340146250000000344e-02
1.420073750000000246e+01
5.604136250000000402e-02
3.651483750000000250e-01
2.026102499999999473e+00
3.094095000000000439e+01
3.093619999999999592e+00
3.968928749999999783e-01
3.519343749999999993e+00
3.748501250000000340e+00
6.836960000000000814e-01
2.276110000000000078e+00
2.090603750000000094e+00
2.014829999999999899e+00
1.748898749999999946e+00
3.258941249999999901e+00
1.910185000000000022e+00
6.688031250000000538e-01
2.381941250000000121e+00
2.186502500000000015e+00
2.037072499999999842e+00
1.952276249999999935e+00
1.838144999999999918e+00
1.694821250000000168e+00
1.616928750000000248e+00
1.543233749999999960e+00
1.378071250000000081e+00
1.199241250000000036e+00
1.034050000000000136e+00
8.849943749999999998e-01
7.629046250000001139e-01
7.241997500000000310e-01
6.884953750000000205e-01
6.235033749999999708e-01
5.840228749999999414e-01
5.642005000000001047e-01
5.446508749999999788e-01
5.160681249999999887e-01
4.551160000000000205e-01
4.156258749999999780e-01
3.789221249999999985e-01
3.374768749999999540e-01
2.766679999999999695e-01
2.362644999999999884e-01
2.071644999999999737e-01
1.995186250000000050e-01
1.908296250000000305e-01
1.813598750000000037e-01
1.732857499999999884e-01
1.683917499999999789e-01
1.654522500000000229e-01
1.586497500000000060e-01
1.517962499999999937e-01
1.449805000000000121e-01
1.316783749999999864e-01
1.242656250000000046e-01
1.214809999999999918e-01
1.189199999999999979e-01
1.164353749999999937e-01
1.128592500000000082e-01
1.084657500000000135e-01
1.045338749999999983e-01
1.012647500000000006e-01
9.978221250000000875e-02
9.900588749999998661e-02
9.798777499999999918e-02
9.601997499999999353e-02
8.659605000000000774e-02
6.708986249999999985e-02
5.436392499999999350e-02
4.658501249999999483e-02
3.041536250000000108e-02
1.701325000000000059e-02
9.896747499999998879e-03
3.328262499999999971e-03
1.393015000000000052e-03
1.087121250000000006e-03
2.510900000000000371e-04
2.517574999999999761e-04
2.555237499999999978e-04
1.354037499999999892e-04
1.441362500000000076e-04
