3.917387499999999818e+02
4.664498749999999632e+02
3.186013750000000186e+02
2.684136249999999677e+02
2.396358749999999986e+02
2.155707500000000039e+02
1.899808749999999975e+02
1.678961249999999836e+02
1.506182499999999891e+02
1.346525000000000034e+02
1.182203750000000042e+02
9.967837500000000261e+01
8.476017500000000382e+01
5.925833750000000322e+01
4.772094999999999487e+01
4.241746249999999918e+01
3.738487500000000097e+01
3.381380000000000052e+01
3.107842500000000285e+01
2.893321249999999623e+01
2.717203750000000184e+01
2.572128749999999542e+01
2.364472500000000110e+01
2.135351250000000078e+01
1.962152500000000188e+01
1.824753749999999997e+01
1.713485000000000014e+01
1.619546250000000143e+01
1.539472500000000110e+01
1.471416250000000048e+01
1.409399999999999764e+01
1.354741250000000008e+01
1.307456250000000075e+01
1.263750000000000107e+01
1.208203749999999843e+01
1.142904999999999838e+01
1.085017500000000013e+01
1.034438749999999985e+01
1.001454999999999984e+01
9.828286249999999669e+00
9.570031250000001322e+00
9.226411249999999953e+00
8.917088749999999564e+00
8.648290000000001143e+00
8.386473750000000393e+00
8.217206250000000267e+00
8.109131249999999014e+00
8.002063750000001363e+00
7.894956250000000786e+00
7.821685000000000443e+00
7.783016249999999303e+00
7.745937500000000142e+00
7.709136250000001134e+00
7.673337499999999700e+00
7.638478750000000872e+00
7.603718749999999638e+00
7.570554999999998813e+00
7.537923749999999146e+00
7.504981250000000159e+00
7.472320000000000739e+00
7.440146250000000627e+00
7.410395000000000287e+00
7.380788749999999787e+00
7.351320000000000299e+00
7.299471249999999856e+00
7.225817499999999782e+00
7.152850000000000819e+00
7.084806249999999750e+00
6.989793750000001360e+00
6.871269999999999989e+00
6.761818749999999767e+00
6.659113749999999499e+00
6.559309999999999974e+00
6.438142500000000545e+00
6.300556249999999636e+00
6.179978749999999188e+00
6.075246249999999293e+00
5.997318749999999810e+00
5.944471249999999429e+00
5.895514999999999617e+00
5.849646250000000158e+00
5.836430000000000007e+00
5.843547499999999673e+00
5.872440000000000104e+00
5.935158749999999372e+00
6.012733749999999766e+00
6.142820000000000391e+00
6.342143749999999969e+00
6.584929999999999950e+00
6.786243750000000574e+00
6.930931249999999544e+00
7.249452500000000299e+00
8.885986249999998421e+00
1.365221249999999920e+01
2.849924999999999642e+01
7.227751250000000027e+02
2.173149999999999693e+01
9.246929999999998984e+00
4.787273749999999772e+00
3.472958750000000094e+00
3.085511250000000150e+00
2.820061250000000186e+00
2.559869999999999646e+00
2.431456250000000097e+00
2.170597500000000402e+00
1.839581249999999946e+00
1.636601250000000229e+00
1.457755000000000134e+00
1.348561249999999934e+00
1.282524999999999915e+00
1.212210000000000232e+00
1.165734999999999966e+00
1.127820000000000045e+00
1.091758750000000111e+00
1.059830000000000050e+00
1.034481250000000019e+00
1.637155000000000138e+00
1.133676250000000163e+00
1.002501249999999899e+00
1.008168749999999836e+00
1.055496250000000025e+00
1.176349999999999785e+00
1.416511250000000111e+00
1.718288750000000142e+00
1.918427499999999952e+00
2.228346249999999973e+00
2.634901249999999973e+00
3.022776249999999720e+00
3.667843750000000291e+00
4.834491250000000129e+00
7.638581249999999656e+00
1.190768750000000153e+01
1.854777499999999790e+01
4.106981249999999761e+01
6.500708750000001146e+02
9.057577499999999873e+02
4.369638750000000016e+01
1.423472499999999918e+01
6.454728750000000126e+00
4.353169999999999540e+00
3.104243750000000190e+00
2.193571250000000195e+00
1.644557499999999894e+00
9.660578749999999548e-01
5.933025000000000659e-01
4.570223750000000362e-01
3.589593749999999694e-01
2.995291249999999517e-01
2.664828750000000079e-01
2.853895000000000182e-01
3.908516250000000358e-01
3.342196249999999935e+01
1.069579249999999959e+01
1.191370000000000005e+02
5.383666249999999875e-01
1.978408749999999994e-01
1.424321249999999928e-01
6.821649999999999991e+00
2.556951250000000186e+01
7.632502500000000467e-02
3.909564999999999568e-02
1.859347500000000153e+00
2.035869999999999891e+01
4.617101250000000268e-01
1.233964999999999890e+01
5.346428750000000285e+00
6.420566249999999642e-02
6.331928750000000328e+00
6.786914999999999587e+00
3.124608750000000157e+00
4.166348749999999157e+00
3.605736249999999643e+00
3.333747500000000308e+00
2.088592499999999852e+00
2.335142500000000343e+00
2.346518749999999986e+00
1.982895000000000074e+00
1.741288750000000274e+00
1.575428750000000155e+00
1.177427499999999849e+00
9.895300000000000207e-01
8.540455000000000130e-01
7.207691249999998995e-01
5.437834999999999752e-01
4.384055000000000035e-01
3.529924999999999868e-01
2.958481250000000173e-01
2.790451250000000050e-01
2.651221249999999863e-01
2.364963750000000364e-01
2.166901250000000112e-01
2.049016250000000039e-01
1.941542500000000004e-01
1.808181249999999962e-01
1.581110000000000015e-01
1.403791250000000213e-01
1.236993750000000142e-01
1.067507500000000054e-01
9.538765000000000438e-02
8.995659999999999767e-02
8.697110000000000951e-02
8.639381250000000012e-02
8.569073750000000267e-02
8.484136250000000323e-02
8.439918749999998637e-02
8.440561249999999072e-02
8.441002499999999964e-02
8.106732500000000952e-02
7.742368749999999078e-02
7.383248750000001581e-02
6.776321250000000296e-02
6.490686249999999546e-02
6.398295000000001065e-02
6.334869999999999390e-02
6.258591249999999329e-02
6.058644999999999309e-02
5.645638749999998957e-02
5.098901249999999996e-02
4.712586249999999727e-02
4.528966250000000110e-02
4.398544999999999539e-02
4.305316250000000566e-02
4.055766250000000794e-02
3.375617499999999938e-02
2.627083749999999801e-02
2.112397500000000317e-02
1.775637500000000132e-02
1.085539999999999769e-02
5.630084999999999951e-03
3.033127499999999782e-03
1.126870000000000085e-03
8.324705000000000386e-04
9.327650000000000047e-04
2.294627499999999775e-04
2.203652500000000125e-04
1.909697500000000193e-04
5.859324999999999674e-05
3.734412500000000221e-05
