2.509418750000000031e+01
3.390167500000000445e+01
2.650677499999999753e+01
2.437428750000000122e+01
2.326642499999999814e+01
2.241729999999999734e+01
2.160066249999999854e+01
2.096747499999999675e+01
2.052582499999999754e+01
2.016061249999999916e+01
1.982391249999999872e+01
1.949811250000000129e+01
1.927178750000000207e+01
1.896381249999999952e+01
1.884527500000000089e+01
1.879448750000000246e+01
1.874518750000000011e+01
1.870796250000000072e+01
1.867681249999999693e+01
1.864967499999999845e+01
1.862486249999999899e+01
1.860190000000000055e+01
1.856428749999999894e+01
1.851402500000000373e+01
1.846647499999999908e+01
1.842040000000000077e+01
1.837543749999999676e+01
1.833112500000000011e+01
1.828734999999999644e+01
1.824403749999999746e+01
1.820087500000000347e+01
1.815811249999999788e+01
1.811567499999999953e+01
1.807318749999999952e+01
1.801108750000000214e+01
1.792704999999999771e+01
1.784358750000000171e+01
1.775988750000000138e+01
1.769693750000000065e+01
1.765573749999999720e+01
1.759412499999999824e+01
1.751215000000000188e+01
1.742954999999999899e+01
1.734747499999999931e+01
1.726552500000000023e+01
1.720367500000000049e+01
1.716248750000000101e+01
1.712165000000000248e+01
1.708081250000000040e+01
1.705214999999999748e+01
1.703571249999999893e+01
1.701953750000000198e+01
1.700314999999999799e+01
1.698674999999999713e+01
1.697051250000000167e+01
1.695412500000000122e+01
1.693777499999999847e+01
1.692153749999999945e+01
1.690518750000000026e+01
1.688896249999999810e+01
1.687263749999999973e+01
1.685632499999999823e+01
1.683994999999999820e+01
1.682368749999999835e+01
1.679502500000000254e+01
1.675432500000000147e+01
1.671359999999999957e+01
1.667269999999999897e+01
1.661135000000000161e+01
1.653042500000000103e+01
1.644877499999999770e+01
1.636609999999999943e+01
1.628415000000000035e+01
1.617000000000000171e+01
1.602117499999999950e+01
1.587038749999999965e+01
1.571986249999999963e+01
1.557580000000000098e+01
1.545475000000000065e+01
1.530173749999999977e+01
1.511816249999999862e+01
1.495544999999999725e+01
1.480098749999999974e+01
1.464023749999999779e+01
1.445626250000000113e+01
1.426018750000000068e+01
1.406008749999999985e+01
1.383912499999999923e+01
1.361105000000000054e+01
1.345616250000000136e+01
1.335574999999999868e+01
1.316171249999999837e+01
1.247808750000000089e+01
1.125091250000000187e+01
9.373834999999999695e+00
3.233808750000000032e+01
1.890802500000000208e+01
1.628522500000000051e+01
1.453368749999999920e+01
1.362710000000000043e+01
1.322343750000000107e+01
1.289577500000000043e+01
1.251267499999999977e+01
1.228642499999999949e+01
1.170376249999999985e+01
1.076991249999999845e+01
9.984707499999998959e+00
9.103320000000000078e+00
8.448892499999999472e+00
8.004650000000001597e+00
7.450142500000001000e+00
7.025366250000000257e+00
6.659243749999999906e+00
6.238527499999999115e+00
5.769437500000000441e+00
5.163481250000000244e+00
4.697901249999998363e+00
4.382852500000000262e+00
3.984256249999999611e+00
3.420043750000000049e+00
2.655534999999999979e+00
1.750271249999999945e+00
9.877468749999999131e-01
5.709921249999999615e-01
4.873391249999999841e-01
5.635482500000000838e-01
8.460104999999999986e-01
1.300571249999999957e+00
2.298201249999999973e+00
4.662708750000000180e+00
1.186865000000000059e+01
2.511930000000000263e+01
4.816140000000000043e+01
1.374166250000000105e+02
3.044080000000000382e+03
4.635361249999999927e+03
2.933582499999999982e+02
1.165853749999999849e+02
6.439343749999999034e+01
4.876793750000000216e+01
3.875902500000000117e+01
3.090782499999999899e+01
2.578118750000000148e+01
1.856086249999999893e+01
1.393402500000000188e+01
1.183456249999999876e+01
1.008898750000000177e+01
8.711890000000000356e+00
7.402686250000000356e+00
6.352462499999999679e+00
5.628415000000000390e+00
9.398151249999999735e+00
2.862639999999999851e+00
1.898472499999999741e+02
9.781268749999998846e+00
6.962243749999999842e+00
6.163533750000000033e+00
5.530816249999999101e+00
2.317232499999999717e+01
3.288155000000000161e+00
2.727371250000000025e+00
2.402537499999999770e+00
3.718367499999999382e+01
1.102301250000000010e+00
5.661172499999999275e+01
5.170175000000000409e+01
2.546734999999999971e+00
4.910462499999999864e+01
4.934268749999999670e+01
1.968961249999999907e+01
2.069853750000000048e+01
3.966163749999999766e+01
4.204896250000000180e+01
1.306020000000000181e+01
4.074463750000000317e+01
7.621488750000000323e+01
4.380955000000000865e+01
5.630376249999999771e+01
3.184905000000000186e+01
2.650938750000000255e+01
2.406895000000000451e+01
2.210961249999999723e+01
2.001732500000000314e+01
1.717856249999999818e+01
1.529545000000000066e+01
1.359757500000000086e+01
1.234579999999999878e+01
1.194874999999999865e+01
1.158043750000000038e+01
1.079533750000000047e+01
1.020883750000000134e+01
9.831038750000001158e+00
9.470814999999998207e+00
8.990198749999999350e+00
8.061488750000000536e+00
7.294487500000000679e+00
6.597168750000001580e+00
5.939718749999999936e+00
5.566067500000000834e+00
5.447583750000000613e+00
5.398405000000000342e+00
5.405801250000000557e+00
5.414805000000000312e+00
5.425672500000000120e+00
5.457796249999999461e+00
5.496821249999999992e+00
5.523122500000000379e+00
5.585793749999999669e+00
5.593618750000000972e+00
5.546946250000000411e+00
5.474469999999999281e+00
5.419595000000000162e+00
5.422702500000000647e+00
5.424840000000000551e+00
5.440298750000000183e+00
5.424446249999999914e+00
5.377557499999999990e+00
5.344304999999999417e+00
5.269284999999999997e+00
5.227641249999999573e+00
5.198714999999999975e+00
5.163298750000000048e+00
5.110884999999999678e+00
4.925975000000000215e+00
4.591898749999999474e+00
4.303028750000000180e+00
4.042602499999999210e+00
3.338035000000000085e+00
2.689282500000000464e+00
2.328782499999999978e+00
2.135219999999999896e+00
2.345082500000000181e+00
2.685721249999999838e+00
7.380149999999999766e-01
7.449375000000000302e-01
7.486524999999999430e-01
3.681587499999999791e-01
3.551274999999999848e-01
