4.168343750000000227e+02
5.003522499999999695e+02
3.451086250000000177e+02
2.927884999999999991e+02
2.629027499999999691e+02
2.379883749999999907e+02
2.115818749999999966e+02
1.888638749999999789e+02
1.711444999999999936e+02
1.548131249999999852e+02
1.380446249999999964e+02
1.191767499999999842e+02
1.040322500000000048e+02
7.822227499999999623e+01
6.656633750000000305e+01
6.121203750000000099e+01
5.613011250000000274e+01
5.252182499999999976e+01
4.975528750000000144e+01
4.758293749999999989e+01
4.579699999999999704e+01
4.432326249999999845e+01
4.220907499999999857e+01
3.986757500000000221e+01
3.808802500000000180e+01
3.666801249999999612e+01
3.551034999999999542e+01
3.452660000000000196e+01
3.368215000000000003e+01
3.295824999999999250e+01
3.229489999999999839e+01
3.170556249999999920e+01
3.119027499999999620e+01
3.071074999999999733e+01
3.009319999999999951e+01
2.935614999999999952e+01
2.869382500000000036e+01
2.810433749999999975e+01
2.771153750000000215e+01
2.748406249999999673e+01
2.716419999999999746e+01
2.673861250000000211e+01
2.634667499999999762e+01
2.599578749999999872e+01
2.565207499999999996e+01
2.542092500000000399e+01
2.527166249999999792e+01
2.512376250000000155e+01
2.497581249999999997e+01
2.487388750000000215e+01
2.481877500000000225e+01
2.476551249999999982e+01
2.471232499999999987e+01
2.466013750000000115e+01
2.460902499999999904e+01
2.455787500000000279e+01
2.450837500000000091e+01
2.445951250000000243e+01
2.441019999999999968e+01
2.436132500000000078e+01
2.431281249999999972e+01
2.426676250000000223e+01
2.422077500000000327e+01
2.417503749999999840e+01
2.409453750000000127e+01
2.398019999999999996e+01
2.386646250000000080e+01
2.375752500000000111e+01
2.360118750000000176e+01
2.340171249999999858e+01
2.321061250000000342e+01
2.302522499999999894e+01
2.284350000000000236e+01
2.260822499999999735e+01
2.232177499999999881e+01
2.205038749999999936e+01
2.179515000000000313e+01
2.157313750000000141e+01
2.139924999999999855e+01
2.119727499999999765e+01
2.096784999999999854e+01
2.079193750000000307e+01
2.064458750000000009e+01
2.051269999999999882e+01
2.039143749999999855e+01
2.027296249999999844e+01
2.020293750000000088e+01
2.018132499999999752e+01
2.019599999999999795e+01
2.024247499999999889e+01
2.028676250000000181e+01
2.041141250000000085e+01
2.136507499999999737e+01
2.490423750000000425e+01
3.787353749999999764e+01
7.551133750000000191e+02
4.063952499999999901e+01
2.553217499999999873e+01
1.932099999999999795e+01
1.710008750000000077e+01
1.630896249999999981e+01
1.571584999999999965e+01
1.507256250000000009e+01
1.471791250000000062e+01
1.387437500000000234e+01
1.260950000000000060e+01
1.162132500000000235e+01
1.056108749999999930e+01
9.797465000000000757e+00
9.287185000000000912e+00
8.662365000000001203e+00
8.191108749999999716e+00
7.787073749999999350e+00
7.330293750000000053e+00
6.829276249999999493e+00
6.197968750000000249e+00
6.335066249999999677e+00
5.516533749999999792e+00
4.986761249999999812e+00
4.428218750000000092e+00
3.711037499999999767e+00
2.926628749999999890e+00
2.404271249999999860e+00
2.289299999999999891e+00
2.406689999999999774e+00
2.794724999999999682e+00
3.483802499999999913e+00
4.326235000000000497e+00
5.968936250000000499e+00
9.500089999999998369e+00
1.951011250000000175e+01
3.702791249999999934e+01
6.670921249999999247e+01
1.784863750000000095e+02
3.694151249999999891e+03
5.541117500000000291e+03
3.370546249999999873e+02
1.308198749999999961e+02
7.084820000000000562e+01
5.312115000000000009e+01
4.186331249999999926e+01
3.310141250000000213e+01
2.742576250000000115e+01
1.952696250000000333e+01
1.452733749999999979e+01
1.229158750000000033e+01
1.044795000000000051e+01
9.011457500000000564e+00
7.669209999999999638e+00
6.637893749999999926e+00
6.019308750000000430e+00
4.282033750000000794e+01
1.355869999999999997e+01
3.089844999999999686e+02
1.031963749999999891e+01
7.160093749999999702e+00
6.305982500000000712e+00
1.235248749999999873e+01
4.874190000000000111e+01
3.364535000000000053e+00
2.766525000000000123e+00
4.261978749999999927e+00
5.754245000000000232e+01
1.564030000000000031e+00
6.895148749999999893e+01
5.704826250000000698e+01
2.610992500000000049e+00
5.543665000000000020e+01
5.612966250000000201e+01
2.281426250000000167e+01
2.486497500000000116e+01
4.326744999999999663e+01
4.538276249999999834e+01
1.514893750000000061e+01
4.307992499999999580e+01
7.856150000000000944e+01
4.579254999999999853e+01
5.804513750000000272e+01
3.342449999999999477e+01
2.768683749999999932e+01
2.505851249999999908e+01
2.296367500000000206e+01
2.073813750000000056e+01
1.772236250000000268e+01
1.573388750000000158e+01
1.395060000000000144e+01
1.264164999999999850e+01
1.222784999999999833e+01
1.184561250000000143e+01
1.103460000000000107e+01
1.045782500000000148e+01
1.015853749999999955e+01
9.859671249999999887e+00
9.442036250000001019e+00
8.599607499999999405e+00
7.887502499999999195e+00
7.217257500000000547e+00
6.572871249999999499e+00
6.235400000000000276e+00
6.163077499999999986e+00
6.149031250000000171e+00
6.174949999999999939e+00
6.206507500000000732e+00
6.244637500000000507e+00
6.313423750000000112e+00
6.385188750000000191e+00
6.433552500000000229e+00
6.530842500000000328e+00
6.607071250000000617e+00
6.676039999999999530e+00
6.782451249999999376e+00
6.873177500000000606e+00
6.921119999999999273e+00
6.954031250000000774e+00
6.988780000000000214e+00
7.064750000000000085e+00
7.167047499999999793e+00
7.249162499999999731e+00
7.295852499999998741e+00
7.320611249999998904e+00
7.334259999999999557e+00
7.341834999999998779e+00
7.345118750000001029e+00
7.296576250000000208e+00
7.080016250000000788e+00
6.842458750000000478e+00
6.603591250000000912e+00
5.882466250000000230e+00
5.145064999999999777e+00
4.717438749999999459e+00
4.490224999999999689e+00
4.659604999999999997e+00
4.932871250000000707e+00
1.291286249999999969e+00
1.297746249999999879e+00
1.300728749999999989e+00
6.421287500000000259e-01
6.259025000000000283e-01
