9.342587500000000489e+00
1.205121250000000011e+01
9.026801250000001886e+00
8.103849999999999554e+00
7.610631249999999959e+00
7.224014999999999631e+00
6.844040000000000568e+00
6.544241249999999788e+00
6.332611250000000247e+00
6.154602500000000198e+00
5.992468749999999567e+00
5.833895000000000053e+00
5.724228749999999977e+00
5.581170000000000186e+00
5.530933750000000870e+00
5.511821250000000560e+00
5.495769999999999378e+00
5.486019999999999897e+00
5.478847499999999648e+00
5.473700000000000010e+00
5.469776249999999784e+00
5.466683749999999620e+00
5.462798750000000148e+00
5.458676249999999897e+00
5.455848749999998581e+00
5.453783750000000374e+00
5.452333750000000201e+00
5.451207500000000650e+00
5.450079999999999814e+00
5.449190000000000644e+00
5.448549999999999116e+00
5.447903750000000045e+00
5.447370000000000267e+00
5.446956249999999500e+00
5.446370000000000822e+00
5.445751250000000709e+00
5.445259999999999323e+00
5.444859999999999367e+00
5.444560000000000954e+00
5.444395000000000095e+00
5.444198750000000864e+00
5.443935000000000635e+00
5.443706250000000857e+00
5.443520000000000358e+00
5.443332499999999463e+00
5.443220000000000169e+00
5.443150000000001043e+00
5.443080000000001029e+00
5.443010000000000126e+00
5.442960000000000242e+00
5.442940000000000111e+00
5.442919999999999980e+00
5.442900000000000738e+00
5.442880000000000607e+00
5.442859999999999587e+00
5.442840000000000344e+00
5.442819999999999325e+00
5.442799999999999194e+00
5.442779999999999951e+00
5.442759999999999820e+00
5.442739999999999689e+00
5.442720000000000447e+00
5.442700000000001204e+00
5.442680000000001073e+00
5.442650000000000432e+00
5.442599999999999660e+00
5.442549999999998889e+00
5.442500000000000782e+00
5.442439999999999500e+00
5.442373749999999788e+00
5.442309999999999981e+00
5.442239999999999078e+00
5.442172499999999857e+00
5.442099999999999937e+00
5.442009999999999792e+00
5.441930000000000156e+00
5.441859999999999253e+00
5.441798750000000240e+00
5.441743750000000546e+00
5.441699999999999093e+00
5.441650000000000986e+00
5.441609999999998948e+00
5.441569999999999574e+00
5.441530000000000200e+00
5.441486249999999636e+00
5.441440000000000055e+00
5.441393750000000473e+00
5.441360000000001307e+00
5.441332500000000572e+00
5.441319999999999268e+00
5.441310000000000535e+00
5.441290000000001292e+00
5.441229999999999123e+00
5.441159999999999997e+00
5.441119999999998846e+00
5.441040000000000099e+00
5.440970000000000084e+00
5.440939999999999444e+00
5.440889999999999560e+00
5.440859999999999808e+00
5.440840000000000565e+00
5.440820000000001322e+00
5.440809999999999924e+00
5.440789999999999793e+00
5.440759999999999152e+00
5.440719999999999779e+00
5.440680000000000405e+00
5.440640000000001031e+00
5.440620000000000900e+00
5.440599999999999881e+00
5.440571250000000525e+00
5.440559999999998730e+00
5.440539999999999488e+00
5.440530000000000754e+00
5.440509999999999735e+00
5.440489999999998716e+00
5.440469999999999473e+00
5.440460000000000740e+00
5.440449999999999342e+00
5.440430000000000099e+00
5.440401250000000744e+00
5.440370000000000594e+00
5.440339999999999954e+00
5.440319999999999823e+00
5.440310000000000201e+00
5.440299999999999692e+00
5.440289999999999182e+00
5.440280000000000449e+00
5.440269999999999051e+00
5.440260000000001206e+00
5.440249999999999808e+00
5.440229999999999677e+00
5.440229999999999677e+00
5.440220000000000056e+00
5.440199999999999037e+00
5.440190000000000303e+00
5.440170000000001060e+00
5.440159999999999663e+00
5.440140000000000420e+00
5.440129999999999910e+00
5.440120000000000289e+00
5.440109999999998891e+00
5.440100000000000158e+00
5.440060000000000784e+00
5.440030000000000143e+00
5.439999999999999503e+00
5.439970000000000638e+00
5.439939999999999998e+00
5.439900000000000624e+00
5.439860000000001250e+00
5.439829999999999721e+00
5.439790000000001235e+00
5.439709999999998935e+00
5.439630000000000187e+00
5.439560000000000173e+00
5.439509999999999401e+00
5.439479999999999649e+00
5.439208750000000592e+00
5.438879999999999271e+00
5.438789999999999125e+00
5.438710000000000377e+00
5.438569999999999460e+00
5.438250000000000028e+00
5.437960000000000349e+00
5.436911249999999640e+00
5.435241250000000690e+00
5.434642500000000709e+00
5.433487500000000026e+00
5.431420000000001025e+00
5.429058750000000266e+00
5.427241249999999795e+00
5.425955000000000084e+00
5.423122499999999846e+00
5.420901250000000005e+00
5.419248750000000392e+00
5.416124999999999190e+00
5.411043750000001040e+00
5.406891249999999260e+00
5.397678749999999859e+00
5.378166249999999593e+00
5.361328749999999310e+00
5.337839999999999918e+00
5.299285000000001133e+00
5.648204999999999920e+00
5.611691249999999798e+00
6.073843749999999986e+00
5.403053749999999766e+00
5.834168749999999903e+00
9.227897499999999198e+00
5.058642499999999487e+00
4.823243749999999608e+00
5.486315000000000275e+00
4.664256250000000215e+00
6.308917499999999734e+00
4.075972499999999776e+00
6.861342500000000122e+00
6.419999999999999041e+00
8.754946249999999708e+00
7.719545000000000101e+00
8.734620000000001383e+00
1.240634999999999977e+01
8.152381249999999469e+00
6.189482500000000442e+00
5.075507499999999617e+00
8.359338750000000928e+00
8.203636250000000629e+00
8.132137500000000685e+00
1.463457500000000167e+01
3.176903749999999960e+01
1.808291249999999906e+01
1.845415000000000205e+01
1.342311249999999845e+01
1.290833750000000002e+01
1.484402500000000025e+01
1.918732499999999774e+01
1.101512499999999761e+01
5.289476249999999879e+00
5.091208749999999839e+00
4.932927499999999910e+00
4.828093749999999851e+00
4.750627499999999337e+00
4.687899999999999956e+00
4.578286250000000557e+00
4.118354999999999322e+00
3.378397499999999720e+00
3.015946249999999829e+00
2.712796249999999798e+00
2.337957499999999911e+00
2.332107499999999778e+00
2.451110000000000344e+00
2.759333750000000141e+00
2.959296250000000406e+00
2.884205000000000130e+00
6.410762500000000141e-01
6.277787500000000520e-01
5.976012500000000838e-01
2.667800000000000171e-01
2.448974999999999902e-01
