9.349487500000000395e+00
1.205941250000000053e+01
9.032413749999999908e+00
8.108579999999999899e+00
7.614856249999999882e+00
7.227812500000001528e+00
6.847385000000000055e+00
6.547200000000000131e+00
6.335266249999999211e+00
6.156976249999999595e+00
5.994553749999999681e+00
5.835652500000000131e+00
5.725723749999999335e+00
5.582216250000000102e+00
5.531776250000000061e+00
5.512570000000000192e+00
5.496430000000000149e+00
5.486620000000000275e+00
5.479397500000000143e+00
5.474211249999999751e+00
5.470256250000000264e+00
5.467141250000000952e+00
5.463218749999999346e+00
5.459051249999999911e+00
5.456197500000000922e+00
5.454106250000000600e+00
5.452638750000000201e+00
5.451497500000000329e+00
5.450355000000000061e+00
5.449453749999999985e+00
5.448799999999999422e+00
5.448146249999999746e+00
5.447608749999999667e+00
5.447180000000001243e+00
5.446586249999999296e+00
5.445958749999999959e+00
5.445454999999999046e+00
5.445050000000001056e+00
5.444740000000001245e+00
5.444569999999999688e+00
5.444368750000000645e+00
5.444099999999999717e+00
5.443865000000000620e+00
5.443669999999999121e+00
5.443482500000000002e+00
5.443370000000000708e+00
5.443289999999999296e+00
5.443220000000000169e+00
5.443150000000001043e+00
5.443100000000000271e+00
5.443080000000001029e+00
5.443060000000000898e+00
5.443039999999999878e+00
5.443019999999998859e+00
5.442999999999998728e+00
5.442979999999999485e+00
5.442960000000000242e+00
5.442940000000000111e+00
5.442919999999999980e+00
5.442900000000000738e+00
5.442880000000000607e+00
5.442854999999998888e+00
5.442831250000000232e+00
5.442810000000000592e+00
5.442779999999999951e+00
5.442729999999999180e+00
5.442680000000001073e+00
5.442623750000000094e+00
5.442562500000000192e+00
5.442500000000000782e+00
5.442430000000000767e+00
5.442359999999999864e+00
5.442289999999999850e+00
5.442210000000001102e+00
5.442120000000000957e+00
5.442031250000000320e+00
5.441960000000000797e+00
5.441900000000000404e+00
5.441842499999999916e+00
5.441792500000000032e+00
5.441741250000000640e+00
5.441699999999999093e+00
5.441659999999999719e+00
5.441620000000000346e+00
5.441569999999999574e+00
5.441530000000000200e+00
5.441479999999999428e+00
5.441443749999999469e+00
5.441419999999999924e+00
5.441400000000000681e+00
5.441389999999999283e+00
5.441370000000000040e+00
5.441308750000000138e+00
5.441231249999999520e+00
5.441189999999999749e+00
5.441099999999999604e+00
5.441029999999998701e+00
5.441000000000000725e+00
5.440949999999999953e+00
5.440910000000000579e+00
5.440889999999999560e+00
5.440879999999999939e+00
5.440859999999999808e+00
5.440849999999999298e+00
5.440809999999999924e+00
5.440769999999999662e+00
5.440730000000001176e+00
5.440690000000000026e+00
5.440660000000000274e+00
5.440640000000001031e+00
5.440610000000000390e+00
5.440599999999999881e+00
5.440579999999998861e+00
5.440559999999998730e+00
5.440550000000000885e+00
5.440520000000000245e+00
5.440509999999999735e+00
5.440489999999998716e+00
5.440479999999999983e+00
5.440460000000000740e+00
5.440430000000000099e+00
5.440400000000000347e+00
5.440370000000000594e+00
5.440348750000000067e+00
5.440339999999999954e+00
5.440319999999999823e+00
5.440310000000000201e+00
5.440299999999999692e+00
5.440289999999999182e+00
5.440280000000000449e+00
5.440269999999999051e+00
5.440260000000001206e+00
5.440249999999999808e+00
5.440240000000001075e+00
5.440220000000000056e+00
5.440210000000000434e+00
5.440190000000000303e+00
5.440179999999998905e+00
5.440159999999999663e+00
5.440150000000000929e+00
5.440140000000000420e+00
5.440129999999999910e+00
5.440116249999999987e+00
5.440080000000000915e+00
5.440046249999999972e+00
5.440019999999998745e+00
5.439990000000000769e+00
5.439949999999999619e+00
5.439909999999999357e+00
5.439880000000000493e+00
5.439849999999999852e+00
5.439802499999998986e+00
5.439721249999999841e+00
5.439639999999998921e+00
5.439580000000000304e+00
5.439529999999999532e+00
5.439498750000000271e+00
5.439218749999999325e+00
5.438889999999999780e+00
5.438799999999999635e+00
5.438719999999999999e+00
5.438580000000000858e+00
5.438257499999999744e+00
5.437969999999999970e+00
5.436918749999999356e+00
5.435247499999999121e+00
5.434649999999999537e+00
5.433495000000001518e+00
5.431424999999999947e+00
5.429063750000000077e+00
5.427245000000000097e+00
5.425957499999999989e+00
5.423129999999998674e+00
5.420908749999999721e+00
5.419251250000000297e+00
5.416127499999999984e+00
5.411050000000000360e+00
5.406896249999999959e+00
5.404351249999999496e+00
5.378167499999999990e+00
5.361332499999999612e+00
5.340306250000000254e+00
5.299294999999999867e+00
5.652540000000000120e+00
5.641164999999999985e+00
6.076773750000000085e+00
5.409443749999999440e+00
5.834488750000000223e+00
9.237241250000000292e+00
5.058993749999999956e+00
4.823266250000000532e+00
5.490432500000000715e+00
4.664301250000000287e+00
6.312602499999999672e+00
4.078006250000000499e+00
6.862452499999998956e+00
6.421078750000000390e+00
8.755677499999999114e+00
7.720192499999999569e+00
8.735191249999999741e+00
1.240666250000000126e+01
8.152698749999998995e+00
6.189787500000000442e+00
5.075733750000000377e+00
8.359869999999999024e+00
8.204200000000000159e+00
8.132548749999999771e+00
1.463490000000000002e+01
3.176925000000000310e+01
1.808336250000000334e+01
1.845451249999999987e+01
1.342346249999999941e+01
1.290876250000000169e+01
1.484450000000000180e+01
1.918743750000000148e+01
1.101652499999999968e+01
5.291490000000000471e+00
5.093379999999999797e+00
4.935228749999999387e+00
4.830490000000000173e+00
4.753104999999999691e+00
4.690441249999999229e+00
4.580937500000000107e+00
4.321468750000000192e+00
4.000231249999999683e+00
3.827128749999999968e+00
3.740508750000000049e+00
3.666367499999999779e+00
3.763865000000000460e+00
3.961752500000000232e+00
4.348803750000000079e+00
4.498231249999999903e+00
4.280711249999999524e+00
9.780925000000000313e-01
9.599050000000000082e-01
9.350387500000000296e-01
4.422050000000000147e-01
4.225562500000000221e-01
