6.897837500000000149e-03
8.213675000000000143e-03
5.611166250000000633e-03
4.726930000000000714e-03
4.220288750000000463e-03
3.796637500000000012e-03
3.346156250000000172e-03
2.957775000000000161e-03
2.654398750000000126e-03
2.372194999999999686e-03
2.085146249999999830e-03
1.758270000000000145e-03
1.494399999999999895e-03
1.044893749999999902e-03
8.435235000000000562e-04
7.491293749999999819e-04
6.597638750000001410e-04
5.984506250000000416e-04
5.496628749999999970e-04
5.115909999999999338e-04
4.803780000000000550e-04
4.542622500000000128e-04
4.188174999999999927e-04
3.784147499999999703e-04
3.478561249999999458e-04
3.236333750000000564e-04
3.051561249999999921e-04
2.897828750000000118e-04
2.744285000000000170e-04
2.616518749999999791e-04
2.515719999999999827e-04
2.415170000000000121e-04
2.328432499999999971e-04
2.255686249999999888e-04
2.152478750000000080e-04
2.035326250000000256e-04
1.936927499999999862e-04
1.853025000000000169e-04
1.789668750000000211e-04
1.753462500000000019e-04
1.707570000000000322e-04
1.646504999999999985e-04
1.591342499999999884e-04
1.543181249999999837e-04
1.496233749999999793e-04
1.465706249999999974e-04
1.446181249999999919e-04
1.426836249999999988e-04
1.407488749999999747e-04
1.394823749999999827e-04
1.388886249999999852e-04
1.383058749999999983e-04
1.377143750000000362e-04
1.371228750000000199e-04
1.365353749999999853e-04
1.359447500000000235e-04
1.353536249999999995e-04
1.347683749999999733e-04
1.341772500000000035e-04
1.335912500000000197e-04
1.330016250000000194e-04
1.324126250000000153e-04
1.318219999999999993e-04
1.312338749999999955e-04
1.301992500000000088e-04
1.287293749999999994e-04
1.272583750000000130e-04
1.257822499999999865e-04
1.239557499999999863e-04
1.218035000000000070e-04
1.196356249999999986e-04
1.174439999999999957e-04
1.152716249999999841e-04
1.126763749999999957e-04
1.096171249999999792e-04
1.065495000000000071e-04
1.039113749999999941e-04
1.015897499999999907e-04
9.965738750000000825e-05
9.771025000000000185e-05
9.566891250000000575e-05
9.390294999999999513e-05
9.226029999999999485e-05
9.059161249999999254e-05
8.874094999999999271e-05
8.679082499999999755e-05
8.491926249999998577e-05
8.340612499999999589e-05
8.212392500000000332e-05
8.130106249999999389e-05
8.078531250000000480e-05
7.983566249999999264e-05
7.701161250000000398e-05
7.368105000000000498e-05
7.139653749999999913e-05
6.707746250000000356e-05
6.340287500000000068e-05
6.146518749999999129e-05
5.882226250000000169e-05
5.657877499999999939e-05
5.543638749999999914e-05
5.456598749999999474e-05
5.344527499999999966e-05
5.271921249999999919e-05
5.076527499999999822e-05
4.779090000000000351e-05
4.535228749999999857e-05
4.286114999999999874e-05
4.105183750000000487e-05
3.979404999999999553e-05
3.842877499999999868e-05
3.739422499999999687e-05
3.648746249999999997e-05
3.554586249999999530e-05
3.453918749999999871e-05
3.325670000000000297e-05
3.236979999999999626e-05
3.174754999999999727e-05
3.104678750000000484e-05
3.021452499999999512e-05
2.901621249999999930e-05
2.748958750000000102e-05
2.621974999999999913e-05
2.544993749999999760e-05
2.509850000000000034e-05
2.470222500000000048e-05
2.429909999999999915e-05
2.401861249999999822e-05
2.368303749999999932e-05
2.337245000000000354e-05
2.296637500000000252e-05
2.267047499999999744e-05
2.243046250000000225e-05
2.216038750000000129e-05
2.174646249999999999e-05
2.136359999999999990e-05
2.105167499999999864e-05
2.072206250000000011e-05
2.037128750000000176e-05
2.013071250000000111e-05
1.988061250000000159e-05
1.963547500000000363e-05
1.940766249999999792e-05
1.882799999999999998e-05
1.819495000000000102e-05
1.773178749999999764e-05
1.732006250000000117e-05
1.689158750000000186e-05
1.637882500000000153e-05
1.596492500000000199e-05
1.568478750000000183e-05
1.521816249999999848e-05
1.450087500000000031e-05
1.387323750000000051e-05
1.344105000000000068e-05
1.311605000000000125e-05
1.290921250000000088e-05
1.159171250000000036e-05
1.036728749999999726e-05
1.009248749999999948e-05
9.910960000000001074e-06
9.609678749999999020e-06
8.912610000000000714e-06
8.412476249999999533e-06
7.233755000000000336e-06
6.043243750000000529e-06
5.762535000000000216e-06
5.348793749999999919e-06
4.811267500000000264e-06
4.409932500000000489e-06
4.172645000000000264e-06
4.049944999999999728e-06
3.839202500000000619e-06
3.728460000000000128e-06
3.656150000000000138e-06
3.538098749999999970e-06
3.463965000000000300e-06
3.489855000000000064e-06
6.672220000000000407e-03
4.361429999999999847e-06
3.746947500000000432e-06
2.466358750000000131e-03
9.050903750000000291e-06
4.333385000000000362e-03
2.947291250000000362e-02
2.930084999999999808e-03
6.390523749999999989e-03
3.177158750000000169e-04
9.345847500000000613e-03
3.492775000000000046e-04
2.283308749999999571e-05
4.115682499999999584e-03
4.197758749999999851e-05
3.685829999999999749e-03
2.032840000000000168e-03
1.110743250000000059e-03
1.077877499999999825e-03
7.324561250000000785e-04
6.475907499999999017e-04
5.731822499999999652e-04
3.174591250000000130e-04
3.199102499999999954e-04
3.021048749999999524e-04
2.252846250000000165e-04
5.316890000000001198e-04
5.659569999999999618e-04
4.115885000000000658e-04
3.288672499999999708e-04
2.183040000000000024e-04
4.250466249999999922e-04
3.431781250000000153e-04
3.293006249999999775e-04
4.528629999999999635e-04
4.579692499999999961e-04
1.300980999999999937e-04
1.382513749999999967e-03
2.012168749999999982e-03
2.173008750000000183e-03
2.301409999999999827e-03
2.397318749999999884e-03
2.476282499999999959e-03
2.540225000000000122e-03
2.651966249999999827e-03
2.361023749999999893e-03
1.683377499999999961e-03
1.144836249999999856e-03
1.016402499999999971e-03
8.538413749999999511e-04
6.797521249999999814e-04
4.079661249999999920e-04
1.637431250000000095e-04
1.077023750000000125e-04
3.363186249999999974e-04
2.348080000000000056e-04
2.492441249999999622e-04
2.456707500000000093e-04
1.117168749999999992e-04
1.064808749999999972e-04
