1.099989999999999964e+04
1.309791249999999854e+04
8.947497499999999491e+03
7.537278749999999491e+03
6.729246250000000146e+03
6.053548749999999927e+03
5.335027500000000146e+03
4.714922499999998763e+03
4.229777500000000146e+03
3.781458749999999782e+03
3.320047499999999673e+03
2.799793749999999363e+03
2.380522500000000036e+03
1.664948750000000018e+03
1.341123749999999973e+03
1.192316249999999854e+03
1.051149999999999864e+03
9.513690000000000282e+02
8.744975000000000591e+02
8.142011249999999336e+02
7.648363749999999754e+02
7.242033749999999372e+02
6.660588750000000573e+02
6.019328749999999673e+02
5.535797500000001037e+02
5.157595000000000027e+02
4.840456250000000296e+02
4.576967499999999518e+02
4.353148750000000291e+02
4.163480000000000132e+02
3.991774999999999523e+02
3.841449999999999818e+02
3.705654999999999859e+02
3.582791250000000218e+02
3.427302499999999554e+02
3.244523750000000177e+02
3.088531249999999773e+02
2.954644999999999868e+02
2.853542499999999791e+02
2.795773750000000177e+02
2.722536249999999995e+02
2.625093749999999773e+02
2.537126249999999743e+02
2.460393750000000068e+02
2.385591249999999945e+02
2.336943749999999795e+02
2.305826250000000073e+02
2.274998750000000030e+02
2.244162499999999909e+02
2.223971250000000168e+02
2.214498750000000200e+02
2.205196249999999907e+02
2.195757499999999993e+02
2.186321249999999736e+02
2.176948749999999677e+02
2.167519999999999811e+02
2.158091250000000230e+02
2.148747500000000059e+02
2.139314999999999998e+02
2.129963750000000005e+02
2.120558750000000430e+02
2.111156249999999943e+02
2.101730000000000302e+02
2.092348749999999882e+02
2.075838750000000346e+02
2.052385000000000161e+02
2.028911250000000166e+02
2.005353749999999877e+02
1.976207499999999868e+02
1.941864999999999952e+02
1.907267499999999814e+02
1.872293750000000045e+02
1.837632499999999709e+02
1.796247500000000059e+02
1.747505000000000166e+02
1.698618749999999977e+02
1.656513750000000300e+02
1.619421249999999759e+02
1.588551249999999868e+02
1.554811250000000200e+02
1.517503750000000196e+02
1.485231249999999932e+02
1.457175000000000011e+02
1.439314999999999998e+02
2.016120000000000232e+02
6.658724999999999454e+02
7.661517499999999927e+02
7.603073749999999791e+02
7.544992499999999609e+02
7.507718749999999091e+02
7.484356250000000728e+02
7.441338749999999891e+02
7.313416249999999081e+02
7.144263750000000073e+02
7.000771249999999100e+02
6.707915000000001555e+02
6.415252499999999145e+02
6.227672499999999900e+02
5.938266249999999218e+02
5.692601250000000164e+02
5.548524999999999636e+02
5.419201249999999845e+02
5.252685000000000173e+02
5.144802499999999554e+02
4.831059999999999377e+02
4.268438750000000255e+02
3.721782499999999914e+02
3.325092500000000086e+02
3.153813749999999914e+02
3.034813749999999573e+02
2.906301249999999641e+02
2.809093750000000114e+02
2.723963750000000346e+02
2.641304999999999836e+02
2.556921250000000043e+02
2.443633750000000191e+02
2.353091249999999945e+02
2.288281250000000000e+02
2.216633750000000020e+02
2.134406250000000114e+02
2.016016249999999843e+02
1.887835000000000036e+02
1.783273750000000177e+02
1.702966249999999775e+02
1.666301250000000209e+02
1.631518749999999613e+02
1.602078750000000014e+02
1.581782499999999914e+02
1.556326249999999902e+02
1.526053750000000093e+02
1.485297499999999786e+02
1.455596250000000111e+02
1.431508749999999850e+02
1.407355000000000018e+02
1.377516249999999900e+02
1.347044999999999959e+02
1.318230000000000075e+02
1.287757500000000164e+02
1.255330000000000013e+02
1.233086249999999922e+02
1.210091249999999974e+02
1.188547499999999957e+02
1.168796249999999901e+02
1.118545000000000016e+02
1.063662500000000080e+02
1.022796249999999958e+02
9.880958749999999213e+01
9.532887499999999648e+01
9.113684999999999548e+01
8.713793749999999250e+01
8.449749999999998806e+01
8.106558749999999236e+01
7.493032500000001050e+01
7.022628749999999798e+01
6.808796250000000327e+01
6.647991249999999752e+01
6.545655000000000712e+01
5.644606250000000358e+01
4.568148749999999580e+01
4.288248749999999632e+01
4.153565000000000396e+01
3.970416250000000247e+01
3.542498750000000030e+01
3.166584999999999894e+01
2.473782500000000084e+01
1.796235000000000070e+01
1.658228749999999962e+01
1.437782499999999786e+01
1.165701250000000044e+01
9.807064999999999699e+00
8.489787500000000264e+00
7.962221249999999806e+00
6.883966249999998510e+00
6.312720000000000553e+00
5.954842499999998928e+00
5.280512499999998610e+00
4.511660000000000004e+00
4.043181249999999949e+00
3.354613749999999506e+00
2.523190000000000044e+00
2.131122500000000031e+00
1.813032500000000047e+00
1.487168749999999928e+00
1.226621249999999774e+00
1.010569999999999968e+00
8.649749999999999384e-01
7.596144999999999703e-01
7.275611250000000307e-01
6.977078749999999774e-01
6.448213750000000299e-01
6.138146250000000581e-01
5.986209999999999587e-01
5.845176250000000406e-01
5.649102500000000582e-01
5.163308749999999669e-01
4.610544999999999782e-01
4.158699999999999619e-01
3.525185000000000124e-01
2.624041249999999881e-01
2.216086250000000035e-01
2.027115000000000444e-01
1.962794999999999956e-01
1.896497500000000058e-01
1.829034999999999966e-01
1.725763750000000041e-01
1.621350000000000013e-01
1.587424999999999808e-01
1.525714999999999988e-01
1.479846250000000363e-01
1.432908750000000120e-01
1.340113750000000159e-01
1.260697500000000082e-01
1.220866249999999903e-01
1.194816250000000080e-01
1.165017499999999873e-01
1.097935000000000161e-01
9.971956249999999744e-02
8.979851249999999674e-02
8.311296249999999830e-02
7.823723750000000088e-02
7.426173749999999407e-02
7.114202500000001150e-02
6.653161250000000360e-02
5.445629999999999915e-02
3.718768749999999679e-02
2.671078749999999946e-02
2.102513749999999904e-02
1.024150000000000060e-02
3.575487500000000193e-03
1.526997499999999727e-03
3.548412499999999766e-04
5.102403749999999318e-04
9.518063750000001558e-04
2.512562500000000256e-04
2.502062499999999729e-04
2.512412500000000062e-04
1.311212499999999976e-04
1.390025000000000028e-04
