1.100413750000000073e+04
1.310363750000000073e+04
8.952000000000000000e+03
7.541424999999999272e+03
6.733206250000000182e+03
6.057367500000000291e+03
5.338708749999999782e+03
4.718500000000000000e+03
4.233281250000000000e+03
3.784903749999999945e+03
3.323432500000000346e+03
2.803126250000000255e+03
2.383818749999999909e+03
1.668196249999999964e+03
1.344353749999999991e+03
1.195542500000000018e+03
1.054366250000000036e+03
9.545844999999999345e+02
8.777104999999999109e+02
8.174126250000000482e+02
7.680463750000000118e+02
7.274121249999999463e+02
6.692659999999999627e+02
6.051392500000000609e+02
5.567851249999999936e+02
5.189643749999999045e+02
4.872496250000000941e+02
4.609002499999999714e+02
4.385182500000000800e+02
4.195509999999999877e+02
4.023802499999999327e+02
3.873475000000000250e+02
3.737679999999999723e+02
3.614812499999999886e+02
3.459322500000000105e+02
3.276543750000000159e+02
3.120542499999999677e+02
2.986657500000000027e+02
2.885556250000000205e+02
2.827783749999999827e+02
2.754549999999999841e+02
2.657104999999999677e+02
2.569137500000000500e+02
2.492403750000000002e+02
2.417601250000000164e+02
2.368951249999999789e+02
2.337835000000000036e+02
2.307006249999999739e+02
2.276168749999999932e+02
2.255979999999999563e+02
2.246507500000000164e+02
2.237204999999999870e+02
2.227766249999999957e+02
2.218329999999999700e+02
2.208956249999999955e+02
2.199528749999999775e+02
2.190096249999999998e+02
2.180753750000000366e+02
2.171322499999999991e+02
2.161973750000000223e+02
2.152566249999999854e+02
2.143163749999999936e+02
2.133738749999999982e+02
2.124352499999999964e+02
2.107845000000000084e+02
2.084395000000000095e+02
2.060918749999999875e+02
2.037362500000000125e+02
2.008213749999999891e+02
1.973872500000000230e+02
1.939273750000000121e+02
1.904298750000000098e+02
1.869637499999999761e+02
1.828251249999999857e+02
1.779509999999999934e+02
1.730623749999999745e+02
1.688518750000000068e+02
1.651426250000000095e+02
1.620557500000000175e+02
1.586812499999999773e+02
1.549508749999999964e+02
1.517236249999999700e+02
1.489183749999999975e+02
1.472546250000000327e+02
2.144665000000000248e+02
7.524087500000000546e+02
8.693131250000001273e+02
8.634577500000000327e+02
8.576386250000000473e+02
8.539041250000000218e+02
8.515634999999998627e+02
8.472537499999999682e+02
8.344368749999999864e+02
8.174896250000001601e+02
8.031133749999999054e+02
7.737722499999999854e+02
7.444504999999999200e+02
7.256570000000000391e+02
6.966616250000000719e+02
6.720484999999999900e+02
6.576133749999999054e+02
6.446564999999999372e+02
6.279733750000000327e+02
6.171643749999999500e+02
5.857309999999999945e+02
5.293622500000000173e+02
4.745927500000000236e+02
4.340087499999999636e+02
4.157293749999999477e+02
4.030211249999999836e+02
3.892202499999999645e+02
3.787604999999999791e+02
3.695993750000000091e+02
3.606506250000000477e+02
3.514758749999999736e+02
3.391587499999999977e+02
3.293147500000000036e+02
3.222677499999999782e+02
3.144441250000000423e+02
3.053921250000000214e+02
2.923592499999999745e+02
2.781775000000000091e+02
2.665230000000000246e+02
2.575718749999999773e+02
2.534852500000000077e+02
2.495857500000000186e+02
2.462611250000000211e+02
2.439678750000000207e+02
2.410920000000000130e+02
2.376720000000000255e+02
2.330674999999999670e+02
2.297123750000000086e+02
2.269908749999999884e+02
2.242508749999999793e+02
2.208356249999999932e+02
2.173448750000000018e+02
2.140439999999999827e+02
2.105532500000000198e+02
2.068381250000000193e+02
2.042903749999999832e+02
2.016526250000000289e+02
1.991547500000000070e+02
1.968567500000000052e+02
1.910105000000000075e+02
1.846254999999999882e+02
1.798602500000000362e+02
1.757662499999999852e+02
1.716438750000000084e+02
1.666787500000000080e+02
1.619426249999999925e+02
1.587994999999999948e+02
1.546523750000000064e+02
1.472381249999999682e+02
1.412959999999999923e+02
1.382355000000000018e+02
1.359337500000000034e+02
1.344692500000000166e+02
1.215724999999999909e+02
1.061651250000000033e+02
1.021248750000000030e+02
1.000711249999999950e+02
9.715721249999998577e+01
9.034882500000000505e+01
8.436173749999998961e+01
7.217462500000000603e+01
5.942454999999999643e+01
5.659446249999999878e+01
5.194406250000000114e+01
4.588362500000000210e+01
4.139492500000000064e+01
3.816247500000000059e+01
3.673420000000000130e+01
3.378660000000000707e+01
3.212001250000000141e+01
3.103757500000000036e+01
2.899799999999999756e+01
2.653391249999999957e+01
2.493623750000000072e+01
2.239326250000000584e+01
1.900438749999999999e+01
1.719300000000000139e+01
1.556331249999999855e+01
1.374409999999999954e+01
1.208396250000000016e+01
1.062102499999999949e+01
9.494136250000000388e+00
8.632451249999999021e+00
8.359032500000001420e+00
8.093014999999999404e+00
7.608297499999999935e+00
7.311652500000000110e+00
7.161525000000000141e+00
7.016668750000000010e+00
6.808559999999999945e+00
6.307644999999999946e+00
5.956989999999999341e+00
5.650608749999999958e+00
5.375067500000000109e+00
5.294926249999999612e+00
5.356546250000000065e+00
5.440654999999998687e+00
5.489258749999999409e+00
5.554942500000000116e+00
5.639599999999999724e+00
5.763306250000000297e+00
5.885471250000000154e+00
5.968723750000000550e+00
6.126521250000000585e+00
6.249080000000000190e+00
6.370928750000000029e+00
6.575832500000000636e+00
6.722681249999999054e+00
6.792161249999999484e+00
6.838860000000000383e+00
6.888955000000000162e+00
6.997587499999999849e+00
7.130471250000001149e+00
7.243413749999999318e+00
7.328039999999999665e+00
7.367127499999999607e+00
7.383548750000000105e+00
7.396718750000001563e+00
7.418723749999998951e+00
7.393408749999999863e+00
7.155940000000000190e+00
6.862174999999999692e+00
6.641063749999998933e+00
5.937658750000000651e+00
5.157993750000000155e+00
4.705478750000000154e+00
4.331915000000000404e+00
4.171464999999999534e+00
4.350781249999999822e+00
1.175788749999999938e+00
1.192936249999999809e+00
1.208753750000000071e+00
6.174262499999999543e-01
6.274912499999999449e-01
