4.237876250000000233e+00
5.742216250000000244e+00
4.501430000000000042e+00
4.144432499999999742e+00
3.959449999999999470e+00
3.817855000000000221e+00
3.681851250000000242e+00
3.576521250000000318e+00
3.503152499999999669e+00
3.442562500000000192e+00
3.386814999999999909e+00
3.333174999999999777e+00
3.296138749999999895e+00
3.247676250000000042e+00
3.230475000000000207e+00
3.224116250000000239e+00
3.218730000000000313e+00
3.215337500000000404e+00
3.212957499999999467e+00
3.211231250000000426e+00
3.209907500000000358e+00
3.208883750000000035e+00
3.207518749999999752e+00
3.206140000000000434e+00
3.205190000000000872e+00
3.204508749999999573e+00
3.203969999999999096e+00
3.203549999999999898e+00
3.203209999999999447e+00
3.202938749999999057e+00
3.202700000000000102e+00
3.202500000000000124e+00
3.202328749999999946e+00
3.202169999999999739e+00
3.201989999999999448e+00
3.201779999999999848e+00
3.201619999999999244e+00
3.201480000000000103e+00
3.201379999999999892e+00
3.201319999999999499e+00
3.201258750000000042e+00
3.201170000000000293e+00
3.201090000000000213e+00
3.201029999999999820e+00
3.200959999999999361e+00
3.200921249999999940e+00
3.200900000000000301e+00
3.200880000000000614e+00
3.200849999999999529e+00
3.200839999999999907e+00
3.200829999999999842e+00
3.200820000000000221e+00
3.200820000000000221e+00
3.200810000000000155e+00
3.200800000000000534e+00
3.200800000000000534e+00
3.200790000000000468e+00
3.200780000000000847e+00
3.200780000000000847e+00
3.200769999999999449e+00
3.200759999999999383e+00
3.200759999999999383e+00
3.200749999999999762e+00
3.200740000000000141e+00
3.200730000000000075e+00
3.200710000000000388e+00
3.200700000000000323e+00
3.200679999999999303e+00
3.200659999999999616e+00
3.200639999999999930e+00
3.200620000000000243e+00
3.200589999999999158e+00
3.200569999999999471e+00
3.200549999999999784e+00
3.200520000000000476e+00
3.200489999999999391e+00
3.200460000000000083e+00
3.200439999999999952e+00
3.200430000000000330e+00
3.200410000000000643e+00
3.200389999999999624e+00
3.200369999999999937e+00
3.200724999999999820e+00
3.322854999999999670e+00
1.285456250000000011e+01
8.653636249999999563e+01
1.031613750000000209e+02
1.031503749999999968e+02
1.031392500000000041e+02
1.031320000000000334e+02
1.031280000000000143e+02
1.031200000000000045e+02
1.030953750000000184e+02
1.030633749999999935e+02
1.030362500000000239e+02
1.029807500000000005e+02
1.029252499999999770e+02
1.028896249999999952e+02
1.028348750000000109e+02
1.027882500000000050e+02
1.027609999999999815e+02
1.027361250000000013e+02
1.027050000000000125e+02
1.026841249999999945e+02
1.026246250000000089e+02
1.025183750000000060e+02
1.024146250000000009e+02
1.014994999999999976e+02
1.003481250000000102e+02
9.953963749999999777e+01
9.859033750000000396e+01
9.785096249999999429e+01
9.720281250000002160e+01
9.652028749999999491e+01
9.578395000000000437e+01
9.479545000000000243e+01
9.400538749999999766e+01
9.343983749999999588e+01
9.278090000000000259e+01
9.195150000000001000e+01
9.075736250000001348e+01
8.939388750000000528e+01
8.819553750000000036e+01
8.727514999999999645e+01
8.685494999999998811e+01
8.643379999999999086e+01
8.605312499999999432e+01
8.578973750000000109e+01
8.545947499999999764e+01
8.506667499999998938e+01
8.453784999999999172e+01
8.415254999999999086e+01
8.383998750000000655e+01
8.351540000000001385e+01
8.308389999999999986e+01
8.264038750000000277e+01
8.222093750000000512e+01
8.177740000000001430e+01
8.130537499999999795e+01
8.098163750000000505e+01
8.064355000000000473e+01
8.029988749999999698e+01
7.997713749999999777e+01
7.915593749999999318e+01
7.825912499999999739e+01
7.758089999999998554e+01
7.695668750000001523e+01
7.631491250000000548e+01
7.554193750000000307e+01
7.480460000000000775e+01
7.430207499999998788e+01
7.358670000000000755e+01
7.230781250000001137e+01
7.106972499999999116e+01
7.014747500000000002e+01
6.945392499999999814e+01
6.901257500000001244e+01
6.512634999999998797e+01
6.048361249999999956e+01
5.924245000000000516e+01
5.853551250000000294e+01
5.745302499999999668e+01
5.492385000000000161e+01
5.269591249999999860e+01
4.743678750000000122e+01
4.146220000000000283e+01
4.001217499999999916e+01
3.756620000000000203e+01
3.422663750000000249e+01
3.158786249999999995e+01
2.967268750000000210e+01
2.877197500000000119e+01
2.690262500000000045e+01
2.580728749999999749e+01
2.508271249999999597e+01
2.371748749999999717e+01
2.202225000000000321e+01
2.089303750000000193e+01
1.903863750000000010e+01
1.648117500000000035e+01
1.506188749999999921e+01
1.375027500000000025e+01
1.225689999999999813e+01
1.085733749999999809e+01
9.610463750000000971e+00
8.629162499999999625e+00
7.872837500000000155e+00
7.631470000000001086e+00
7.395308749999998987e+00
6.963476250000000256e+00
6.697837499999999444e+00
6.562902499999999861e+00
6.432150000000000922e+00
6.243650000000000588e+00
5.763499999999999623e+00
5.306543749999999449e+00
4.933500000000000441e+00
4.495789999999999509e+00
4.149521250000000272e+00
4.028145000000000309e+00
3.992213749999999894e+00
3.988520000000000287e+00
3.994811250000000147e+00
4.015320000000000000e+00
4.037981249999999633e+00
4.052823749999999947e+00
4.087771250000000300e+00
4.154553750000000711e+00
4.208286250000000450e+00
4.262617500000000170e+00
4.346428749999999397e+00
4.403396250000000123e+00
4.429703749999999829e+00
4.447407500000000624e+00
4.466905000000000570e+00
4.511283750000000481e+00
4.569652499999999229e+00
4.622898749999999168e+00
4.662702499999999972e+00
4.685203750000000333e+00
4.699040000000000106e+00
4.710097499999999826e+00
4.728191250000000068e+00
4.739370000000000083e+00
4.619340000000000224e+00
4.413727499999999360e+00
4.256428750000000427e+00
3.690431249999999608e+00
3.026507499999999684e+00
2.606336250000000021e+00
2.271548750000000005e+00
2.225083749999999583e+00
2.441932500000000061e+00
7.112062500000000398e-01
7.329187500000000632e-01
7.592775000000000496e-01
4.005850000000000244e-01
4.121024999999999827e-01
