-15.927898	-111.495286	194.004714	10.5	1
15.927898	-111.495286	194.004714	10.5	2
-79.639490	-79.639490	194.004714	10.5	3
-47.783694	-79.639490	194.004714	10.5	4
-63.711592	-95.567388	194.004714	10.5	5
-15.927898	-79.639490	194.004714	10.5	6
-31.855796	-95.567388	194.004714	10.5	7
15.927898	-79.639490	194.004714	10.5	8
0.000000	-95.567388	194.004714	10.5	9
47.783694	-79.639490	194.004714	10.5	10
31.855796	-95.567388	194.004714	10.5	11
79.639490	-79.639490	194.004714	10.5	12
63.711592	-95.567388	194.004714	10.5	13
-79.639490	-47.783694	194.004714	10.5	14
-95.567388	-63.711592	194.004714	10.5	15
-47.783694	-47.783694	194.004714	10.5	16
-63.711592	-63.711592	194.004714	10.5	17
-15.927898	-47.783694	194.004714	10.5	18
-31.855796	-63.711592	194.004714	10.5	19
15.927898	-47.783694	194.004714	10.5	20
0.000000	-63.711592	194.004714	10.5	21
47.783694	-47.783694	194.004714	10.5	22
31.855796	-63.711592	194.004714	10.5	23
79.639490	-47.783694	194.004714	10.5	24
63.711592	-63.711592	194.004714	10.5	25
95.567388	-63.711592	194.004714	10.5	26
-111.495286	-15.927898	194.004714	10.5	27
-79.639490	-15.927898	194.004714	10.5	28
-95.567388	-31.855796	194.004714	10.5	29
-47.783694	-15.927898	194.004714	10.5	30
-63.711592	-31.855796	194.004714	10.5	31
-15.927898	-15.927898	194.004714	10.5	32
-31.855796	-31.855796	194.004714	10.5	33
15.927898	-15.927898	194.004714	10.5	34
0.000000	-31.855796	194.004714	10.5	35
47.783694	-15.927898	194.004714	10.5	36
31.855796	-31.855796	194.004714	10.5	37
79.639490	-15.927898	194.004714	10.5	38
63.711592	-31.855796	194.004714	10.5	39
111.495286	-15.927898	194.004714	10.5	40
95.567388	-31.855796	194.004714	10.5	41
-111.495286	15.927898	194.004714	10.5	42
-79.639490	15.927898	194.004714	10.5	43
-95.567388	0.000000	194.004714	10.5	44
-47.783694	15.927898	194.004714	10.5	45
-63.711592	0.000000	194.004714	10.5	46
-15.927898	15.927898	194.004714	10.5	47
-31.855796	0.000000	194.004714	10.5	48
15.927898	15.927898	194.004714	10.5	49
0.000000	0.000000	194.004714	10.5	50
47.783694	15.927898	194.004714	10.5	51
31.855796	0.000000	194.004714	10.5	52
79.639490	15.927898	194.004714	10.5	53
63.711592	0.000000	194.004714	10.5	54
111.495286	15.927898	194.004714	10.5	55
95.567388	0.000000	194.004714	10.5	56
-79.639490	47.783694	194.004714	10.5	57
-95.567388	31.855796	194.004714	10.5	58
-47.783694	47.783694	194.004714	10.5	59
-63.711592	31.855796	194.004714	10.5	60
-15.927898	47.783694	194.004714	10.5	61
-31.855796	31.855796	194.004714	10.5	62
15.927898	47.783694	194.004714	10.5	63
0.000000	31.855796	194.004714	10.5	64
47.783694	47.783694	194.004714	10.5	65
31.855796	31.855796	194.004714	10.5	66
79.639490	47.783694	194.004714	10.5	67
63.711592	31.855796	194.004714	10.5	68
95.567388	31.855796	194.004714	10.5	69
-79.639490	79.639490	194.004714	10.5	70
-95.567388	63.711592	194.004714	10.5	71
-47.783694	79.639490	194.004714	10.5	72
-63.711592	63.711592	194.004714	10.5	73
-15.927898	79.639490	194.004714	10.5	74
-31.855796	63.711592	194.004714	10.5	75
15.927898	79.639490	194.004714	10.5	76
0.000000	63.711592	194.004714	10.5	77
47.783694	79.639490	194.004714	10.5	78
31.855796	63.711592	194.004714	10.5	79
79.639490	79.639490	194.004714	10.5	80
63.711592	63.711592	194.004714	10.5	81
95.567388	63.711592	194.004714	10.5	82
-63.711592	95.567388	194.004714	10.5	83
-15.927898	111.495286	194.004714	10.5	84
-31.855796	95.567388	194.004714	10.5	85
15.927898	111.495286	194.004714	10.5	86
0.000000	95.567388	194.004714	10.5	87
31.855796	95.567388	194.004714	10.5	88
63.711592	95.567388	194.004714	10.5	89
-15.927898	-111.495286	225.860510	10.5	90
15.927898	-111.495286	225.860510	10.5	91
0.000000	-111.495286	209.932612	10.5	92
-79.639490	-79.639490	225.860510	10.5	93
-47.783694	-79.639490	225.860510	10.5	94
-47.783694	-95.567388	209.932612	10.5	95
-63.711592	-79.639490	209.932612	10.5	96
-63.711592	-95.567388	225.860510	10.5	97
-15.927898	-79.639490	225.860510	10.5	98
-15.927898	-95.567388	209.932612	10.5	99
-31.855796	-79.639490	209.932612	10.5	100
-31.855796	-95.567388	225.860510	10.5	101
15.927898	-79.639490	225.860510	10.5	102
15.927898	-95.567388	209.932612	10.5	103
0.000000	-79.639490	209.932612	10.5	104
0.000000	-95.567388	225.860510	10.5	105
47.783694	-79.639490	225.860510	10.5	106
47.783694	-95.567388	209.932612	10.5	107
31.855796	-79.639490	209.932612	10.5	108
31.855796	-95.567388	225.860510	10.5	109
79.639490	-79.639490	225.860510	10.5	110
63.711592	-79.639490	209.932612	10.5	111
63.711592	-95.567388	225.860510	10.5	112
-79.639490	-47.783694	225.860510	10.5	113
-79.639490	-63.711592	209.932612	10.5	114
-95.567388	-47.783694	209.932612	10.5	115
-95.567388	-63.711592	225.860510	10.5	116
-47.783694	-47.783694	225.860510	10.5	117
-47.783694	-63.711592	209.932612	10.5	118
-63.711592	-47.783694	209.932612	10.5	119
-63.711592	-63.711592	225.860510	10.5	120
-15.927898	-47.783694	225.860510	10.5	121
-15.927898	-63.711592	209.932612	10.5	122
-31.855796	-47.783694	209.932612	10.5	123
-31.855796	-63.711592	225.860510	10.5	124
15.927898	-47.783694	225.860510	10.5	125
15.927898	-63.711592	209.932612	10.5	126
0.000000	-47.783694	209.932612	10.5	127
0.000000	-63.711592	225.860510	10.5	128
47.783694	-47.783694	225.860510	10.5	129
47.783694	-63.711592	209.932612	10.5	130
31.855796	-47.783694	209.932612	10.5	131
31.855796	-63.711592	225.860510	10.5	132
79.639490	-47.783694	225.860510	10.5	133
79.639490	-63.711592	209.932612	10.5	134
63.711592	-47.783694	209.932612	10.5	135
63.711592	-63.711592	225.860510	10.5	136
95.567388	-47.783694	209.932612	10.5	137
95.567388	-63.711592	225.860510	10.5	138
-111.495286	-15.927898	225.860510	10.5	139
-79.639490	-15.927898	225.860510	10.5	140
-79.639490	-31.855796	209.932612	10.5	141
-95.567388	-15.927898	209.932612	10.5	142
-95.567388	-31.855796	225.860510	10.5	143
-47.783694	-15.927898	225.860510	10.5	144
-47.783694	-31.855796	209.932612	10.5	145
-63.711592	-15.927898	209.932612	10.5	146
-63.711592	-31.855796	225.860510	10.5	147
-15.927898	-15.927898	225.860510	10.5	148
-15.927898	-31.855796	209.932612	10.5	149
-31.855796	-15.927898	209.932612	10.5	150
-31.855796	-31.855796	225.860510	10.5	151
15.927898	-15.927898	225.860510	10.5	152
15.927898	-31.855796	209.932612	10.5	153
0.000000	-15.927898	209.932612	10.5	154
0.000000	-31.855796	225.860510	10.5	155
47.783694	-15.927898	225.860510	10.5	156
47.783694	-31.855796	209.932612	10.5	157
31.855796	-15.927898	209.932612	10.5	158
31.855796	-31.855796	225.860510	10.5	159
79.639490	-15.927898	225.860510	10.5	160
79.639490	-31.855796	209.932612	10.5	161
63.711592	-15.927898	209.932612	10.5	162
63.711592	-31.855796	225.860510	10.5	163
111.495286	-15.927898	225.860510	10.5	164
95.567388	-15.927898	209.932612	10.5	165
95.567388	-31.855796	225.860510	10.5	166
-111.495286	15.927898	225.860510	10.5	167
-111.495286	0.000000	209.932612	10.5	168
-79.639490	15.927898	225.860510	10.5	169
-79.639490	0.000000	209.932612	10.5	170
-95.567388	15.927898	209.932612	10.5	171
-95.567388	0.000000	225.860510	10.5	172
-47.783694	15.927898	225.860510	10.5	173
-47.783694	0.000000	209.932612	10.5	174
-63.711592	15.927898	209.932612	10.5	175
-63.711592	0.000000	225.860510	10.5	176
-15.927898	15.927898	225.860510	10.5	177
-15.927898	0.000000	209.932612	10.5	178
-31.855796	15.927898	209.932612	10.5	179
-31.855796	0.000000	225.860510	10.5	180
15.927898	15.927898	225.860510	10.5	181
15.927898	0.000000	209.932612	10.5	182
0.000000	15.927898	209.932612	10.5	183
0.000000	0.000000	225.860510	10.5	184
47.783694	15.927898	225.860510	10.5	185
47.783694	0.000000	209.932612	10.5	186
31.855796	15.927898	209.932612	10.5	187
31.855796	0.000000	225.860510	10.5	188
79.639490	15.927898	225.860510	10.5	189
79.639490	0.000000	209.932612	10.5	190
63.711592	15.927898	209.932612	10.5	191
63.711592	0.000000	225.860510	10.5	192
111.495286	15.927898	225.860510	10.5	193
111.495286	0.000000	209.932612	10.5	194
95.567388	15.927898	209.932612	10.5	195
95.567388	0.000000	225.860510	10.5	196
-79.639490	47.783694	225.860510	10.5	197
-79.639490	31.855796	209.932612	10.5	198
-95.567388	47.783694	209.932612	10.5	199
-95.567388	31.855796	225.860510	10.5	200
-47.783694	47.783694	225.860510	10.5	201
-47.783694	31.855796	209.932612	10.5	202
-63.711592	47.783694	209.932612	10.5	203
-63.711592	31.855796	225.860510	10.5	204
-15.927898	47.783694	225.860510	10.5	205
-15.927898	31.855796	209.932612	10.5	206
-31.855796	47.783694	209.932612	10.5	207
-31.855796	31.855796	225.860510	10.5	208
15.927898	47.783694	225.860510	10.5	209
15.927898	31.855796	209.932612	10.5	210
0.000000	47.783694	209.932612	10.5	211
0.000000	31.855796	225.860510	10.5	212
47.783694	47.783694	225.860510	10.5	213
47.783694	31.855796	209.932612	10.5	214
31.855796	47.783694	209.932612	10.5	215
31.855796	31.855796	225.860510	10.5	216
79.639490	47.783694	225.860510	10.5	217
79.639490	31.855796	209.932612	10.5	218
63.711592	47.783694	209.932612	10.5	219
63.711592	31.855796	225.860510	10.5	220
95.567388	47.783694	209.932612	10.5	221
95.567388	31.855796	225.860510	10.5	222
-79.639490	79.639490	225.860510	10.5	223
-79.639490	63.711592	209.932612	10.5	224
-95.567388	63.711592	225.860510	10.5	225
-47.783694	79.639490	225.860510	10.5	226
-47.783694	63.711592	209.932612	10.5	227
-63.711592	79.639490	209.932612	10.5	228
-63.711592	63.711592	225.860510	10.5	229
-15.927898	79.639490	225.860510	10.5	230
-15.927898	63.711592	209.932612	10.5	231
-31.855796	79.639490	209.932612	10.5	232
-31.855796	63.711592	225.860510	10.5	233
15.927898	79.639490	225.860510	10.5	234
15.927898	63.711592	209.932612	10.5	235
0.000000	79.639490	209.932612	10.5	236
0.000000	63.711592	225.860510	10.5	237
47.783694	79.639490	225.860510	10.5	238
47.783694	63.711592	209.932612	10.5	239
31.855796	79.639490	209.932612	10.5	240
31.855796	63.711592	225.860510	10.5	241
79.639490	79.639490	225.860510	10.5	242
79.639490	63.711592	209.932612	10.5	243
63.711592	79.639490	209.932612	10.5	244
63.711592	63.711592	225.860510	10.5	245
95.567388	63.711592	225.860510	10.5	246
-47.783694	95.567388	209.932612	10.5	247
-63.711592	95.567388	225.860510	10.5	248
-15.927898	111.495286	225.860510	10.5	249
-15.927898	95.567388	209.932612	10.5	250
-31.855796	95.567388	225.860510	10.5	251
15.927898	111.495286	225.860510	10.5	252
15.927898	95.567388	209.932612	10.5	253
0.000000	111.495286	209.932612	10.5	254
0.000000	95.567388	225.860510	10.5	255
47.783694	95.567388	209.932612	10.5	256
31.855796	95.567388	225.860510	10.5	257
63.711592	95.567388	225.860510	10.5	258
-15.927898	-111.495286	257.716306	10.5	259
15.927898	-111.495286	257.716306	10.5	260
0.000000	-111.495286	241.788408	10.5	261
-79.639490	-79.639490	257.716306	10.5	262
-47.783694	-79.639490	257.716306	10.5	263
-47.783694	-95.567388	241.788408	10.5	264
-63.711592	-79.639490	241.788408	10.5	265
-63.711592	-95.567388	257.716306	10.5	266
-15.927898	-79.639490	257.716306	10.5	267
-15.927898	-95.567388	241.788408	10.5	268
-31.855796	-79.639490	241.788408	10.5	269
-31.855796	-95.567388	257.716306	10.5	270
15.927898	-79.639490	257.716306	10.5	271
15.927898	-95.567388	241.788408	10.5	272
0.000000	-79.639490	241.788408	10.5	273
0.000000	-95.567388	257.716306	10.5	274
47.783694	-79.639490	257.716306	10.5	275
47.783694	-95.567388	241.788408	10.5	276
31.855796	-79.639490	241.788408	10.5	277
31.855796	-95.567388	257.716306	10.5	278
79.639490	-79.639490	257.716306	10.5	279
63.711592	-79.639490	241.788408	10.5	280
63.711592	-95.567388	257.716306	10.5	281
-79.639490	-47.783694	257.716306	10.5	282
-79.639490	-63.711592	241.788408	10.5	283
-95.567388	-47.783694	241.788408	10.5	284
-95.567388	-63.711592	257.716306	10.5	285
-47.783694	-47.783694	257.716306	10.5	286
-47.783694	-63.711592	241.788408	10.5	287
-63.711592	-47.783694	241.788408	10.5	288
-63.711592	-63.711592	257.716306	10.5	289
-15.927898	-47.783694	257.716306	10.5	290
-15.927898	-63.711592	241.788408	10.5	291
-31.855796	-47.783694	241.788408	10.5	292
-31.855796	-63.711592	257.716306	10.5	293
15.927898	-47.783694	257.716306	10.5	294
15.927898	-63.711592	241.788408	10.5	295
0.000000	-47.783694	241.788408	10.5	296
0.000000	-63.711592	257.716306	10.5	297
47.783694	-47.783694	257.716306	10.5	298
47.783694	-63.711592	241.788408	10.5	299
31.855796	-47.783694	241.788408	10.5	300
31.855796	-63.711592	257.716306	10.5	301
79.639490	-47.783694	257.716306	10.5	302
79.639490	-63.711592	241.788408	10.5	303
63.711592	-47.783694	241.788408	10.5	304
63.711592	-63.711592	257.716306	10.5	305
95.567388	-47.783694	241.788408	10.5	306
95.567388	-63.711592	257.716306	10.5	307
-111.495286	-15.927898	257.716306	10.5	308
-79.639490	-15.927898	257.716306	10.5	309
-79.639490	-31.855796	241.788408	10.5	310
-95.567388	-15.927898	241.788408	10.5	311
-95.567388	-31.855796	257.716306	10.5	312
-47.783694	-15.927898	257.716306	10.5	313
-47.783694	-31.855796	241.788408	10.5	314
-63.711592	-15.927898	241.788408	10.5	315
-63.711592	-31.855796	257.716306	10.5	316
-15.927898	-15.927898	257.716306	10.5	317
-15.927898	-31.855796	241.788408	10.5	318
-31.855796	-15.927898	241.788408	10.5	319
-31.855796	-31.855796	257.716306	10.5	320
15.927898	-15.927898	257.716306	10.5	321
15.927898	-31.855796	241.788408	10.5	322
0.000000	-15.927898	241.788408	10.5	323
0.000000	-31.855796	257.716306	10.5	324
47.783694	-15.927898	257.716306	10.5	325
47.783694	-31.855796	241.788408	10.5	326
31.855796	-15.927898	241.788408	10.5	327
31.855796	-31.855796	257.716306	10.5	328
79.639490	-15.927898	257.716306	10.5	329
79.639490	-31.855796	241.788408	10.5	330
63.711592	-15.927898	241.788408	10.5	331
63.711592	-31.855796	257.716306	10.5	332
111.495286	-15.927898	257.716306	10.5	333
95.567388	-15.927898	241.788408	10.5	334
95.567388	-31.855796	257.716306	10.5	335
-111.495286	15.927898	257.716306	10.5	336
-111.495286	0.000000	241.788408	10.5	337
-79.639490	15.927898	257.716306	10.5	338
-79.639490	0.000000	241.788408	10.5	339
-95.567388	15.927898	241.788408	10.5	340
-95.567388	0.000000	257.716306	10.5	341
-47.783694	15.927898	257.716306	10.5	342
-47.783694	0.000000	241.788408	10.5	343
-63.711592	15.927898	241.788408	10.5	344
-63.711592	0.000000	257.716306	10.5	345
-15.927898	15.927898	257.716306	10.5	346
-15.927898	0.000000	241.788408	10.5	347
-31.855796	15.927898	241.788408	10.5	348
-31.855796	0.000000	257.716306	10.5	349
15.927898	15.927898	257.716306	10.5	350
15.927898	0.000000	241.788408	10.5	351
0.000000	15.927898	241.788408	10.5	352
0.000000	0.000000	257.716306	10.5	353
47.783694	15.927898	257.716306	10.5	354
47.783694	0.000000	241.788408	10.5	355
31.855796	15.927898	241.788408	10.5	356
31.855796	0.000000	257.716306	10.5	357
79.639490	15.927898	257.716306	10.5	358
79.639490	0.000000	241.788408	10.5	359
63.711592	15.927898	241.788408	10.5	360
63.711592	0.000000	257.716306	10.5	361
111.495286	15.927898	257.716306	10.5	362
111.495286	0.000000	241.788408	10.5	363
95.567388	15.927898	241.788408	10.5	364
95.567388	0.000000	257.716306	10.5	365
-79.639490	47.783694	257.716306	10.5	366
-79.639490	31.855796	241.788408	10.5	367
-95.567388	47.783694	241.788408	10.5	368
-95.567388	31.855796	257.716306	10.5	369
-47.783694	47.783694	257.716306	10.5	370
-47.783694	31.855796	241.788408	10.5	371
-63.711592	47.783694	241.788408	10.5	372
-63.711592	31.855796	257.716306	10.5	373
-15.927898	47.783694	257.716306	10.5	374
-15.927898	31.855796	241.788408	10.5	375
-31.855796	47.783694	241.788408	10.5	376
-31.855796	31.855796	257.716306	10.5	377
15.927898	47.783694	257.716306	10.5	378
15.927898	31.855796	241.788408	10.5	379
0.000000	47.783694	241.788408	10.5	380
0.000000	31.855796	257.716306	10.5	381
47.783694	47.783694	257.716306	10.5	382
47.783694	31.855796	241.788408	10.5	383
31.855796	47.783694	241.788408	10.5	384
31.855796	31.855796	257.716306	10.5	385
79.639490	47.783694	257.716306	10.5	386
79.639490	31.855796	241.788408	10.5	387
63.711592	47.783694	241.788408	10.5	388
63.711592	31.855796	257.716306	10.5	389
95.567388	47.783694	241.788408	10.5	390
95.567388	31.855796	257.716306	10.5	391
-79.639490	79.639490	257.716306	10.5	392
-79.639490	63.711592	241.788408	10.5	393
-95.567388	63.711592	257.716306	10.5	394
-47.783694	79.639490	257.716306	10.5	395
-47.783694	63.711592	241.788408	10.5	396
-63.711592	79.639490	241.788408	10.5	397
-63.711592	63.711592	257.716306	10.5	398
-15.927898	79.639490	257.716306	10.5	399
-15.927898	63.711592	241.788408	10.5	400
-31.855796	79.639490	241.788408	10.5	401
-31.855796	63.711592	257.716306	10.5	402
15.927898	79.639490	257.716306	10.5	403
15.927898	63.711592	241.788408	10.5	404
0.000000	79.639490	241.788408	10.5	405
0.000000	63.711592	257.716306	10.5	406
47.783694	79.639490	257.716306	10.5	407
47.783694	63.711592	241.788408	10.5	408
31.855796	79.639490	241.788408	10.5	409
31.855796	63.711592	257.716306	10.5	410
79.639490	79.639490	257.716306	10.5	411
79.639490	63.711592	241.788408	10.5	412
63.711592	79.639490	241.788408	10.5	413
63.711592	63.711592	257.716306	10.5	414
95.567388	63.711592	257.716306	10.5	415
-47.783694	95.567388	241.788408	10.5	416
-63.711592	95.567388	257.716306	10.5	417
-15.927898	111.495286	257.716306	10.5	418
-15.927898	95.567388	241.788408	10.5	419
-31.855796	95.567388	257.716306	10.5	420
15.927898	111.495286	257.716306	10.5	421
15.927898	95.567388	241.788408	10.5	422
0.000000	111.495286	241.788408	10.5	423
0.000000	95.567388	257.716306	10.5	424
47.783694	95.567388	241.788408	10.5	425
31.855796	95.567388	257.716306	10.5	426
63.711592	95.567388	257.716306	10.5	427
-15.927898	-111.495286	289.572102	10.5	428
15.927898	-111.495286	289.572102	10.5	429
0.000000	-111.495286	273.644204	10.5	430
-79.639490	-79.639490	289.572102	10.5	431
-47.783694	-79.639490	289.572102	10.5	432
-47.783694	-95.567388	273.644204	10.5	433
-63.711592	-79.639490	273.644204	10.5	434
-63.711592	-95.567388	289.572102	10.5	435
-15.927898	-79.639490	289.572102	10.5	436
-15.927898	-95.567388	273.644204	10.5	437
-31.855796	-79.639490	273.644204	10.5	438
-31.855796	-95.567388	289.572102	10.5	439
15.927898	-79.639490	289.572102	10.5	440
15.927898	-95.567388	273.644204	10.5	441
0.000000	-79.639490	273.644204	10.5	442
0.000000	-95.567388	289.572102	10.5	443
47.783694	-79.639490	289.572102	10.5	444
47.783694	-95.567388	273.644204	10.5	445
31.855796	-79.639490	273.644204	10.5	446
31.855796	-95.567388	289.572102	10.5	447
79.639490	-79.639490	289.572102	10.5	448
63.711592	-79.639490	273.644204	10.5	449
63.711592	-95.567388	289.572102	10.5	450
-79.639490	-47.783694	289.572102	10.5	451
-79.639490	-63.711592	273.644204	10.5	452
-95.567388	-47.783694	273.644204	10.5	453
-95.567388	-63.711592	289.572102	10.5	454
-47.783694	-47.783694	289.572102	10.5	455
-47.783694	-63.711592	273.644204	10.5	456
-63.711592	-47.783694	273.644204	10.5	457
-63.711592	-63.711592	289.572102	10.5	458
-15.927898	-47.783694	289.572102	10.5	459
-15.927898	-63.711592	273.644204	10.5	460
-31.855796	-47.783694	273.644204	10.5	461
-31.855796	-63.711592	289.572102	10.5	462
15.927898	-47.783694	289.572102	10.5	463
15.927898	-63.711592	273.644204	10.5	464
0.000000	-47.783694	273.644204	10.5	465
0.000000	-63.711592	289.572102	10.5	466
47.783694	-47.783694	289.572102	10.5	467
47.783694	-63.711592	273.644204	10.5	468
31.855796	-47.783694	273.644204	10.5	469
31.855796	-63.711592	289.572102	10.5	470
79.639490	-47.783694	289.572102	10.5	471
79.639490	-63.711592	273.644204	10.5	472
63.711592	-47.783694	273.644204	10.5	473
63.711592	-63.711592	289.572102	10.5	474
95.567388	-47.783694	273.644204	10.5	475
95.567388	-63.711592	289.572102	10.5	476
-111.495286	-15.927898	289.572102	10.5	477
-79.639490	-15.927898	289.572102	10.5	478
-79.639490	-31.855796	273.644204	10.5	479
-95.567388	-15.927898	273.644204	10.5	480
-95.567388	-31.855796	289.572102	10.5	481
-47.783694	-15.927898	289.572102	10.5	482
-47.783694	-31.855796	273.644204	10.5	483
-63.711592	-15.927898	273.644204	10.5	484
-63.711592	-31.855796	289.572102	10.5	485
-15.927898	-15.927898	289.572102	10.5	486
-15.927898	-31.855796	273.644204	10.5	487
-31.855796	-15.927898	273.644204	10.5	488
-31.855796	-31.855796	289.572102	10.5	489
15.927898	-15.927898	289.572102	10.5	490
15.927898	-31.855796	273.644204	10.5	491
0.000000	-15.927898	273.644204	10.5	492
0.000000	-31.855796	289.572102	10.5	493
47.783694	-15.927898	289.572102	10.5	494
47.783694	-31.855796	273.644204	10.5	495
31.855796	-15.927898	273.644204	10.5	496
31.855796	-31.855796	289.572102	10.5	497
79.639490	-15.927898	289.572102	10.5	498
79.639490	-31.855796	273.644204	10.5	499
63.711592	-15.927898	273.644204	10.5	500
63.711592	-31.855796	289.572102	10.5	501
111.495286	-15.927898	289.572102	10.5	502
95.567388	-15.927898	273.644204	10.5	503
95.567388	-31.855796	289.572102	10.5	504
-111.495286	15.927898	289.572102	10.5	505
-111.495286	0.000000	273.644204	10.5	506
-79.639490	15.927898	289.572102	10.5	507
-79.639490	0.000000	273.644204	10.5	508
-95.567388	15.927898	273.644204	10.5	509
-95.567388	0.000000	289.572102	10.5	510
-47.783694	15.927898	289.572102	10.5	511
-47.783694	0.000000	273.644204	10.5	512
-63.711592	15.927898	273.644204	10.5	513
-63.711592	0.000000	289.572102	10.5	514
-15.927898	15.927898	289.572102	10.5	515
-15.927898	0.000000	273.644204	10.5	516
-31.855796	15.927898	273.644204	10.5	517
-31.855796	0.000000	289.572102	10.5	518
15.927898	15.927898	289.572102	10.5	519
15.927898	0.000000	273.644204	10.5	520
0.000000	15.927898	273.644204	10.5	521
0.000000	0.000000	289.572102	10.5	522
47.783694	15.927898	289.572102	10.5	523
47.783694	0.000000	273.644204	10.5	524
31.855796	15.927898	273.644204	10.5	525
31.855796	0.000000	289.572102	10.5	526
79.639490	15.927898	289.572102	10.5	527
79.639490	0.000000	273.644204	10.5	528
63.711592	15.927898	273.644204	10.5	529
63.711592	0.000000	289.572102	10.5	530
111.495286	15.927898	289.572102	10.5	531
111.495286	0.000000	273.644204	10.5	532
95.567388	15.927898	273.644204	10.5	533
95.567388	0.000000	289.572102	10.5	534
-79.639490	47.783694	289.572102	10.5	535
-79.639490	31.855796	273.644204	10.5	536
-95.567388	47.783694	273.644204	10.5	537
-95.567388	31.855796	289.572102	10.5	538
-47.783694	47.783694	289.572102	10.5	539
-47.783694	31.855796	273.644204	10.5	540
-63.711592	47.783694	273.644204	10.5	541
-63.711592	31.855796	289.572102	10.5	542
-15.927898	47.783694	289.572102	10.5	543
-15.927898	31.855796	273.644204	10.5	544
-31.855796	47.783694	273.644204	10.5	545
-31.855796	31.855796	289.572102	10.5	546
15.927898	47.783694	289.572102	10.5	547
15.927898	31.855796	273.644204	10.5	548
0.000000	47.783694	273.644204	10.5	549
0.000000	31.855796	289.572102	10.5	550
47.783694	47.783694	289.572102	10.5	551
47.783694	31.855796	273.644204	10.5	552
31.855796	47.783694	273.644204	10.5	553
31.855796	31.855796	289.572102	10.5	554
79.639490	47.783694	289.572102	10.5	555
79.639490	31.855796	273.644204	10.5	556
63.711592	47.783694	273.644204	10.5	557
63.711592	31.855796	289.572102	10.5	558
95.567388	47.783694	273.644204	10.5	559
95.567388	31.855796	289.572102	10.5	560
-79.639490	79.639490	289.572102	10.5	561
-79.639490	63.711592	273.644204	10.5	562
-95.567388	63.711592	289.572102	10.5	563
-47.783694	79.639490	289.572102	10.5	564
-47.783694	63.711592	273.644204	10.5	565
-63.711592	79.639490	273.644204	10.5	566
-63.711592	63.711592	289.572102	10.5	567
-15.927898	79.639490	289.572102	10.5	568
-15.927898	63.711592	273.644204	10.5	569
-31.855796	79.639490	273.644204	10.5	570
-31.855796	63.711592	289.572102	10.5	571
15.927898	79.639490	289.572102	10.5	572
15.927898	63.711592	273.644204	10.5	573
0.000000	79.639490	273.644204	10.5	574
0.000000	63.711592	289.572102	10.5	575
47.783694	79.639490	289.572102	10.5	576
47.783694	63.711592	273.644204	10.5	577
31.855796	79.639490	273.644204	10.5	578
31.855796	63.711592	289.572102	10.5	579
79.639490	79.639490	289.572102	10.5	580
79.639490	63.711592	273.644204	10.5	581
63.711592	79.639490	273.644204	10.5	582
63.711592	63.711592	289.572102	10.5	583
95.567388	63.711592	289.572102	10.5	584
-47.783694	95.567388	273.644204	10.5	585
-63.711592	95.567388	289.572102	10.5	586
-15.927898	111.495286	289.572102	10.5	587
-15.927898	95.567388	273.644204	10.5	588
-31.855796	95.567388	289.572102	10.5	589
15.927898	111.495286	289.572102	10.5	590
15.927898	95.567388	273.644204	10.5	591
0.000000	111.495286	273.644204	10.5	592
0.000000	95.567388	289.572102	10.5	593
47.783694	95.567388	273.644204	10.5	594
31.855796	95.567388	289.572102	10.5	595
63.711592	95.567388	289.572102	10.5	596
-15.927898	-111.495286	321.427898	10.5	597
15.927898	-111.495286	321.427898	10.5	598
0.000000	-111.495286	305.500000	10.5	599
-79.639490	-79.639490	321.427898	10.5	600
-47.783694	-79.639490	321.427898	10.5	601
-47.783694	-95.567388	305.500000	10.5	602
-63.711592	-79.639490	305.500000	10.5	603
-63.711592	-95.567388	321.427898	10.5	604
-15.927898	-79.639490	321.427898	10.5	605
-15.927898	-95.567388	305.500000	10.5	606
-31.855796	-79.639490	305.500000	10.5	607
-31.855796	-95.567388	321.427898	10.5	608
15.927898	-79.639490	321.427898	10.5	609
15.927898	-95.567388	305.500000	10.5	610
0.000000	-79.639490	305.500000	10.5	611
0.000000	-95.567388	321.427898	10.5	612
47.783694	-79.639490	321.427898	10.5	613
47.783694	-95.567388	305.500000	10.5	614
31.855796	-79.639490	305.500000	10.5	615
31.855796	-95.567388	321.427898	10.5	616
79.639490	-79.639490	321.427898	10.5	617
63.711592	-79.639490	305.500000	10.5	618
63.711592	-95.567388	321.427898	10.5	619
-79.639490	-47.783694	321.427898	10.5	620
-79.639490	-63.711592	305.500000	10.5	621
-95.567388	-47.783694	305.500000	10.5	622
-95.567388	-63.711592	321.427898	10.5	623
-47.783694	-47.783694	321.427898	10.5	624
-47.783694	-63.711592	305.500000	10.5	625
-63.711592	-47.783694	305.500000	10.5	626
-63.711592	-63.711592	321.427898	10.5	627
-15.927898	-47.783694	321.427898	10.5	628
-15.927898	-63.711592	305.500000	10.5	629
-31.855796	-47.783694	305.500000	10.5	630
-31.855796	-63.711592	321.427898	10.5	631
15.927898	-47.783694	321.427898	10.5	632
15.927898	-63.711592	305.500000	10.5	633
0.000000	-47.783694	305.500000	10.5	634
0.000000	-63.711592	321.427898	10.5	635
47.783694	-47.783694	321.427898	10.5	636
47.783694	-63.711592	305.500000	10.5	637
31.855796	-47.783694	305.500000	10.5	638
31.855796	-63.711592	321.427898	10.5	639
79.639490	-47.783694	321.427898	10.5	640
79.639490	-63.711592	305.500000	10.5	641
63.711592	-47.783694	305.500000	10.5	642
63.711592	-63.711592	321.427898	10.5	643
95.567388	-47.783694	305.500000	10.5	644
95.567388	-63.711592	321.427898	10.5	645
-111.495286	-15.927898	321.427898	10.5	646
-79.639490	-15.927898	321.427898	10.5	647
-79.639490	-31.855796	305.500000	10.5	648
-95.567388	-15.927898	305.500000	10.5	649
-95.567388	-31.855796	321.427898	10.5	650
-47.783694	-15.927898	321.427898	10.5	651
-47.783694	-31.855796	305.500000	10.5	652
-63.711592	-15.927898	305.500000	10.5	653
-63.711592	-31.855796	321.427898	10.5	654
-15.927898	-15.927898	321.427898	10.5	655
-15.927898	-31.855796	305.500000	10.5	656
-31.855796	-15.927898	305.500000	10.5	657
-31.855796	-31.855796	321.427898	10.5	658
15.927898	-15.927898	321.427898	10.5	659
15.927898	-31.855796	305.500000	10.5	660
0.000000	-15.927898	305.500000	10.5	661
0.000000	-31.855796	321.427898	10.5	662
47.783694	-15.927898	321.427898	10.5	663
47.783694	-31.855796	305.500000	10.5	664
31.855796	-15.927898	305.500000	10.5	665
31.855796	-31.855796	321.427898	10.5	666
79.639490	-15.927898	321.427898	10.5	667
79.639490	-31.855796	305.500000	10.5	668
63.711592	-15.927898	305.500000	10.5	669
63.711592	-31.855796	321.427898	10.5	670
111.495286	-15.927898	321.427898	10.5	671
95.567388	-15.927898	305.500000	10.5	672
95.567388	-31.855796	321.427898	10.5	673
-111.495286	15.927898	321.427898	10.5	674
-111.495286	0.000000	305.500000	10.5	675
-79.639490	15.927898	321.427898	10.5	676
-79.639490	0.000000	305.500000	10.5	677
-95.567388	15.927898	305.500000	10.5	678
-95.567388	0.000000	321.427898	10.5	679
-47.783694	15.927898	321.427898	10.5	680
-47.783694	0.000000	305.500000	10.5	681
-63.711592	15.927898	305.500000	10.5	682
-63.711592	0.000000	321.427898	10.5	683
-15.927898	15.927898	321.427898	10.5	684
-15.927898	0.000000	305.500000	10.5	685
-31.855796	15.927898	305.500000	10.5	686
-31.855796	0.000000	321.427898	10.5	687
15.927898	15.927898	321.427898	10.5	688
15.927898	0.000000	305.500000	10.5	689
0.000000	15.927898	305.500000	10.5	690
0.000000	0.000000	321.427898	10.5	691
47.783694	15.927898	321.427898	10.5	692
47.783694	0.000000	305.500000	10.5	693
31.855796	15.927898	305.500000	10.5	694
31.855796	0.000000	321.427898	10.5	695
79.639490	15.927898	321.427898	10.5	696
79.639490	0.000000	305.500000	10.5	697
63.711592	15.927898	305.500000	10.5	698
63.711592	0.000000	321.427898	10.5	699
111.495286	15.927898	321.427898	10.5	700
111.495286	0.000000	305.500000	10.5	701
95.567388	15.927898	305.500000	10.5	702
95.567388	0.000000	321.427898	10.5	703
-79.639490	47.783694	321.427898	10.5	704
-79.639490	31.855796	305.500000	10.5	705
-95.567388	47.783694	305.500000	10.5	706
-95.567388	31.855796	321.427898	10.5	707
-47.783694	47.783694	321.427898	10.5	708
-47.783694	31.855796	305.500000	10.5	709
-63.711592	47.783694	305.500000	10.5	710
-63.711592	31.855796	321.427898	10.5	711
-15.927898	47.783694	321.427898	10.5	712
-15.927898	31.855796	305.500000	10.5	713
-31.855796	47.783694	305.500000	10.5	714
-31.855796	31.855796	321.427898	10.5	715
15.927898	47.783694	321.427898	10.5	716
15.927898	31.855796	305.500000	10.5	717
0.000000	47.783694	305.500000	10.5	718
0.000000	31.855796	321.427898	10.5	719
47.783694	47.783694	321.427898	10.5	720
47.783694	31.855796	305.500000	10.5	721
31.855796	47.783694	305.500000	10.5	722
31.855796	31.855796	321.427898	10.5	723
79.639490	47.783694	321.427898	10.5	724
79.639490	31.855796	305.500000	10.5	725
63.711592	47.783694	305.500000	10.5	726
63.711592	31.855796	321.427898	10.5	727
95.567388	47.783694	305.500000	10.5	728
95.567388	31.855796	321.427898	10.5	729
-79.639490	79.639490	321.427898	10.5	730
-79.639490	63.711592	305.500000	10.5	731
-95.567388	63.711592	321.427898	10.5	732
-47.783694	79.639490	321.427898	10.5	733
-47.783694	63.711592	305.500000	10.5	734
-63.711592	79.639490	305.500000	10.5	735
-63.711592	63.711592	321.427898	10.5	736
-15.927898	79.639490	321.427898	10.5	737
-15.927898	63.711592	305.500000	10.5	738
-31.855796	79.639490	305.500000	10.5	739
-31.855796	63.711592	321.427898	10.5	740
15.927898	79.639490	321.427898	10.5	741
15.927898	63.711592	305.500000	10.5	742
0.000000	79.639490	305.500000	10.5	743
0.000000	63.711592	321.427898	10.5	744
47.783694	79.639490	321.427898	10.5	745
47.783694	63.711592	305.500000	10.5	746
31.855796	79.639490	305.500000	10.5	747
31.855796	63.711592	321.427898	10.5	748
79.639490	79.639490	321.427898	10.5	749
79.639490	63.711592	305.500000	10.5	750
63.711592	79.639490	305.500000	10.5	751
63.711592	63.711592	321.427898	10.5	752
95.567388	63.711592	321.427898	10.5	753
-47.783694	95.567388	305.500000	10.5	754
-63.711592	95.567388	321.427898	10.5	755
-15.927898	111.495286	321.427898	10.5	756
-15.927898	95.567388	305.500000	10.5	757
-31.855796	95.567388	321.427898	10.5	758
15.927898	111.495286	321.427898	10.5	759
15.927898	95.567388	305.500000	10.5	760
0.000000	111.495286	305.500000	10.5	761
0.000000	95.567388	321.427898	10.5	762
47.783694	95.567388	305.500000	10.5	763
31.855796	95.567388	321.427898	10.5	764
63.711592	95.567388	321.427898	10.5	765
-15.927898	-111.495286	353.283694	10.5	766
15.927898	-111.495286	353.283694	10.5	767
0.000000	-111.495286	337.355796	10.5	768
-79.639490	-79.639490	353.283694	10.5	769
-47.783694	-79.639490	353.283694	10.5	770
-47.783694	-95.567388	337.355796	10.5	771
-63.711592	-79.639490	337.355796	10.5	772
-63.711592	-95.567388	353.283694	10.5	773
-15.927898	-79.639490	353.283694	10.5	774
-15.927898	-95.567388	337.355796	10.5	775
-31.855796	-79.639490	337.355796	10.5	776
-31.855796	-95.567388	353.283694	10.5	777
15.927898	-79.639490	353.283694	10.5	778
15.927898	-95.567388	337.355796	10.5	779
0.000000	-79.639490	337.355796	10.5	780
0.000000	-95.567388	353.283694	10.5	781
47.783694	-79.639490	353.283694	10.5	782
47.783694	-95.567388	337.355796	10.5	783
31.855796	-79.639490	337.355796	10.5	784
31.855796	-95.567388	353.283694	10.5	785
79.639490	-79.639490	353.283694	10.5	786
63.711592	-79.639490	337.355796	10.5	787
63.711592	-95.567388	353.283694	10.5	788
-79.639490	-47.783694	353.283694	10.5	789
-79.639490	-63.711592	337.355796	10.5	790
-95.567388	-47.783694	337.355796	10.5	791
-95.567388	-63.711592	353.283694	10.5	792
-47.783694	-47.783694	353.283694	10.5	793
-47.783694	-63.711592	337.355796	10.5	794
-63.711592	-47.783694	337.355796	10.5	795
-63.711592	-63.711592	353.283694	10.5	796
-15.927898	-47.783694	353.283694	10.5	797
-15.927898	-63.711592	337.355796	10.5	798
-31.855796	-47.783694	337.355796	10.5	799
-31.855796	-63.711592	353.283694	10.5	800
15.927898	-47.783694	353.283694	10.5	801
15.927898	-63.711592	337.355796	10.5	802
0.000000	-47.783694	337.355796	10.5	803
0.000000	-63.711592	353.283694	10.5	804
47.783694	-47.783694	353.283694	10.5	805
47.783694	-63.711592	337.355796	10.5	806
31.855796	-47.783694	337.355796	10.5	807
31.855796	-63.711592	353.283694	10.5	808
79.639490	-47.783694	353.283694	10.5	809
79.639490	-63.711592	337.355796	10.5	810
63.711592	-47.783694	337.355796	10.5	811
63.711592	-63.711592	353.283694	10.5	812
95.567388	-47.783694	337.355796	10.5	813
95.567388	-63.711592	353.283694	10.5	814
-111.495286	-15.927898	353.283694	10.5	815
-79.639490	-15.927898	353.283694	10.5	816
-79.639490	-31.855796	337.355796	10.5	817
-95.567388	-15.927898	337.355796	10.5	818
-95.567388	-31.855796	353.283694	10.5	819
-47.783694	-15.927898	353.283694	10.5	820
-47.783694	-31.855796	337.355796	10.5	821
-63.711592	-15.927898	337.355796	10.5	822
-63.711592	-31.855796	353.283694	10.5	823
-15.927898	-15.927898	353.283694	10.5	824
-15.927898	-31.855796	337.355796	10.5	825
-31.855796	-15.927898	337.355796	10.5	826
-31.855796	-31.855796	353.283694	10.5	827
15.927898	-15.927898	353.283694	10.5	828
15.927898	-31.855796	337.355796	10.5	829
0.000000	-15.927898	337.355796	10.5	830
0.000000	-31.855796	353.283694	10.5	831
47.783694	-15.927898	353.283694	10.5	832
47.783694	-31.855796	337.355796	10.5	833
31.855796	-15.927898	337.355796	10.5	834
31.855796	-31.855796	353.283694	10.5	835
79.639490	-15.927898	353.283694	10.5	836
79.639490	-31.855796	337.355796	10.5	837
63.711592	-15.927898	337.355796	10.5	838
63.711592	-31.855796	353.283694	10.5	839
111.495286	-15.927898	353.283694	10.5	840
95.567388	-15.927898	337.355796	10.5	841
95.567388	-31.855796	353.283694	10.5	842
-111.495286	15.927898	353.283694	10.5	843
-111.495286	0.000000	337.355796	10.5	844
-79.639490	15.927898	353.283694	10.5	845
-79.639490	0.000000	337.355796	10.5	846
-95.567388	15.927898	337.355796	10.5	847
-95.567388	0.000000	353.283694	10.5	848
-47.783694	15.927898	353.283694	10.5	849
-47.783694	0.000000	337.355796	10.5	850
-63.711592	15.927898	337.355796	10.5	851
-63.711592	0.000000	353.283694	10.5	852
-15.927898	15.927898	353.283694	10.5	853
-15.927898	0.000000	337.355796	10.5	854
-31.855796	15.927898	337.355796	10.5	855
-31.855796	0.000000	353.283694	10.5	856
15.927898	15.927898	353.283694	10.5	857
15.927898	0.000000	337.355796	10.5	858
0.000000	15.927898	337.355796	10.5	859
0.000000	0.000000	353.283694	10.5	860
47.783694	15.927898	353.283694	10.5	861
47.783694	0.000000	337.355796	10.5	862
31.855796	15.927898	337.355796	10.5	863
31.855796	0.000000	353.283694	10.5	864
79.639490	15.927898	353.283694	10.5	865
79.639490	0.000000	337.355796	10.5	866
63.711592	15.927898	337.355796	10.5	867
63.711592	0.000000	353.283694	10.5	868
111.495286	15.927898	353.283694	10.5	869
111.495286	0.000000	337.355796	10.5	870
95.567388	15.927898	337.355796	10.5	871
95.567388	0.000000	353.283694	10.5	872
-79.639490	47.783694	353.283694	10.5	873
-79.639490	31.855796	337.355796	10.5	874
-95.567388	47.783694	337.355796	10.5	875
-95.567388	31.855796	353.283694	10.5	876
-47.783694	47.783694	353.283694	10.5	877
-47.783694	31.855796	337.355796	10.5	878
-63.711592	47.783694	337.355796	10.5	879
-63.711592	31.855796	353.283694	10.5	880
-15.927898	47.783694	353.283694	10.5	881
-15.927898	31.855796	337.355796	10.5	882
-31.855796	47.783694	337.355796	10.5	883
-31.855796	31.855796	353.283694	10.5	884
15.927898	47.783694	353.283694	10.5	885
15.927898	31.855796	337.355796	10.5	886
0.000000	47.783694	337.355796	10.5	887
0.000000	31.855796	353.283694	10.5	888
47.783694	47.783694	353.283694	10.5	889
47.783694	31.855796	337.355796	10.5	890
31.855796	47.783694	337.355796	10.5	891
31.855796	31.855796	353.283694	10.5	892
79.639490	47.783694	353.283694	10.5	893
79.639490	31.855796	337.355796	10.5	894
63.711592	47.783694	337.355796	10.5	895
63.711592	31.855796	353.283694	10.5	896
95.567388	47.783694	337.355796	10.5	897
95.567388	31.855796	353.283694	10.5	898
-79.639490	79.639490	353.283694	10.5	899
-79.639490	63.711592	337.355796	10.5	900
-95.567388	63.711592	353.283694	10.5	901
-47.783694	79.639490	353.283694	10.5	902
-47.783694	63.711592	337.355796	10.5	903
-63.711592	79.639490	337.355796	10.5	904
-63.711592	63.711592	353.283694	10.5	905
-15.927898	79.639490	353.283694	10.5	906
-15.927898	63.711592	337.355796	10.5	907
-31.855796	79.639490	337.355796	10.5	908
-31.855796	63.711592	353.283694	10.5	909
15.927898	79.639490	353.283694	10.5	910
15.927898	63.711592	337.355796	10.5	911
0.000000	79.639490	337.355796	10.5	912
0.000000	63.711592	353.283694	10.5	913
47.783694	79.639490	353.283694	10.5	914
47.783694	63.711592	337.355796	10.5	915
31.855796	79.639490	337.355796	10.5	916
31.855796	63.711592	353.283694	10.5	917
79.639490	79.639490	353.283694	10.5	918
79.639490	63.711592	337.355796	10.5	919
63.711592	79.639490	337.355796	10.5	920
63.711592	63.711592	353.283694	10.5	921
95.567388	63.711592	353.283694	10.5	922
-47.783694	95.567388	337.355796	10.5	923
-63.711592	95.567388	353.283694	10.5	924
-15.927898	111.495286	353.283694	10.5	925
-15.927898	95.567388	337.355796	10.5	926
-31.855796	95.567388	353.283694	10.5	927
15.927898	111.495286	353.283694	10.5	928
15.927898	95.567388	337.355796	10.5	929
0.000000	111.495286	337.355796	10.5	930
0.000000	95.567388	353.283694	10.5	931
47.783694	95.567388	337.355796	10.5	932
31.855796	95.567388	353.283694	10.5	933
63.711592	95.567388	353.283694	10.5	934
-15.927898	-111.495286	385.139490	10.5	935
15.927898	-111.495286	385.139490	10.5	936
0.000000	-111.495286	369.211592	10.5	937
-79.639490	-79.639490	385.139490	10.5	938
-47.783694	-79.639490	385.139490	10.5	939
-47.783694	-95.567388	369.211592	10.5	940
-63.711592	-79.639490	369.211592	10.5	941
-63.711592	-95.567388	385.139490	10.5	942
-15.927898	-79.639490	385.139490	10.5	943
-15.927898	-95.567388	369.211592	10.5	944
-31.855796	-79.639490	369.211592	10.5	945
-31.855796	-95.567388	385.139490	10.5	946
15.927898	-79.639490	385.139490	10.5	947
15.927898	-95.567388	369.211592	10.5	948
0.000000	-79.639490	369.211592	10.5	949
0.000000	-95.567388	385.139490	10.5	950
47.783694	-79.639490	385.139490	10.5	951
47.783694	-95.567388	369.211592	10.5	952
31.855796	-79.639490	369.211592	10.5	953
31.855796	-95.567388	385.139490	10.5	954
79.639490	-79.639490	385.139490	10.5	955
63.711592	-79.639490	369.211592	10.5	956
63.711592	-95.567388	385.139490	10.5	957
-79.639490	-47.783694	385.139490	10.5	958
-79.639490	-63.711592	369.211592	10.5	959
-95.567388	-47.783694	369.211592	10.5	960
-95.567388	-63.711592	385.139490	10.5	961
-47.783694	-47.783694	385.139490	10.5	962
-47.783694	-63.711592	369.211592	10.5	963
-63.711592	-47.783694	369.211592	10.5	964
-63.711592	-63.711592	385.139490	10.5	965
-15.927898	-47.783694	385.139490	10.5	966
-15.927898	-63.711592	369.211592	10.5	967
-31.855796	-47.783694	369.211592	10.5	968
-31.855796	-63.711592	385.139490	10.5	969
15.927898	-47.783694	385.139490	10.5	970
15.927898	-63.711592	369.211592	10.5	971
0.000000	-47.783694	369.211592	10.5	972
0.000000	-63.711592	385.139490	10.5	973
47.783694	-47.783694	385.139490	10.5	974
47.783694	-63.711592	369.211592	10.5	975
31.855796	-47.783694	369.211592	10.5	976
31.855796	-63.711592	385.139490	10.5	977
79.639490	-47.783694	385.139490	10.5	978
79.639490	-63.711592	369.211592	10.5	979
63.711592	-47.783694	369.211592	10.5	980
63.711592	-63.711592	385.139490	10.5	981
95.567388	-47.783694	369.211592	10.5	982
95.567388	-63.711592	385.139490	10.5	983
-111.495286	-15.927898	385.139490	10.5	984
-79.639490	-15.927898	385.139490	10.5	985
-79.639490	-31.855796	369.211592	10.5	986
-95.567388	-15.927898	369.211592	10.5	987
-95.567388	-31.855796	385.139490	10.5	988
-47.783694	-15.927898	385.139490	10.5	989
-47.783694	-31.855796	369.211592	10.5	990
-63.711592	-15.927898	369.211592	10.5	991
-63.711592	-31.855796	385.139490	10.5	992
-15.927898	-15.927898	385.139490	10.5	993
-15.927898	-31.855796	369.211592	10.5	994
-31.855796	-15.927898	369.211592	10.5	995
-31.855796	-31.855796	385.139490	10.5	996
15.927898	-15.927898	385.139490	10.5	997
15.927898	-31.855796	369.211592	10.5	998
0.000000	-15.927898	369.211592	10.5	999
0.000000	-31.855796	385.139490	10.5	1000
47.783694	-15.927898	385.139490	10.5	1001
47.783694	-31.855796	369.211592	10.5	1002
31.855796	-15.927898	369.211592	10.5	1003
31.855796	-31.855796	385.139490	10.5	1004
79.639490	-15.927898	385.139490	10.5	1005
79.639490	-31.855796	369.211592	10.5	1006
63.711592	-15.927898	369.211592	10.5	1007
63.711592	-31.855796	385.139490	10.5	1008
111.495286	-15.927898	385.139490	10.5	1009
95.567388	-15.927898	369.211592	10.5	1010
95.567388	-31.855796	385.139490	10.5	1011
-111.495286	15.927898	385.139490	10.5	1012
-111.495286	0.000000	369.211592	10.5	1013
-79.639490	15.927898	385.139490	10.5	1014
-79.639490	0.000000	369.211592	10.5	1015
-95.567388	15.927898	369.211592	10.5	1016
-95.567388	0.000000	385.139490	10.5	1017
-47.783694	15.927898	385.139490	10.5	1018
-47.783694	0.000000	369.211592	10.5	1019
-63.711592	15.927898	369.211592	10.5	1020
-63.711592	0.000000	385.139490	10.5	1021
-15.927898	15.927898	385.139490	10.5	1022
-15.927898	0.000000	369.211592	10.5	1023
-31.855796	15.927898	369.211592	10.5	1024
-31.855796	0.000000	385.139490	10.5	1025
15.927898	15.927898	385.139490	10.5	1026
15.927898	0.000000	369.211592	10.5	1027
0.000000	15.927898	369.211592	10.5	1028
0.000000	0.000000	385.139490	10.5	1029
47.783694	15.927898	385.139490	10.5	1030
47.783694	0.000000	369.211592	10.5	1031
31.855796	15.927898	369.211592	10.5	1032
31.855796	0.000000	385.139490	10.5	1033
79.639490	15.927898	385.139490	10.5	1034
79.639490	0.000000	369.211592	10.5	1035
63.711592	15.927898	369.211592	10.5	1036
63.711592	0.000000	385.139490	10.5	1037
111.495286	15.927898	385.139490	10.5	1038
111.495286	0.000000	369.211592	10.5	1039
95.567388	15.927898	369.211592	10.5	1040
95.567388	0.000000	385.139490	10.5	1041
-79.639490	47.783694	385.139490	10.5	1042
-79.639490	31.855796	369.211592	10.5	1043
-95.567388	47.783694	369.211592	10.5	1044
-95.567388	31.855796	385.139490	10.5	1045
-47.783694	47.783694	385.139490	10.5	1046
-47.783694	31.855796	369.211592	10.5	1047
-63.711592	47.783694	369.211592	10.5	1048
-63.711592	31.855796	385.139490	10.5	1049
-15.927898	47.783694	385.139490	10.5	1050
-15.927898	31.855796	369.211592	10.5	1051
-31.855796	47.783694	369.211592	10.5	1052
-31.855796	31.855796	385.139490	10.5	1053
15.927898	47.783694	385.139490	10.5	1054
15.927898	31.855796	369.211592	10.5	1055
0.000000	47.783694	369.211592	10.5	1056
0.000000	31.855796	385.139490	10.5	1057
47.783694	47.783694	385.139490	10.5	1058
47.783694	31.855796	369.211592	10.5	1059
31.855796	47.783694	369.211592	10.5	1060
31.855796	31.855796	385.139490	10.5	1061
79.639490	47.783694	385.139490	10.5	1062
79.639490	31.855796	369.211592	10.5	1063
63.711592	47.783694	369.211592	10.5	1064
63.711592	31.855796	385.139490	10.5	1065
95.567388	47.783694	369.211592	10.5	1066
95.567388	31.855796	385.139490	10.5	1067
-79.639490	79.639490	385.139490	10.5	1068
-79.639490	63.711592	369.211592	10.5	1069
-95.567388	63.711592	385.139490	10.5	1070
-47.783694	79.639490	385.139490	10.5	1071
-47.783694	63.711592	369.211592	10.5	1072
-63.711592	79.639490	369.211592	10.5	1073
-63.711592	63.711592	385.139490	10.5	1074
-15.927898	79.639490	385.139490	10.5	1075
-15.927898	63.711592	369.211592	10.5	1076
-31.855796	79.639490	369.211592	10.5	1077
-31.855796	63.711592	385.139490	10.5	1078
15.927898	79.639490	385.139490	10.5	1079
15.927898	63.711592	369.211592	10.5	1080
0.000000	79.639490	369.211592	10.5	1081
0.000000	63.711592	385.139490	10.5	1082
47.783694	79.639490	385.139490	10.5	1083
47.783694	63.711592	369.211592	10.5	1084
31.855796	79.639490	369.211592	10.5	1085
31.855796	63.711592	385.139490	10.5	1086
79.639490	79.639490	385.139490	10.5	1087
79.639490	63.711592	369.211592	10.5	1088
63.711592	79.639490	369.211592	10.5	1089
63.711592	63.711592	385.139490	10.5	1090
95.567388	63.711592	385.139490	10.5	1091
-47.783694	95.567388	369.211592	10.5	1092
-63.711592	95.567388	385.139490	10.5	1093
-15.927898	111.495286	385.139490	10.5	1094
-15.927898	95.567388	369.211592	10.5	1095
-31.855796	95.567388	385.139490	10.5	1096
15.927898	111.495286	385.139490	10.5	1097
15.927898	95.567388	369.211592	10.5	1098
0.000000	111.495286	369.211592	10.5	1099
0.000000	95.567388	385.139490	10.5	1100
47.783694	95.567388	369.211592	10.5	1101
31.855796	95.567388	385.139490	10.5	1102
63.711592	95.567388	385.139490	10.5	1103
-15.927898	-111.495286	416.995286	10.5	1104
15.927898	-111.495286	416.995286	10.5	1105
0.000000	-111.495286	401.067388	10.5	1106
-79.639490	-79.639490	416.995286	10.5	1107
-47.783694	-79.639490	416.995286	10.5	1108
-47.783694	-95.567388	401.067388	10.5	1109
-63.711592	-79.639490	401.067388	10.5	1110
-63.711592	-95.567388	416.995286	10.5	1111
-15.927898	-79.639490	416.995286	10.5	1112
-15.927898	-95.567388	401.067388	10.5	1113
-31.855796	-79.639490	401.067388	10.5	1114
-31.855796	-95.567388	416.995286	10.5	1115
15.927898	-79.639490	416.995286	10.5	1116
15.927898	-95.567388	401.067388	10.5	1117
0.000000	-79.639490	401.067388	10.5	1118
0.000000	-95.567388	416.995286	10.5	1119
47.783694	-79.639490	416.995286	10.5	1120
47.783694	-95.567388	401.067388	10.5	1121
31.855796	-79.639490	401.067388	10.5	1122
31.855796	-95.567388	416.995286	10.5	1123
79.639490	-79.639490	416.995286	10.5	1124
63.711592	-79.639490	401.067388	10.5	1125
63.711592	-95.567388	416.995286	10.5	1126
-79.639490	-47.783694	416.995286	10.5	1127
-79.639490	-63.711592	401.067388	10.5	1128
-95.567388	-47.783694	401.067388	10.5	1129
-95.567388	-63.711592	416.995286	10.5	1130
-47.783694	-47.783694	416.995286	10.5	1131
-47.783694	-63.711592	401.067388	10.5	1132
-63.711592	-47.783694	401.067388	10.5	1133
-63.711592	-63.711592	416.995286	10.5	1134
-15.927898	-47.783694	416.995286	10.5	1135
-15.927898	-63.711592	401.067388	10.5	1136
-31.855796	-47.783694	401.067388	10.5	1137
-31.855796	-63.711592	416.995286	10.5	1138
15.927898	-47.783694	416.995286	10.5	1139
15.927898	-63.711592	401.067388	10.5	1140
0.000000	-47.783694	401.067388	10.5	1141
0.000000	-63.711592	416.995286	10.5	1142
47.783694	-47.783694	416.995286	10.5	1143
47.783694	-63.711592	401.067388	10.5	1144
31.855796	-47.783694	401.067388	10.5	1145
31.855796	-63.711592	416.995286	10.5	1146
79.639490	-47.783694	416.995286	10.5	1147
79.639490	-63.711592	401.067388	10.5	1148
63.711592	-47.783694	401.067388	10.5	1149
63.711592	-63.711592	416.995286	10.5	1150
95.567388	-47.783694	401.067388	10.5	1151
95.567388	-63.711592	416.995286	10.5	1152
-111.495286	-15.927898	416.995286	10.5	1153
-79.639490	-15.927898	416.995286	10.5	1154
-79.639490	-31.855796	401.067388	10.5	1155
-95.567388	-15.927898	401.067388	10.5	1156
-95.567388	-31.855796	416.995286	10.5	1157
-47.783694	-15.927898	416.995286	10.5	1158
-47.783694	-31.855796	401.067388	10.5	1159
-63.711592	-15.927898	401.067388	10.5	1160
-63.711592	-31.855796	416.995286	10.5	1161
-15.927898	-15.927898	416.995286	10.5	1162
-15.927898	-31.855796	401.067388	10.5	1163
-31.855796	-15.927898	401.067388	10.5	1164
-31.855796	-31.855796	416.995286	10.5	1165
15.927898	-15.927898	416.995286	10.5	1166
15.927898	-31.855796	401.067388	10.5	1167
0.000000	-15.927898	401.067388	10.5	1168
0.000000	-31.855796	416.995286	10.5	1169
47.783694	-15.927898	416.995286	10.5	1170
47.783694	-31.855796	401.067388	10.5	1171
31.855796	-15.927898	401.067388	10.5	1172
31.855796	-31.855796	416.995286	10.5	1173
79.639490	-15.927898	416.995286	10.5	1174
79.639490	-31.855796	401.067388	10.5	1175
63.711592	-15.927898	401.067388	10.5	1176
63.711592	-31.855796	416.995286	10.5	1177
111.495286	-15.927898	416.995286	10.5	1178
95.567388	-15.927898	401.067388	10.5	1179
95.567388	-31.855796	416.995286	10.5	1180
-111.495286	15.927898	416.995286	10.5	1181
-111.495286	0.000000	401.067388	10.5	1182
-79.639490	15.927898	416.995286	10.5	1183
-79.639490	0.000000	401.067388	10.5	1184
-95.567388	15.927898	401.067388	10.5	1185
-95.567388	0.000000	416.995286	10.5	1186
-47.783694	15.927898	416.995286	10.5	1187
-47.783694	0.000000	401.067388	10.5	1188
-63.711592	15.927898	401.067388	10.5	1189
-63.711592	0.000000	416.995286	10.5	1190
-15.927898	15.927898	416.995286	10.5	1191
-15.927898	0.000000	401.067388	10.5	1192
-31.855796	15.927898	401.067388	10.5	1193
-31.855796	0.000000	416.995286	10.5	1194
15.927898	15.927898	416.995286	10.5	1195
15.927898	0.000000	401.067388	10.5	1196
0.000000	15.927898	401.067388	10.5	1197
0.000000	0.000000	416.995286	10.5	1198
47.783694	15.927898	416.995286	10.5	1199
47.783694	0.000000	401.067388	10.5	1200
31.855796	15.927898	401.067388	10.5	1201
31.855796	0.000000	416.995286	10.5	1202
79.639490	15.927898	416.995286	10.5	1203
79.639490	0.000000	401.067388	10.5	1204
63.711592	15.927898	401.067388	10.5	1205
63.711592	0.000000	416.995286	10.5	1206
111.495286	15.927898	416.995286	10.5	1207
111.495286	0.000000	401.067388	10.5	1208
95.567388	15.927898	401.067388	10.5	1209
95.567388	0.000000	416.995286	10.5	1210
-79.639490	47.783694	416.995286	10.5	1211
-79.639490	31.855796	401.067388	10.5	1212
-95.567388	47.783694	401.067388	10.5	1213
-95.567388	31.855796	416.995286	10.5	1214
-47.783694	47.783694	416.995286	10.5	1215
-47.783694	31.855796	401.067388	10.5	1216
-63.711592	47.783694	401.067388	10.5	1217
-63.711592	31.855796	416.995286	10.5	1218
-15.927898	47.783694	416.995286	10.5	1219
-15.927898	31.855796	401.067388	10.5	1220
-31.855796	47.783694	401.067388	10.5	1221
-31.855796	31.855796	416.995286	10.5	1222
15.927898	47.783694	416.995286	10.5	1223
15.927898	31.855796	401.067388	10.5	1224
0.000000	47.783694	401.067388	10.5	1225
0.000000	31.855796	416.995286	10.5	1226
47.783694	47.783694	416.995286	10.5	1227
47.783694	31.855796	401.067388	10.5	1228
31.855796	47.783694	401.067388	10.5	1229
31.855796	31.855796	416.995286	10.5	1230
79.639490	47.783694	416.995286	10.5	1231
79.639490	31.855796	401.067388	10.5	1232
63.711592	47.783694	401.067388	10.5	1233
63.711592	31.855796	416.995286	10.5	1234
95.567388	47.783694	401.067388	10.5	1235
95.567388	31.855796	416.995286	10.5	1236
-79.639490	79.639490	416.995286	10.5	1237
-79.639490	63.711592	401.067388	10.5	1238
-95.567388	63.711592	416.995286	10.5	1239
-47.783694	79.639490	416.995286	10.5	1240
-47.783694	63.711592	401.067388	10.5	1241
-63.711592	79.639490	401.067388	10.5	1242
-63.711592	63.711592	416.995286	10.5	1243
-15.927898	79.639490	416.995286	10.5	1244
-15.927898	63.711592	401.067388	10.5	1245
-31.855796	79.639490	401.067388	10.5	1246
-31.855796	63.711592	416.995286	10.5	1247
15.927898	79.639490	416.995286	10.5	1248
15.927898	63.711592	401.067388	10.5	1249
0.000000	79.639490	401.067388	10.5	1250
0.000000	63.711592	416.995286	10.5	1251
47.783694	79.639490	416.995286	10.5	1252
47.783694	63.711592	401.067388	10.5	1253
31.855796	79.639490	401.067388	10.5	1254
31.855796	63.711592	416.995286	10.5	1255
79.639490	79.639490	416.995286	10.5	1256
79.639490	63.711592	401.067388	10.5	1257
63.711592	79.639490	401.067388	10.5	1258
63.711592	63.711592	416.995286	10.5	1259
95.567388	63.711592	416.995286	10.5	1260
-47.783694	95.567388	401.067388	10.5	1261
-63.711592	95.567388	416.995286	10.5	1262
-15.927898	111.495286	416.995286	10.5	1263
-15.927898	95.567388	401.067388	10.5	1264
-31.855796	95.567388	416.995286	10.5	1265
15.927898	111.495286	416.995286	10.5	1266
15.927898	95.567388	401.067388	10.5	1267
0.000000	111.495286	401.067388	10.5	1268
0.000000	95.567388	416.995286	10.5	1269
47.783694	95.567388	401.067388	10.5	1270
31.855796	95.567388	416.995286	10.5	1271
63.711592	95.567388	416.995286	10.5	1272
