-15.927898	-111.495286	194.004714	10.5
15.927898	-111.495286	194.004714	10.5
-79.639490	-79.639490	194.004714	10.5
-47.783694	-79.639490	194.004714	10.5
-63.711592	-95.567388	194.004714	10.5
-15.927898	-79.639490	194.004714	10.5
-31.855796	-95.567388	194.004714	10.5
15.927898	-79.639490	194.004714	10.5
0.000000	-95.567388	194.004714	10.5
47.783694	-79.639490	194.004714	10.5
31.855796	-95.567388	194.004714	10.5
79.639490	-79.639490	194.004714	10.5
63.711592	-95.567388	194.004714	10.5
-79.639490	-47.783694	194.004714	10.5
-95.567388	-63.711592	194.004714	10.5
-47.783694	-47.783694	194.004714	10.5
-63.711592	-63.711592	194.004714	10.5
-15.927898	-47.783694	194.004714	10.5
-31.855796	-63.711592	194.004714	10.5
15.927898	-47.783694	194.004714	10.5
0.000000	-63.711592	194.004714	10.5
47.783694	-47.783694	194.004714	10.5
31.855796	-63.711592	194.004714	10.5
79.639490	-47.783694	194.004714	10.5
63.711592	-63.711592	194.004714	10.5
95.567388	-63.711592	194.004714	10.5
-111.495286	-15.927898	194.004714	10.5
-79.639490	-15.927898	194.004714	10.5
-95.567388	-31.855796	194.004714	10.5
-47.783694	-15.927898	194.004714	10.5
-63.711592	-31.855796	194.004714	10.5
-15.927898	-15.927898	194.004714	10.5
-31.855796	-31.855796	194.004714	10.5
15.927898	-15.927898	194.004714	10.5
0.000000	-31.855796	194.004714	10.5
47.783694	-15.927898	194.004714	10.5
31.855796	-31.855796	194.004714	10.5
79.639490	-15.927898	194.004714	10.5
63.711592	-31.855796	194.004714	10.5
111.495286	-15.927898	194.004714	10.5
95.567388	-31.855796	194.004714	10.5
-111.495286	15.927898	194.004714	10.5
-79.639490	15.927898	194.004714	10.5
-95.567388	0.000000	194.004714	10.5
-47.783694	15.927898	194.004714	10.5
-63.711592	0.000000	194.004714	10.5
-15.927898	15.927898	194.004714	10.5
-31.855796	0.000000	194.004714	10.5
15.927898	15.927898	194.004714	10.5
0.000000	0.000000	194.004714	10.5
47.783694	15.927898	194.004714	10.5
31.855796	0.000000	194.004714	10.5
79.639490	15.927898	194.004714	10.5
63.711592	0.000000	194.004714	10.5
111.495286	15.927898	194.004714	10.5
95.567388	0.000000	194.004714	10.5
-79.639490	47.783694	194.004714	10.5
-95.567388	31.855796	194.004714	10.5
-47.783694	47.783694	194.004714	10.5
-63.711592	31.855796	194.004714	10.5
-15.927898	47.783694	194.004714	10.5
-31.855796	31.855796	194.004714	10.5
15.927898	47.783694	194.004714	10.5
0.000000	31.855796	194.004714	10.5
47.783694	47.783694	194.004714	10.5
31.855796	31.855796	194.004714	10.5
79.639490	47.783694	194.004714	10.5
63.711592	31.855796	194.004714	10.5
95.567388	31.855796	194.004714	10.5
-79.639490	79.639490	194.004714	10.5
-95.567388	63.711592	194.004714	10.5
-47.783694	79.639490	194.004714	10.5
-63.711592	63.711592	194.004714	10.5
-15.927898	79.639490	194.004714	10.5
-31.855796	63.711592	194.004714	10.5
15.927898	79.639490	194.004714	10.5
0.000000	63.711592	194.004714	10.5
47.783694	79.639490	194.004714	10.5
31.855796	63.711592	194.004714	10.5
79.639490	79.639490	194.004714	10.5
63.711592	63.711592	194.004714	10.5
95.567388	63.711592	194.004714	10.5
-63.711592	95.567388	194.004714	10.5
-15.927898	111.495286	194.004714	10.5
-31.855796	95.567388	194.004714	10.5
15.927898	111.495286	194.004714	10.5
0.000000	95.567388	194.004714	10.5
31.855796	95.567388	194.004714	10.5
63.711592	95.567388	194.004714	10.5
-15.927898	-111.495286	225.860510	10.5
15.927898	-111.495286	225.860510	10.5
0.000000	-111.495286	209.932612	10.5
-79.639490	-79.639490	225.860510	10.5
-47.783694	-79.639490	225.860510	10.5
-47.783694	-95.567388	209.932612	10.5
-63.711592	-79.639490	209.932612	10.5
-63.711592	-95.567388	225.860510	10.5
-15.927898	-79.639490	225.860510	10.5
-15.927898	-95.567388	209.932612	10.5
-31.855796	-79.639490	209.932612	10.5
-31.855796	-95.567388	225.860510	10.5
15.927898	-79.639490	225.860510	10.5
15.927898	-95.567388	209.932612	10.5
0.000000	-79.639490	209.932612	10.5
0.000000	-95.567388	225.860510	10.5
47.783694	-79.639490	225.860510	10.5
47.783694	-95.567388	209.932612	10.5
31.855796	-79.639490	209.932612	10.5
31.855796	-95.567388	225.860510	10.5
79.639490	-79.639490	225.860510	10.5
63.711592	-79.639490	209.932612	10.5
63.711592	-95.567388	225.860510	10.5
-79.639490	-47.783694	225.860510	10.5
-79.639490	-63.711592	209.932612	10.5
-95.567388	-47.783694	209.932612	10.5
-95.567388	-63.711592	225.860510	10.5
-47.783694	-47.783694	225.860510	10.5
-47.783694	-63.711592	209.932612	10.5
-63.711592	-47.783694	209.932612	10.5
-63.711592	-63.711592	225.860510	10.5
-15.927898	-47.783694	225.860510	10.5
-15.927898	-63.711592	209.932612	10.5
-31.855796	-47.783694	209.932612	10.5
-31.855796	-63.711592	225.860510	10.5
15.927898	-47.783694	225.860510	10.5
15.927898	-63.711592	209.932612	10.5
0.000000	-47.783694	209.932612	10.5
0.000000	-63.711592	225.860510	10.5
47.783694	-47.783694	225.860510	10.5
47.783694	-63.711592	209.932612	10.5
31.855796	-47.783694	209.932612	10.5
31.855796	-63.711592	225.860510	10.5
79.639490	-47.783694	225.860510	10.5
79.639490	-63.711592	209.932612	10.5
63.711592	-47.783694	209.932612	10.5
63.711592	-63.711592	225.860510	10.5
95.567388	-47.783694	209.932612	10.5
95.567388	-63.711592	225.860510	10.5
-111.495286	-15.927898	225.860510	10.5
-79.639490	-15.927898	225.860510	10.5
-79.639490	-31.855796	209.932612	10.5
-95.567388	-15.927898	209.932612	10.5
-95.567388	-31.855796	225.860510	10.5
-47.783694	-15.927898	225.860510	10.5
-47.783694	-31.855796	209.932612	10.5
-63.711592	-15.927898	209.932612	10.5
-63.711592	-31.855796	225.860510	10.5
-15.927898	-15.927898	225.860510	10.5
-15.927898	-31.855796	209.932612	10.5
-31.855796	-15.927898	209.932612	10.5
-31.855796	-31.855796	225.860510	10.5
15.927898	-15.927898	225.860510	10.5
15.927898	-31.855796	209.932612	10.5
0.000000	-15.927898	209.932612	10.5
0.000000	-31.855796	225.860510	10.5
47.783694	-15.927898	225.860510	10.5
47.783694	-31.855796	209.932612	10.5
31.855796	-15.927898	209.932612	10.5
31.855796	-31.855796	225.860510	10.5
79.639490	-15.927898	225.860510	10.5
79.639490	-31.855796	209.932612	10.5
63.711592	-15.927898	209.932612	10.5
63.711592	-31.855796	225.860510	10.5
111.495286	-15.927898	225.860510	10.5
95.567388	-15.927898	209.932612	10.5
95.567388	-31.855796	225.860510	10.5
-111.495286	15.927898	225.860510	10.5
-111.495286	0.000000	209.932612	10.5
-79.639490	15.927898	225.860510	10.5
-79.639490	0.000000	209.932612	10.5
-95.567388	15.927898	209.932612	10.5
-95.567388	0.000000	225.860510	10.5
-47.783694	15.927898	225.860510	10.5
-47.783694	0.000000	209.932612	10.5
-63.711592	15.927898	209.932612	10.5
-63.711592	0.000000	225.860510	10.5
-15.927898	15.927898	225.860510	10.5
-15.927898	0.000000	209.932612	10.5
-31.855796	15.927898	209.932612	10.5
-31.855796	0.000000	225.860510	10.5
15.927898	15.927898	225.860510	10.5
15.927898	0.000000	209.932612	10.5
0.000000	15.927898	209.932612	10.5
0.000000	0.000000	225.860510	10.5
47.783694	15.927898	225.860510	10.5
47.783694	0.000000	209.932612	10.5
31.855796	15.927898	209.932612	10.5
31.855796	0.000000	225.860510	10.5
79.639490	15.927898	225.860510	10.5
79.639490	0.000000	209.932612	10.5
63.711592	15.927898	209.932612	10.5
63.711592	0.000000	225.860510	10.5
111.495286	15.927898	225.860510	10.5
111.495286	0.000000	209.932612	10.5
95.567388	15.927898	209.932612	10.5
95.567388	0.000000	225.860510	10.5
-79.639490	47.783694	225.860510	10.5
-79.639490	31.855796	209.932612	10.5
-95.567388	47.783694	209.932612	10.5
-95.567388	31.855796	225.860510	10.5
-47.783694	47.783694	225.860510	10.5
-47.783694	31.855796	209.932612	10.5
-63.711592	47.783694	209.932612	10.5
-63.711592	31.855796	225.860510	10.5
-15.927898	47.783694	225.860510	10.5
-15.927898	31.855796	209.932612	10.5
-31.855796	47.783694	209.932612	10.5
-31.855796	31.855796	225.860510	10.5
15.927898	47.783694	225.860510	10.5
15.927898	31.855796	209.932612	10.5
0.000000	47.783694	209.932612	10.5
0.000000	31.855796	225.860510	10.5
47.783694	47.783694	225.860510	10.5
47.783694	31.855796	209.932612	10.5
31.855796	47.783694	209.932612	10.5
31.855796	31.855796	225.860510	10.5
79.639490	47.783694	225.860510	10.5
79.639490	31.855796	209.932612	10.5
63.711592	47.783694	209.932612	10.5
63.711592	31.855796	225.860510	10.5
95.567388	47.783694	209.932612	10.5
95.567388	31.855796	225.860510	10.5
-79.639490	79.639490	225.860510	10.5
-79.639490	63.711592	209.932612	10.5
-95.567388	63.711592	225.860510	10.5
-47.783694	79.639490	225.860510	10.5
-47.783694	63.711592	209.932612	10.5
-63.711592	79.639490	209.932612	10.5
-63.711592	63.711592	225.860510	10.5
-15.927898	79.639490	225.860510	10.5
-15.927898	63.711592	209.932612	10.5
-31.855796	79.639490	209.932612	10.5
-31.855796	63.711592	225.860510	10.5
15.927898	79.639490	225.860510	10.5
15.927898	63.711592	209.932612	10.5
0.000000	79.639490	209.932612	10.5
0.000000	63.711592	225.860510	10.5
47.783694	79.639490	225.860510	10.5
47.783694	63.711592	209.932612	10.5
31.855796	79.639490	209.932612	10.5
31.855796	63.711592	225.860510	10.5
79.639490	79.639490	225.860510	10.5
79.639490	63.711592	209.932612	10.5
63.711592	79.639490	209.932612	10.5
63.711592	63.711592	225.860510	10.5
95.567388	63.711592	225.860510	10.5
-47.783694	95.567388	209.932612	10.5
-63.711592	95.567388	225.860510	10.5
-15.927898	111.495286	225.860510	10.5
-15.927898	95.567388	209.932612	10.5
-31.855796	95.567388	225.860510	10.5
15.927898	111.495286	225.860510	10.5
15.927898	95.567388	209.932612	10.5
0.000000	111.495286	209.932612	10.5
0.000000	95.567388	225.860510	10.5
47.783694	95.567388	209.932612	10.5
31.855796	95.567388	225.860510	10.5
63.711592	95.567388	225.860510	10.5
-15.927898	-111.495286	257.716306	10.5
15.927898	-111.495286	257.716306	10.5
0.000000	-111.495286	241.788408	10.5
-79.639490	-79.639490	257.716306	10.5
-47.783694	-79.639490	257.716306	10.5
-47.783694	-95.567388	241.788408	10.5
-63.711592	-79.639490	241.788408	10.5
-63.711592	-95.567388	257.716306	10.5
-15.927898	-79.639490	257.716306	10.5
-15.927898	-95.567388	241.788408	10.5
-31.855796	-79.639490	241.788408	10.5
-31.855796	-95.567388	257.716306	10.5
15.927898	-79.639490	257.716306	10.5
15.927898	-95.567388	241.788408	10.5
0.000000	-79.639490	241.788408	10.5
0.000000	-95.567388	257.716306	10.5
47.783694	-79.639490	257.716306	10.5
47.783694	-95.567388	241.788408	10.5
31.855796	-79.639490	241.788408	10.5
31.855796	-95.567388	257.716306	10.5
79.639490	-79.639490	257.716306	10.5
63.711592	-79.639490	241.788408	10.5
63.711592	-95.567388	257.716306	10.5
-79.639490	-47.783694	257.716306	10.5
-79.639490	-63.711592	241.788408	10.5
-95.567388	-47.783694	241.788408	10.5
-95.567388	-63.711592	257.716306	10.5
-47.783694	-47.783694	257.716306	10.5
-47.783694	-63.711592	241.788408	10.5
-63.711592	-47.783694	241.788408	10.5
-63.711592	-63.711592	257.716306	10.5
-15.927898	-47.783694	257.716306	10.5
-15.927898	-63.711592	241.788408	10.5
-31.855796	-47.783694	241.788408	10.5
-31.855796	-63.711592	257.716306	10.5
15.927898	-47.783694	257.716306	10.5
15.927898	-63.711592	241.788408	10.5
0.000000	-47.783694	241.788408	10.5
0.000000	-63.711592	257.716306	10.5
47.783694	-47.783694	257.716306	10.5
47.783694	-63.711592	241.788408	10.5
31.855796	-47.783694	241.788408	10.5
31.855796	-63.711592	257.716306	10.5
79.639490	-47.783694	257.716306	10.5
79.639490	-63.711592	241.788408	10.5
63.711592	-47.783694	241.788408	10.5
63.711592	-63.711592	257.716306	10.5
95.567388	-47.783694	241.788408	10.5
95.567388	-63.711592	257.716306	10.5
-111.495286	-15.927898	257.716306	10.5
-79.639490	-15.927898	257.716306	10.5
-79.639490	-31.855796	241.788408	10.5
-95.567388	-15.927898	241.788408	10.5
-95.567388	-31.855796	257.716306	10.5
-47.783694	-15.927898	257.716306	10.5
-47.783694	-31.855796	241.788408	10.5
-63.711592	-15.927898	241.788408	10.5
-63.711592	-31.855796	257.716306	10.5
-15.927898	-15.927898	257.716306	10.5
-15.927898	-31.855796	241.788408	10.5
-31.855796	-15.927898	241.788408	10.5
-31.855796	-31.855796	257.716306	10.5
15.927898	-15.927898	257.716306	10.5
15.927898	-31.855796	241.788408	10.5
0.000000	-15.927898	241.788408	10.5
0.000000	-31.855796	257.716306	10.5
47.783694	-15.927898	257.716306	10.5
47.783694	-31.855796	241.788408	10.5
31.855796	-15.927898	241.788408	10.5
31.855796	-31.855796	257.716306	10.5
79.639490	-15.927898	257.716306	10.5
79.639490	-31.855796	241.788408	10.5
63.711592	-15.927898	241.788408	10.5
63.711592	-31.855796	257.716306	10.5
111.495286	-15.927898	257.716306	10.5
95.567388	-15.927898	241.788408	10.5
95.567388	-31.855796	257.716306	10.5
-111.495286	15.927898	257.716306	10.5
-111.495286	0.000000	241.788408	10.5
-79.639490	15.927898	257.716306	10.5
-79.639490	0.000000	241.788408	10.5
-95.567388	15.927898	241.788408	10.5
-95.567388	0.000000	257.716306	10.5
-47.783694	15.927898	257.716306	10.5
-47.783694	0.000000	241.788408	10.5
-63.711592	15.927898	241.788408	10.5
-63.711592	0.000000	257.716306	10.5
-15.927898	15.927898	257.716306	10.5
-15.927898	0.000000	241.788408	10.5
-31.855796	15.927898	241.788408	10.5
-31.855796	0.000000	257.716306	10.5
15.927898	15.927898	257.716306	10.5
15.927898	0.000000	241.788408	10.5
0.000000	15.927898	241.788408	10.5
0.000000	0.000000	257.716306	10.5
47.783694	15.927898	257.716306	10.5
47.783694	0.000000	241.788408	10.5
31.855796	15.927898	241.788408	10.5
31.855796	0.000000	257.716306	10.5
79.639490	15.927898	257.716306	10.5
79.639490	0.000000	241.788408	10.5
63.711592	15.927898	241.788408	10.5
63.711592	0.000000	257.716306	10.5
111.495286	15.927898	257.716306	10.5
111.495286	0.000000	241.788408	10.5
95.567388	15.927898	241.788408	10.5
95.567388	0.000000	257.716306	10.5
-79.639490	47.783694	257.716306	10.5
-79.639490	31.855796	241.788408	10.5
-95.567388	47.783694	241.788408	10.5
-95.567388	31.855796	257.716306	10.5
-47.783694	47.783694	257.716306	10.5
-47.783694	31.855796	241.788408	10.5
-63.711592	47.783694	241.788408	10.5
-63.711592	31.855796	257.716306	10.5
-15.927898	47.783694	257.716306	10.5
-15.927898	31.855796	241.788408	10.5
-31.855796	47.783694	241.788408	10.5
-31.855796	31.855796	257.716306	10.5
15.927898	47.783694	257.716306	10.5
15.927898	31.855796	241.788408	10.5
0.000000	47.783694	241.788408	10.5
0.000000	31.855796	257.716306	10.5
47.783694	47.783694	257.716306	10.5
47.783694	31.855796	241.788408	10.5
31.855796	47.783694	241.788408	10.5
31.855796	31.855796	257.716306	10.5
79.639490	47.783694	257.716306	10.5
79.639490	31.855796	241.788408	10.5
63.711592	47.783694	241.788408	10.5
63.711592	31.855796	257.716306	10.5
95.567388	47.783694	241.788408	10.5
95.567388	31.855796	257.716306	10.5
-79.639490	79.639490	257.716306	10.5
-79.639490	63.711592	241.788408	10.5
-95.567388	63.711592	257.716306	10.5
-47.783694	79.639490	257.716306	10.5
-47.783694	63.711592	241.788408	10.5
-63.711592	79.639490	241.788408	10.5
-63.711592	63.711592	257.716306	10.5
-15.927898	79.639490	257.716306	10.5
-15.927898	63.711592	241.788408	10.5
-31.855796	79.639490	241.788408	10.5
-31.855796	63.711592	257.716306	10.5
15.927898	79.639490	257.716306	10.5
15.927898	63.711592	241.788408	10.5
0.000000	79.639490	241.788408	10.5
0.000000	63.711592	257.716306	10.5
47.783694	79.639490	257.716306	10.5
47.783694	63.711592	241.788408	10.5
31.855796	79.639490	241.788408	10.5
31.855796	63.711592	257.716306	10.5
79.639490	79.639490	257.716306	10.5
79.639490	63.711592	241.788408	10.5
63.711592	79.639490	241.788408	10.5
63.711592	63.711592	257.716306	10.5
95.567388	63.711592	257.716306	10.5
-47.783694	95.567388	241.788408	10.5
-63.711592	95.567388	257.716306	10.5
-15.927898	111.495286	257.716306	10.5
-15.927898	95.567388	241.788408	10.5
-31.855796	95.567388	257.716306	10.5
15.927898	111.495286	257.716306	10.5
15.927898	95.567388	241.788408	10.5
0.000000	111.495286	241.788408	10.5
0.000000	95.567388	257.716306	10.5
47.783694	95.567388	241.788408	10.5
31.855796	95.567388	257.716306	10.5
63.711592	95.567388	257.716306	10.5
-15.927898	-111.495286	289.572102	10.5
15.927898	-111.495286	289.572102	10.5
0.000000	-111.495286	273.644204	10.5
-79.639490	-79.639490	289.572102	10.5
-47.783694	-79.639490	289.572102	10.5
-47.783694	-95.567388	273.644204	10.5
-63.711592	-79.639490	273.644204	10.5
-63.711592	-95.567388	289.572102	10.5
-15.927898	-79.639490	289.572102	10.5
-15.927898	-95.567388	273.644204	10.5
-31.855796	-79.639490	273.644204	10.5
-31.855796	-95.567388	289.572102	10.5
15.927898	-79.639490	289.572102	10.5
15.927898	-95.567388	273.644204	10.5
0.000000	-79.639490	273.644204	10.5
0.000000	-95.567388	289.572102	10.5
47.783694	-79.639490	289.572102	10.5
47.783694	-95.567388	273.644204	10.5
31.855796	-79.639490	273.644204	10.5
31.855796	-95.567388	289.572102	10.5
79.639490	-79.639490	289.572102	10.5
63.711592	-79.639490	273.644204	10.5
63.711592	-95.567388	289.572102	10.5
-79.639490	-47.783694	289.572102	10.5
-79.639490	-63.711592	273.644204	10.5
-95.567388	-47.783694	273.644204	10.5
-95.567388	-63.711592	289.572102	10.5
-47.783694	-47.783694	289.572102	10.5
-47.783694	-63.711592	273.644204	10.5
-63.711592	-47.783694	273.644204	10.5
-63.711592	-63.711592	289.572102	10.5
-15.927898	-47.783694	289.572102	10.5
-15.927898	-63.711592	273.644204	10.5
-31.855796	-47.783694	273.644204	10.5
-31.855796	-63.711592	289.572102	10.5
15.927898	-47.783694	289.572102	10.5
15.927898	-63.711592	273.644204	10.5
0.000000	-47.783694	273.644204	10.5
0.000000	-63.711592	289.572102	10.5
47.783694	-47.783694	289.572102	10.5
47.783694	-63.711592	273.644204	10.5
31.855796	-47.783694	273.644204	10.5
31.855796	-63.711592	289.572102	10.5
79.639490	-47.783694	289.572102	10.5
79.639490	-63.711592	273.644204	10.5
63.711592	-47.783694	273.644204	10.5
63.711592	-63.711592	289.572102	10.5
95.567388	-47.783694	273.644204	10.5
95.567388	-63.711592	289.572102	10.5
-111.495286	-15.927898	289.572102	10.5
-79.639490	-15.927898	289.572102	10.5
-79.639490	-31.855796	273.644204	10.5
-95.567388	-15.927898	273.644204	10.5
-95.567388	-31.855796	289.572102	10.5
-47.783694	-15.927898	289.572102	10.5
-47.783694	-31.855796	273.644204	10.5
-63.711592	-15.927898	273.644204	10.5
-63.711592	-31.855796	289.572102	10.5
-15.927898	-15.927898	289.572102	10.5
-15.927898	-31.855796	273.644204	10.5
-31.855796	-15.927898	273.644204	10.5
-31.855796	-31.855796	289.572102	10.5
15.927898	-15.927898	289.572102	10.5
15.927898	-31.855796	273.644204	10.5
0.000000	-15.927898	273.644204	10.5
0.000000	-31.855796	289.572102	10.5
47.783694	-15.927898	289.572102	10.5
47.783694	-31.855796	273.644204	10.5
31.855796	-15.927898	273.644204	10.5
31.855796	-31.855796	289.572102	10.5
79.639490	-15.927898	289.572102	10.5
79.639490	-31.855796	273.644204	10.5
63.711592	-15.927898	273.644204	10.5
63.711592	-31.855796	289.572102	10.5
111.495286	-15.927898	289.572102	10.5
95.567388	-15.927898	273.644204	10.5
95.567388	-31.855796	289.572102	10.5
-111.495286	15.927898	289.572102	10.5
-111.495286	0.000000	273.644204	10.5
-79.639490	15.927898	289.572102	10.5
-79.639490	0.000000	273.644204	10.5
-95.567388	15.927898	273.644204	10.5
-95.567388	0.000000	289.572102	10.5
-47.783694	15.927898	289.572102	10.5
-47.783694	0.000000	273.644204	10.5
-63.711592	15.927898	273.644204	10.5
-63.711592	0.000000	289.572102	10.5
-15.927898	15.927898	289.572102	10.5
-15.927898	0.000000	273.644204	10.5
-31.855796	15.927898	273.644204	10.5
-31.855796	0.000000	289.572102	10.5
15.927898	15.927898	289.572102	10.5
15.927898	0.000000	273.644204	10.5
0.000000	15.927898	273.644204	10.5
0.000000	0.000000	289.572102	10.5
47.783694	15.927898	289.572102	10.5
47.783694	0.000000	273.644204	10.5
31.855796	15.927898	273.644204	10.5
31.855796	0.000000	289.572102	10.5
79.639490	15.927898	289.572102	10.5
79.639490	0.000000	273.644204	10.5
63.711592	15.927898	273.644204	10.5
63.711592	0.000000	289.572102	10.5
111.495286	15.927898	289.572102	10.5
111.495286	0.000000	273.644204	10.5
95.567388	15.927898	273.644204	10.5
95.567388	0.000000	289.572102	10.5
-79.639490	47.783694	289.572102	10.5
-79.639490	31.855796	273.644204	10.5
-95.567388	47.783694	273.644204	10.5
-95.567388	31.855796	289.572102	10.5
-47.783694	47.783694	289.572102	10.5
-47.783694	31.855796	273.644204	10.5
-63.711592	47.783694	273.644204	10.5
-63.711592	31.855796	289.572102	10.5
-15.927898	47.783694	289.572102	10.5
-15.927898	31.855796	273.644204	10.5
-31.855796	47.783694	273.644204	10.5
-31.855796	31.855796	289.572102	10.5
15.927898	47.783694	289.572102	10.5
15.927898	31.855796	273.644204	10.5
0.000000	47.783694	273.644204	10.5
0.000000	31.855796	289.572102	10.5
47.783694	47.783694	289.572102	10.5
47.783694	31.855796	273.644204	10.5
31.855796	47.783694	273.644204	10.5
31.855796	31.855796	289.572102	10.5
79.639490	47.783694	289.572102	10.5
79.639490	31.855796	273.644204	10.5
63.711592	47.783694	273.644204	10.5
63.711592	31.855796	289.572102	10.5
95.567388	47.783694	273.644204	10.5
95.567388	31.855796	289.572102	10.5
-79.639490	79.639490	289.572102	10.5
-79.639490	63.711592	273.644204	10.5
-95.567388	63.711592	289.572102	10.5
-47.783694	79.639490	289.572102	10.5
-47.783694	63.711592	273.644204	10.5
-63.711592	79.639490	273.644204	10.5
-63.711592	63.711592	289.572102	10.5
-15.927898	79.639490	289.572102	10.5
-15.927898	63.711592	273.644204	10.5
-31.855796	79.639490	273.644204	10.5
-31.855796	63.711592	289.572102	10.5
15.927898	79.639490	289.572102	10.5
15.927898	63.711592	273.644204	10.5
0.000000	79.639490	273.644204	10.5
0.000000	63.711592	289.572102	10.5
47.783694	79.639490	289.572102	10.5
47.783694	63.711592	273.644204	10.5
31.855796	79.639490	273.644204	10.5
31.855796	63.711592	289.572102	10.5
79.639490	79.639490	289.572102	10.5
79.639490	63.711592	273.644204	10.5
63.711592	79.639490	273.644204	10.5
63.711592	63.711592	289.572102	10.5
95.567388	63.711592	289.572102	10.5
-47.783694	95.567388	273.644204	10.5
-63.711592	95.567388	289.572102	10.5
-15.927898	111.495286	289.572102	10.5
-15.927898	95.567388	273.644204	10.5
-31.855796	95.567388	289.572102	10.5
15.927898	111.495286	289.572102	10.5
15.927898	95.567388	273.644204	10.5
0.000000	111.495286	273.644204	10.5
0.000000	95.567388	289.572102	10.5
47.783694	95.567388	273.644204	10.5
31.855796	95.567388	289.572102	10.5
63.711592	95.567388	289.572102	10.5
-15.927898	-111.495286	321.427898	10.5
15.927898	-111.495286	321.427898	10.5
0.000000	-111.495286	305.500000	10.5
-79.639490	-79.639490	321.427898	10.5
-47.783694	-79.639490	321.427898	10.5
-47.783694	-95.567388	305.500000	10.5
-63.711592	-79.639490	305.500000	10.5
-63.711592	-95.567388	321.427898	10.5
-15.927898	-79.639490	321.427898	10.5
-15.927898	-95.567388	305.500000	10.5
-31.855796	-79.639490	305.500000	10.5
-31.855796	-95.567388	321.427898	10.5
15.927898	-79.639490	321.427898	10.5
15.927898	-95.567388	305.500000	10.5
0.000000	-79.639490	305.500000	10.5
0.000000	-95.567388	321.427898	10.5
47.783694	-79.639490	321.427898	10.5
47.783694	-95.567388	305.500000	10.5
31.855796	-79.639490	305.500000	10.5
31.855796	-95.567388	321.427898	10.5
79.639490	-79.639490	321.427898	10.5
63.711592	-79.639490	305.500000	10.5
63.711592	-95.567388	321.427898	10.5
-79.639490	-47.783694	321.427898	10.5
-79.639490	-63.711592	305.500000	10.5
-95.567388	-47.783694	305.500000	10.5
-95.567388	-63.711592	321.427898	10.5
-47.783694	-47.783694	321.427898	10.5
-47.783694	-63.711592	305.500000	10.5
-63.711592	-47.783694	305.500000	10.5
-63.711592	-63.711592	321.427898	10.5
-15.927898	-47.783694	321.427898	10.5
-15.927898	-63.711592	305.500000	10.5
-31.855796	-47.783694	305.500000	10.5
-31.855796	-63.711592	321.427898	10.5
15.927898	-47.783694	321.427898	10.5
15.927898	-63.711592	305.500000	10.5
0.000000	-47.783694	305.500000	10.5
0.000000	-63.711592	321.427898	10.5
47.783694	-47.783694	321.427898	10.5
47.783694	-63.711592	305.500000	10.5
31.855796	-47.783694	305.500000	10.5
31.855796	-63.711592	321.427898	10.5
79.639490	-47.783694	321.427898	10.5
79.639490	-63.711592	305.500000	10.5
63.711592	-47.783694	305.500000	10.5
63.711592	-63.711592	321.427898	10.5
95.567388	-47.783694	305.500000	10.5
95.567388	-63.711592	321.427898	10.5
-111.495286	-15.927898	321.427898	10.5
-79.639490	-15.927898	321.427898	10.5
-79.639490	-31.855796	305.500000	10.5
-95.567388	-15.927898	305.500000	10.5
-95.567388	-31.855796	321.427898	10.5
-47.783694	-15.927898	321.427898	10.5
-47.783694	-31.855796	305.500000	10.5
-63.711592	-15.927898	305.500000	10.5
-63.711592	-31.855796	321.427898	10.5
-15.927898	-15.927898	321.427898	10.5
-15.927898	-31.855796	305.500000	10.5
-31.855796	-15.927898	305.500000	10.5
-31.855796	-31.855796	321.427898	10.5
15.927898	-15.927898	321.427898	10.5
15.927898	-31.855796	305.500000	10.5
0.000000	-15.927898	305.500000	10.5
0.000000	-31.855796	321.427898	10.5
47.783694	-15.927898	321.427898	10.5
47.783694	-31.855796	305.500000	10.5
31.855796	-15.927898	305.500000	10.5
31.855796	-31.855796	321.427898	10.5
79.639490	-15.927898	321.427898	10.5
79.639490	-31.855796	305.500000	10.5
63.711592	-15.927898	305.500000	10.5
63.711592	-31.855796	321.427898	10.5
111.495286	-15.927898	321.427898	10.5
95.567388	-15.927898	305.500000	10.5
95.567388	-31.855796	321.427898	10.5
-111.495286	15.927898	321.427898	10.5
-111.495286	0.000000	305.500000	10.5
-79.639490	15.927898	321.427898	10.5
-79.639490	0.000000	305.500000	10.5
-95.567388	15.927898	305.500000	10.5
-95.567388	0.000000	321.427898	10.5
-47.783694	15.927898	321.427898	10.5
-47.783694	0.000000	305.500000	10.5
-63.711592	15.927898	305.500000	10.5
-63.711592	0.000000	321.427898	10.5
-15.927898	15.927898	321.427898	10.5
-15.927898	0.000000	305.500000	10.5
-31.855796	15.927898	305.500000	10.5
-31.855796	0.000000	321.427898	10.5
15.927898	15.927898	321.427898	10.5
15.927898	0.000000	305.500000	10.5
0.000000	15.927898	305.500000	10.5
0.000000	0.000000	321.427898	10.5
47.783694	15.927898	321.427898	10.5
47.783694	0.000000	305.500000	10.5
31.855796	15.927898	305.500000	10.5
31.855796	0.000000	321.427898	10.5
79.639490	15.927898	321.427898	10.5
79.639490	0.000000	305.500000	10.5
63.711592	15.927898	305.500000	10.5
63.711592	0.000000	321.427898	10.5
111.495286	15.927898	321.427898	10.5
111.495286	0.000000	305.500000	10.5
95.567388	15.927898	305.500000	10.5
95.567388	0.000000	321.427898	10.5
-79.639490	47.783694	321.427898	10.5
-79.639490	31.855796	305.500000	10.5
-95.567388	47.783694	305.500000	10.5
-95.567388	31.855796	321.427898	10.5
-47.783694	47.783694	321.427898	10.5
-47.783694	31.855796	305.500000	10.5
-63.711592	47.783694	305.500000	10.5
-63.711592	31.855796	321.427898	10.5
-15.927898	47.783694	321.427898	10.5
-15.927898	31.855796	305.500000	10.5
-31.855796	47.783694	305.500000	10.5
-31.855796	31.855796	321.427898	10.5
15.927898	47.783694	321.427898	10.5
15.927898	31.855796	305.500000	10.5
0.000000	47.783694	305.500000	10.5
0.000000	31.855796	321.427898	10.5
47.783694	47.783694	321.427898	10.5
47.783694	31.855796	305.500000	10.5
31.855796	47.783694	305.500000	10.5
31.855796	31.855796	321.427898	10.5
79.639490	47.783694	321.427898	10.5
79.639490	31.855796	305.500000	10.5
63.711592	47.783694	305.500000	10.5
63.711592	31.855796	321.427898	10.5
95.567388	47.783694	305.500000	10.5
95.567388	31.855796	321.427898	10.5
-79.639490	79.639490	321.427898	10.5
-79.639490	63.711592	305.500000	10.5
-95.567388	63.711592	321.427898	10.5
-47.783694	79.639490	321.427898	10.5
-47.783694	63.711592	305.500000	10.5
-63.711592	79.639490	305.500000	10.5
-63.711592	63.711592	321.427898	10.5
-15.927898	79.639490	321.427898	10.5
-15.927898	63.711592	305.500000	10.5
-31.855796	79.639490	305.500000	10.5
-31.855796	63.711592	321.427898	10.5
15.927898	79.639490	321.427898	10.5
15.927898	63.711592	305.500000	10.5
0.000000	79.639490	305.500000	10.5
0.000000	63.711592	321.427898	10.5
47.783694	79.639490	321.427898	10.5
47.783694	63.711592	305.500000	10.5
31.855796	79.639490	305.500000	10.5
31.855796	63.711592	321.427898	10.5
79.639490	79.639490	321.427898	10.5
79.639490	63.711592	305.500000	10.5
63.711592	79.639490	305.500000	10.5
63.711592	63.711592	321.427898	10.5
95.567388	63.711592	321.427898	10.5
-47.783694	95.567388	305.500000	10.5
-63.711592	95.567388	321.427898	10.5
-15.927898	111.495286	321.427898	10.5
-15.927898	95.567388	305.500000	10.5
-31.855796	95.567388	321.427898	10.5
15.927898	111.495286	321.427898	10.5
15.927898	95.567388	305.500000	10.5
0.000000	111.495286	305.500000	10.5
0.000000	95.567388	321.427898	10.5
47.783694	95.567388	305.500000	10.5
31.855796	95.567388	321.427898	10.5
63.711592	95.567388	321.427898	10.5
-15.927898	-111.495286	353.283694	10.5
15.927898	-111.495286	353.283694	10.5
0.000000	-111.495286	337.355796	10.5
-79.639490	-79.639490	353.283694	10.5
-47.783694	-79.639490	353.283694	10.5
-47.783694	-95.567388	337.355796	10.5
-63.711592	-79.639490	337.355796	10.5
-63.711592	-95.567388	353.283694	10.5
-15.927898	-79.639490	353.283694	10.5
-15.927898	-95.567388	337.355796	10.5
-31.855796	-79.639490	337.355796	10.5
-31.855796	-95.567388	353.283694	10.5
15.927898	-79.639490	353.283694	10.5
15.927898	-95.567388	337.355796	10.5
0.000000	-79.639490	337.355796	10.5
0.000000	-95.567388	353.283694	10.5
47.783694	-79.639490	353.283694	10.5
47.783694	-95.567388	337.355796	10.5
31.855796	-79.639490	337.355796	10.5
31.855796	-95.567388	353.283694	10.5
79.639490	-79.639490	353.283694	10.5
63.711592	-79.639490	337.355796	10.5
63.711592	-95.567388	353.283694	10.5
-79.639490	-47.783694	353.283694	10.5
-79.639490	-63.711592	337.355796	10.5
-95.567388	-47.783694	337.355796	10.5
-95.567388	-63.711592	353.283694	10.5
-47.783694	-47.783694	353.283694	10.5
-47.783694	-63.711592	337.355796	10.5
-63.711592	-47.783694	337.355796	10.5
-63.711592	-63.711592	353.283694	10.5
-15.927898	-47.783694	353.283694	10.5
-15.927898	-63.711592	337.355796	10.5
-31.855796	-47.783694	337.355796	10.5
-31.855796	-63.711592	353.283694	10.5
15.927898	-47.783694	353.283694	10.5
15.927898	-63.711592	337.355796	10.5
0.000000	-47.783694	337.355796	10.5
0.000000	-63.711592	353.283694	10.5
47.783694	-47.783694	353.283694	10.5
47.783694	-63.711592	337.355796	10.5
31.855796	-47.783694	337.355796	10.5
31.855796	-63.711592	353.283694	10.5
79.639490	-47.783694	353.283694	10.5
79.639490	-63.711592	337.355796	10.5
63.711592	-47.783694	337.355796	10.5
63.711592	-63.711592	353.283694	10.5
95.567388	-47.783694	337.355796	10.5
95.567388	-63.711592	353.283694	10.5
-111.495286	-15.927898	353.283694	10.5
-79.639490	-15.927898	353.283694	10.5
-79.639490	-31.855796	337.355796	10.5
-95.567388	-15.927898	337.355796	10.5
-95.567388	-31.855796	353.283694	10.5
-47.783694	-15.927898	353.283694	10.5
-47.783694	-31.855796	337.355796	10.5
-63.711592	-15.927898	337.355796	10.5
-63.711592	-31.855796	353.283694	10.5
-15.927898	-15.927898	353.283694	10.5
-15.927898	-31.855796	337.355796	10.5
-31.855796	-15.927898	337.355796	10.5
-31.855796	-31.855796	353.283694	10.5
15.927898	-15.927898	353.283694	10.5
15.927898	-31.855796	337.355796	10.5
0.000000	-15.927898	337.355796	10.5
0.000000	-31.855796	353.283694	10.5
47.783694	-15.927898	353.283694	10.5
47.783694	-31.855796	337.355796	10.5
31.855796	-15.927898	337.355796	10.5
31.855796	-31.855796	353.283694	10.5
79.639490	-15.927898	353.283694	10.5
79.639490	-31.855796	337.355796	10.5
63.711592	-15.927898	337.355796	10.5
63.711592	-31.855796	353.283694	10.5
111.495286	-15.927898	353.283694	10.5
95.567388	-15.927898	337.355796	10.5
95.567388	-31.855796	353.283694	10.5
-111.495286	15.927898	353.283694	10.5
-111.495286	0.000000	337.355796	10.5
-79.639490	15.927898	353.283694	10.5
-79.639490	0.000000	337.355796	10.5
-95.567388	15.927898	337.355796	10.5
-95.567388	0.000000	353.283694	10.5
-47.783694	15.927898	353.283694	10.5
-47.783694	0.000000	337.355796	10.5
-63.711592	15.927898	337.355796	10.5
-63.711592	0.000000	353.283694	10.5
-15.927898	15.927898	353.283694	10.5
-15.927898	0.000000	337.355796	10.5
-31.855796	15.927898	337.355796	10.5
-31.855796	0.000000	353.283694	10.5
15.927898	15.927898	353.283694	10.5
15.927898	0.000000	337.355796	10.5
0.000000	15.927898	337.355796	10.5
0.000000	0.000000	353.283694	10.5
47.783694	15.927898	353.283694	10.5
47.783694	0.000000	337.355796	10.5
31.855796	15.927898	337.355796	10.5
31.855796	0.000000	353.283694	10.5
79.639490	15.927898	353.283694	10.5
79.639490	0.000000	337.355796	10.5
63.711592	15.927898	337.355796	10.5
63.711592	0.000000	353.283694	10.5
111.495286	15.927898	353.283694	10.5
111.495286	0.000000	337.355796	10.5
95.567388	15.927898	337.355796	10.5
95.567388	0.000000	353.283694	10.5
-79.639490	47.783694	353.283694	10.5
-79.639490	31.855796	337.355796	10.5
-95.567388	47.783694	337.355796	10.5
-95.567388	31.855796	353.283694	10.5
-47.783694	47.783694	353.283694	10.5
-47.783694	31.855796	337.355796	10.5
-63.711592	47.783694	337.355796	10.5
-63.711592	31.855796	353.283694	10.5
-15.927898	47.783694	353.283694	10.5
-15.927898	31.855796	337.355796	10.5
-31.855796	47.783694	337.355796	10.5
-31.855796	31.855796	353.283694	10.5
15.927898	47.783694	353.283694	10.5
15.927898	31.855796	337.355796	10.5
0.000000	47.783694	337.355796	10.5
0.000000	31.855796	353.283694	10.5
47.783694	47.783694	353.283694	10.5
47.783694	31.855796	337.355796	10.5
31.855796	47.783694	337.355796	10.5
31.855796	31.855796	353.283694	10.5
79.639490	47.783694	353.283694	10.5
79.639490	31.855796	337.355796	10.5
63.711592	47.783694	337.355796	10.5
63.711592	31.855796	353.283694	10.5
95.567388	47.783694	337.355796	10.5
95.567388	31.855796	353.283694	10.5
-79.639490	79.639490	353.283694	10.5
-79.639490	63.711592	337.355796	10.5
-95.567388	63.711592	353.283694	10.5
-47.783694	79.639490	353.283694	10.5
-47.783694	63.711592	337.355796	10.5
-63.711592	79.639490	337.355796	10.5
-63.711592	63.711592	353.283694	10.5
-15.927898	79.639490	353.283694	10.5
-15.927898	63.711592	337.355796	10.5
-31.855796	79.639490	337.355796	10.5
-31.855796	63.711592	353.283694	10.5
15.927898	79.639490	353.283694	10.5
15.927898	63.711592	337.355796	10.5
0.000000	79.639490	337.355796	10.5
0.000000	63.711592	353.283694	10.5
47.783694	79.639490	353.283694	10.5
47.783694	63.711592	337.355796	10.5
31.855796	79.639490	337.355796	10.5
31.855796	63.711592	353.283694	10.5
79.639490	79.639490	353.283694	10.5
79.639490	63.711592	337.355796	10.5
63.711592	79.639490	337.355796	10.5
63.711592	63.711592	353.283694	10.5
95.567388	63.711592	353.283694	10.5
-47.783694	95.567388	337.355796	10.5
-63.711592	95.567388	353.283694	10.5
-15.927898	111.495286	353.283694	10.5
-15.927898	95.567388	337.355796	10.5
-31.855796	95.567388	353.283694	10.5
15.927898	111.495286	353.283694	10.5
15.927898	95.567388	337.355796	10.5
0.000000	111.495286	337.355796	10.5
0.000000	95.567388	353.283694	10.5
47.783694	95.567388	337.355796	10.5
31.855796	95.567388	353.283694	10.5
63.711592	95.567388	353.283694	10.5
-15.927898	-111.495286	385.139490	10.5
15.927898	-111.495286	385.139490	10.5
0.000000	-111.495286	369.211592	10.5
-79.639490	-79.639490	385.139490	10.5
-47.783694	-79.639490	385.139490	10.5
-47.783694	-95.567388	369.211592	10.5
-63.711592	-79.639490	369.211592	10.5
-63.711592	-95.567388	385.139490	10.5
-15.927898	-79.639490	385.139490	10.5
-15.927898	-95.567388	369.211592	10.5
-31.855796	-79.639490	369.211592	10.5
-31.855796	-95.567388	385.139490	10.5
15.927898	-79.639490	385.139490	10.5
15.927898	-95.567388	369.211592	10.5
0.000000	-79.639490	369.211592	10.5
0.000000	-95.567388	385.139490	10.5
47.783694	-79.639490	385.139490	10.5
47.783694	-95.567388	369.211592	10.5
31.855796	-79.639490	369.211592	10.5
31.855796	-95.567388	385.139490	10.5
79.639490	-79.639490	385.139490	10.5
63.711592	-79.639490	369.211592	10.5
63.711592	-95.567388	385.139490	10.5
-79.639490	-47.783694	385.139490	10.5
-79.639490	-63.711592	369.211592	10.5
-95.567388	-47.783694	369.211592	10.5
-95.567388	-63.711592	385.139490	10.5
-47.783694	-47.783694	385.139490	10.5
-47.783694	-63.711592	369.211592	10.5
-63.711592	-47.783694	369.211592	10.5
-63.711592	-63.711592	385.139490	10.5
-15.927898	-47.783694	385.139490	10.5
-15.927898	-63.711592	369.211592	10.5
-31.855796	-47.783694	369.211592	10.5
-31.855796	-63.711592	385.139490	10.5
15.927898	-47.783694	385.139490	10.5
15.927898	-63.711592	369.211592	10.5
0.000000	-47.783694	369.211592	10.5
0.000000	-63.711592	385.139490	10.5
47.783694	-47.783694	385.139490	10.5
47.783694	-63.711592	369.211592	10.5
31.855796	-47.783694	369.211592	10.5
31.855796	-63.711592	385.139490	10.5
79.639490	-47.783694	385.139490	10.5
79.639490	-63.711592	369.211592	10.5
63.711592	-47.783694	369.211592	10.5
63.711592	-63.711592	385.139490	10.5
95.567388	-47.783694	369.211592	10.5
95.567388	-63.711592	385.139490	10.5
-111.495286	-15.927898	385.139490	10.5
-79.639490	-15.927898	385.139490	10.5
-79.639490	-31.855796	369.211592	10.5
-95.567388	-15.927898	369.211592	10.5
-95.567388	-31.855796	385.139490	10.5
-47.783694	-15.927898	385.139490	10.5
-47.783694	-31.855796	369.211592	10.5
-63.711592	-15.927898	369.211592	10.5
-63.711592	-31.855796	385.139490	10.5
-15.927898	-15.927898	385.139490	10.5
-15.927898	-31.855796	369.211592	10.5
-31.855796	-15.927898	369.211592	10.5
-31.855796	-31.855796	385.139490	10.5
15.927898	-15.927898	385.139490	10.5
15.927898	-31.855796	369.211592	10.5
0.000000	-15.927898	369.211592	10.5
0.000000	-31.855796	385.139490	10.5
47.783694	-15.927898	385.139490	10.5
47.783694	-31.855796	369.211592	10.5
31.855796	-15.927898	369.211592	10.5
31.855796	-31.855796	385.139490	10.5
79.639490	-15.927898	385.139490	10.5
79.639490	-31.855796	369.211592	10.5
63.711592	-15.927898	369.211592	10.5
63.711592	-31.855796	385.139490	10.5
111.495286	-15.927898	385.139490	10.5
95.567388	-15.927898	369.211592	10.5
95.567388	-31.855796	385.139490	10.5
-111.495286	15.927898	385.139490	10.5
-111.495286	0.000000	369.211592	10.5
-79.639490	15.927898	385.139490	10.5
-79.639490	0.000000	369.211592	10.5
-95.567388	15.927898	369.211592	10.5
-95.567388	0.000000	385.139490	10.5
-47.783694	15.927898	385.139490	10.5
-47.783694	0.000000	369.211592	10.5
-63.711592	15.927898	369.211592	10.5
-63.711592	0.000000	385.139490	10.5
-15.927898	15.927898	385.139490	10.5
-15.927898	0.000000	369.211592	10.5
-31.855796	15.927898	369.211592	10.5
-31.855796	0.000000	385.139490	10.5
15.927898	15.927898	385.139490	10.5
15.927898	0.000000	369.211592	10.5
0.000000	15.927898	369.211592	10.5
0.000000	0.000000	385.139490	10.5
47.783694	15.927898	385.139490	10.5
47.783694	0.000000	369.211592	10.5
31.855796	15.927898	369.211592	10.5
31.855796	0.000000	385.139490	10.5
79.639490	15.927898	385.139490	10.5
79.639490	0.000000	369.211592	10.5
63.711592	15.927898	369.211592	10.5
63.711592	0.000000	385.139490	10.5
111.495286	15.927898	385.139490	10.5
111.495286	0.000000	369.211592	10.5
95.567388	15.927898	369.211592	10.5
95.567388	0.000000	385.139490	10.5
-79.639490	47.783694	385.139490	10.5
-79.639490	31.855796	369.211592	10.5
-95.567388	47.783694	369.211592	10.5
-95.567388	31.855796	385.139490	10.5
-47.783694	47.783694	385.139490	10.5
-47.783694	31.855796	369.211592	10.5
-63.711592	47.783694	369.211592	10.5
-63.711592	31.855796	385.139490	10.5
-15.927898	47.783694	385.139490	10.5
-15.927898	31.855796	369.211592	10.5
-31.855796	47.783694	369.211592	10.5
-31.855796	31.855796	385.139490	10.5
15.927898	47.783694	385.139490	10.5
15.927898	31.855796	369.211592	10.5
0.000000	47.783694	369.211592	10.5
0.000000	31.855796	385.139490	10.5
47.783694	47.783694	385.139490	10.5
47.783694	31.855796	369.211592	10.5
31.855796	47.783694	369.211592	10.5
31.855796	31.855796	385.139490	10.5
79.639490	47.783694	385.139490	10.5
79.639490	31.855796	369.211592	10.5
63.711592	47.783694	369.211592	10.5
63.711592	31.855796	385.139490	10.5
95.567388	47.783694	369.211592	10.5
95.567388	31.855796	385.139490	10.5
-79.639490	79.639490	385.139490	10.5
-79.639490	63.711592	369.211592	10.5
-95.567388	63.711592	385.139490	10.5
-47.783694	79.639490	385.139490	10.5
-47.783694	63.711592	369.211592	10.5
-63.711592	79.639490	369.211592	10.5
-63.711592	63.711592	385.139490	10.5
-15.927898	79.639490	385.139490	10.5
-15.927898	63.711592	369.211592	10.5
-31.855796	79.639490	369.211592	10.5
-31.855796	63.711592	385.139490	10.5
15.927898	79.639490	385.139490	10.5
15.927898	63.711592	369.211592	10.5
0.000000	79.639490	369.211592	10.5
0.000000	63.711592	385.139490	10.5
47.783694	79.639490	385.139490	10.5
47.783694	63.711592	369.211592	10.5
31.855796	79.639490	369.211592	10.5
31.855796	63.711592	385.139490	10.5
79.639490	79.639490	385.139490	10.5
79.639490	63.711592	369.211592	10.5
63.711592	79.639490	369.211592	10.5
63.711592	63.711592	385.139490	10.5
95.567388	63.711592	385.139490	10.5
-47.783694	95.567388	369.211592	10.5
-63.711592	95.567388	385.139490	10.5
-15.927898	111.495286	385.139490	10.5
-15.927898	95.567388	369.211592	10.5
-31.855796	95.567388	385.139490	10.5
15.927898	111.495286	385.139490	10.5
15.927898	95.567388	369.211592	10.5
0.000000	111.495286	369.211592	10.5
0.000000	95.567388	385.139490	10.5
47.783694	95.567388	369.211592	10.5
31.855796	95.567388	385.139490	10.5
63.711592	95.567388	385.139490	10.5
-15.927898	-111.495286	416.995286	10.5
15.927898	-111.495286	416.995286	10.5
0.000000	-111.495286	401.067388	10.5
-79.639490	-79.639490	416.995286	10.5
-47.783694	-79.639490	416.995286	10.5
-47.783694	-95.567388	401.067388	10.5
-63.711592	-79.639490	401.067388	10.5
-63.711592	-95.567388	416.995286	10.5
-15.927898	-79.639490	416.995286	10.5
-15.927898	-95.567388	401.067388	10.5
-31.855796	-79.639490	401.067388	10.5
-31.855796	-95.567388	416.995286	10.5
15.927898	-79.639490	416.995286	10.5
15.927898	-95.567388	401.067388	10.5
0.000000	-79.639490	401.067388	10.5
0.000000	-95.567388	416.995286	10.5
47.783694	-79.639490	416.995286	10.5
47.783694	-95.567388	401.067388	10.5
31.855796	-79.639490	401.067388	10.5
31.855796	-95.567388	416.995286	10.5
79.639490	-79.639490	416.995286	10.5
63.711592	-79.639490	401.067388	10.5
63.711592	-95.567388	416.995286	10.5
-79.639490	-47.783694	416.995286	10.5
-79.639490	-63.711592	401.067388	10.5
-95.567388	-47.783694	401.067388	10.5
-95.567388	-63.711592	416.995286	10.5
-47.783694	-47.783694	416.995286	10.5
-47.783694	-63.711592	401.067388	10.5
-63.711592	-47.783694	401.067388	10.5
-63.711592	-63.711592	416.995286	10.5
-15.927898	-47.783694	416.995286	10.5
-15.927898	-63.711592	401.067388	10.5
-31.855796	-47.783694	401.067388	10.5
-31.855796	-63.711592	416.995286	10.5
15.927898	-47.783694	416.995286	10.5
15.927898	-63.711592	401.067388	10.5
0.000000	-47.783694	401.067388	10.5
0.000000	-63.711592	416.995286	10.5
47.783694	-47.783694	416.995286	10.5
47.783694	-63.711592	401.067388	10.5
31.855796	-47.783694	401.067388	10.5
31.855796	-63.711592	416.995286	10.5
79.639490	-47.783694	416.995286	10.5
79.639490	-63.711592	401.067388	10.5
63.711592	-47.783694	401.067388	10.5
63.711592	-63.711592	416.995286	10.5
95.567388	-47.783694	401.067388	10.5
95.567388	-63.711592	416.995286	10.5
-111.495286	-15.927898	416.995286	10.5
-79.639490	-15.927898	416.995286	10.5
-79.639490	-31.855796	401.067388	10.5
-95.567388	-15.927898	401.067388	10.5
-95.567388	-31.855796	416.995286	10.5
-47.783694	-15.927898	416.995286	10.5
-47.783694	-31.855796	401.067388	10.5
-63.711592	-15.927898	401.067388	10.5
-63.711592	-31.855796	416.995286	10.5
-15.927898	-15.927898	416.995286	10.5
-15.927898	-31.855796	401.067388	10.5
-31.855796	-15.927898	401.067388	10.5
-31.855796	-31.855796	416.995286	10.5
15.927898	-15.927898	416.995286	10.5
15.927898	-31.855796	401.067388	10.5
0.000000	-15.927898	401.067388	10.5
0.000000	-31.855796	416.995286	10.5
47.783694	-15.927898	416.995286	10.5
47.783694	-31.855796	401.067388	10.5
31.855796	-15.927898	401.067388	10.5
31.855796	-31.855796	416.995286	10.5
79.639490	-15.927898	416.995286	10.5
79.639490	-31.855796	401.067388	10.5
63.711592	-15.927898	401.067388	10.5
63.711592	-31.855796	416.995286	10.5
111.495286	-15.927898	416.995286	10.5
95.567388	-15.927898	401.067388	10.5
95.567388	-31.855796	416.995286	10.5
-111.495286	15.927898	416.995286	10.5
-111.495286	0.000000	401.067388	10.5
-79.639490	15.927898	416.995286	10.5
-79.639490	0.000000	401.067388	10.5
-95.567388	15.927898	401.067388	10.5
-95.567388	0.000000	416.995286	10.5
-47.783694	15.927898	416.995286	10.5
-47.783694	0.000000	401.067388	10.5
-63.711592	15.927898	401.067388	10.5
-63.711592	0.000000	416.995286	10.5
-15.927898	15.927898	416.995286	10.5
-15.927898	0.000000	401.067388	10.5
-31.855796	15.927898	401.067388	10.5
-31.855796	0.000000	416.995286	10.5
15.927898	15.927898	416.995286	10.5
15.927898	0.000000	401.067388	10.5
0.000000	15.927898	401.067388	10.5
0.000000	0.000000	416.995286	10.5
47.783694	15.927898	416.995286	10.5
47.783694	0.000000	401.067388	10.5
31.855796	15.927898	401.067388	10.5
31.855796	0.000000	416.995286	10.5
79.639490	15.927898	416.995286	10.5
79.639490	0.000000	401.067388	10.5
63.711592	15.927898	401.067388	10.5
63.711592	0.000000	416.995286	10.5
111.495286	15.927898	416.995286	10.5
111.495286	0.000000	401.067388	10.5
95.567388	15.927898	401.067388	10.5
95.567388	0.000000	416.995286	10.5
-79.639490	47.783694	416.995286	10.5
-79.639490	31.855796	401.067388	10.5
-95.567388	47.783694	401.067388	10.5
-95.567388	31.855796	416.995286	10.5
-47.783694	47.783694	416.995286	10.5
-47.783694	31.855796	401.067388	10.5
-63.711592	47.783694	401.067388	10.5
-63.711592	31.855796	416.995286	10.5
-15.927898	47.783694	416.995286	10.5
-15.927898	31.855796	401.067388	10.5
-31.855796	47.783694	401.067388	10.5
-31.855796	31.855796	416.995286	10.5
15.927898	47.783694	416.995286	10.5
15.927898	31.855796	401.067388	10.5
0.000000	47.783694	401.067388	10.5
0.000000	31.855796	416.995286	10.5
47.783694	47.783694	416.995286	10.5
47.783694	31.855796	401.067388	10.5
31.855796	47.783694	401.067388	10.5
31.855796	31.855796	416.995286	10.5
79.639490	47.783694	416.995286	10.5
79.639490	31.855796	401.067388	10.5
63.711592	47.783694	401.067388	10.5
63.711592	31.855796	416.995286	10.5
95.567388	47.783694	401.067388	10.5
95.567388	31.855796	416.995286	10.5
-79.639490	79.639490	416.995286	10.5
-79.639490	63.711592	401.067388	10.5
-95.567388	63.711592	416.995286	10.5
-47.783694	79.639490	416.995286	10.5
-47.783694	63.711592	401.067388	10.5
-63.711592	79.639490	401.067388	10.5
-63.711592	63.711592	416.995286	10.5
-15.927898	79.639490	416.995286	10.5
-15.927898	63.711592	401.067388	10.5
-31.855796	79.639490	401.067388	10.5
-31.855796	63.711592	416.995286	10.5
15.927898	79.639490	416.995286	10.5
15.927898	63.711592	401.067388	10.5
0.000000	79.639490	401.067388	10.5
0.000000	63.711592	416.995286	10.5
47.783694	79.639490	416.995286	10.5
47.783694	63.711592	401.067388	10.5
31.855796	79.639490	401.067388	10.5
31.855796	63.711592	416.995286	10.5
79.639490	79.639490	416.995286	10.5
79.639490	63.711592	401.067388	10.5
63.711592	79.639490	401.067388	10.5
63.711592	63.711592	416.995286	10.5
95.567388	63.711592	416.995286	10.5
-47.783694	95.567388	401.067388	10.5
-63.711592	95.567388	416.995286	10.5
-15.927898	111.495286	416.995286	10.5
-15.927898	95.567388	401.067388	10.5
-31.855796	95.567388	416.995286	10.5
15.927898	111.495286	416.995286	10.5
15.927898	95.567388	401.067388	10.5
0.000000	111.495286	401.067388	10.5
0.000000	95.567388	416.995286	10.5
47.783694	95.567388	401.067388	10.5
31.855796	95.567388	416.995286	10.5
63.711592	95.567388	416.995286	10.5
