1.456500000000000128e+01
1.887059999999999604e+01
1.419510000000000005e+01
1.277458750000000087e+01
1.201698750000000082e+01
1.142383749999999942e+01
1.084118750000000020e+01
1.038076249999999945e+01
1.005443749999999881e+01
9.781447499999998740e+00
9.527650000000001285e+00
9.280297499999999644e+00
9.107295000000000584e+00
8.874962499999998755e+00
8.790012499999999562e+00
8.757564999999999600e+00
8.729535000000000267e+00
8.711491250000001685e+00
8.698592500000000172e+00
8.689073750000000373e+00
8.681648750000000803e+00
8.675828750000000866e+00
8.667918750000000117e+00
8.659729999999999706e+00
8.653938750000000013e+00
8.649644999999999584e+00
8.646198749999999933e+00
8.643448749999999237e+00
8.641182499999999322e+00
8.639318749999999270e+00
8.637668749999999562e+00
8.636263750000001238e+00
8.635019999999999030e+00
8.633915000000000006e+00
8.632541249999999167e+00
8.630969999999999587e+00
8.629660000000001219e+00
8.628565000000000040e+00
8.627737500000000281e+00
8.627273749999998742e+00
8.626697499999998797e+00
8.625927499999999526e+00
8.625243749999999210e+00
8.624652500000001609e+00
8.624081249999999699e+00
8.623711250000001272e+00
8.623480000000000700e+00
8.623246249999999336e+00
8.623011250000001127e+00
8.622860000000001079e+00
8.622790000000000177e+00
8.622719999999999274e+00
8.622650000000000148e+00
8.622579999999999245e+00
8.622510000000000119e+00
8.622439999999999216e+00
8.622370000000001866e+00
8.622299999999997411e+00
8.622230000000000061e+00
8.622159999999999158e+00
8.622090000000000032e+00
8.622019999999999129e+00
8.621950000000000003e+00
8.621878750000002256e+00
8.621752499999999486e+00
8.621579999999999799e+00
8.621401249999999905e+00
8.621226249999999425e+00
8.621008749999999665e+00
8.620749999999999247e+00
8.620488750000001588e+00
8.620227499999998599e+00
8.619967500000001337e+00
8.619656249999998465e+00
8.619283749999999245e+00
8.618911250000000024e+00
8.618588749999998910e+00
8.618298749999999231e+00
8.618058749999999435e+00
8.617806250000001000e+00
8.617535000000000167e+00
8.617301250000000579e+00
8.617082499999998646e+00
8.616861250000001249e+00
8.616617500000000263e+00
8.616357499999999447e+00
8.616108750000000427e+00
8.615893750000001461e+00
8.615700000000002134e+00
8.615579999999999572e+00
8.615499999999999048e+00
8.615357500000001778e+00
8.614932500000000104e+00
8.614409999999999457e+00
8.614015000000000200e+00
8.613244999999999152e+00
8.612532500000000368e+00
8.612112500000000281e+00
8.611494999999999678e+00
8.610970000000000013e+00
8.610678749999999937e+00
8.610429999999999140e+00
8.610107499999999803e+00
8.609899999999997888e+00
8.609306249999999494e+00
8.608284999999998632e+00
8.607332500000000053e+00
8.606175000000000352e+00
8.605251249999998464e+00
8.604594999999999771e+00
8.603737500000001148e+00
8.603051249999998262e+00
8.602447499999998470e+00
8.601723750000001445e+00
8.600889999999999702e+00
8.599771249999999867e+00
8.598888750000000414e+00
8.598257499999998998e+00
8.597448750000001638e+00
8.596289999999999765e+00
8.594616249999999624e+00
8.592484999999999928e+00
8.590379999999999683e+00
8.588778749999999462e+00
8.588047500000000056e+00
8.587223749999999711e+00
8.586382499999999141e+00
8.585801250000001161e+00
8.585068749999999582e+00
8.584208750000000165e+00
8.583050000000000068e+00
8.582206250000000480e+00
8.581521249999999768e+00
8.580751250000000496e+00
8.579571250000000759e+00
8.578350000000000364e+00
8.577199999999999491e+00
8.575983750000000683e+00
8.574690000000000367e+00
8.573801250000000707e+00
8.572851250000001144e+00
8.571712500000000290e+00
8.570594999999999075e+00
8.567753749999997837e+00
8.564651250000000715e+00
8.562224999999999753e+00
8.559590000000000032e+00
8.556763750000000002e+00
8.553360000000001406e+00
8.550128750000000721e+00
8.547768749999999471e+00
8.543776250000000516e+00
8.536673749999998506e+00
8.529406249999999190e+00
8.523554999999998216e+00
8.519156249999999986e+00
8.516356250000001182e+00
8.491988750000000863e+00
8.463162499999999255e+00
8.454890000000000683e+00
8.448206250000000139e+00
8.436135000000001938e+00
8.408182499999998782e+00
8.383776250000000374e+00
8.296812499999999702e+00
8.163517499999999316e+00
8.117547500000000582e+00
8.030793750000000841e+00
7.879123749999999760e+00
7.705861249999999885e+00
7.567232500000000250e+00
7.452062500000000256e+00
6.880367499999999303e+00
3.112429999999999808e+01
8.146570000000000533e+00
7.392302500000000443e+00
7.022103749999999422e+00
6.759483750000000235e+00
1.120861250000000098e+01
1.447037500000000065e+01
7.720367500000000049e+00
9.787078749999999161e+00
6.968493750000000375e+00
1.691246250000000018e+01
7.316530000000000200e+00
1.339682500000000154e+01
9.711363750000002071e+00
8.147755000000000081e+00
9.700240000000000862e+00
1.345931249999999935e+01
1.155337500000000084e+01
1.354384999999999906e+01
6.691286249999999214e+00
1.224455000000000027e+01
9.192361249999997597e+00
9.260353750000000161e+00
9.363537500000001401e+00
9.281204999999999927e+00
9.103271249999998815e+00
8.939273749999999907e+00
8.818236249999999998e+00
8.755461249999999751e+00
8.679014999999999702e+00
8.586688750000000425e+00
8.425743750000000531e+00
8.260244999999999393e+00
8.148710000000001230e+00
7.924362500000000864e+00
7.748583750000000769e+00
7.570797499999999403e+00
7.254911250000000145e+00
7.027768749999999010e+00
6.919095000000000439e+00
6.844492500000000312e+00
6.758351250000000476e+00
6.544761250000000530e+00
6.251805000000000057e+00
5.966856250000000195e+00
5.739391249999999722e+00
5.590747499999999981e+00
5.482402500000000067e+00
5.394677500000001125e+00
5.241367499999999957e+00
4.910018749999999876e+00
4.539122499999999505e+00
4.372853749999999984e+00
4.267831249999999521e+00
4.034702499999999858e+00
3.913308750000000114e+00
3.976762499999999978e+00
4.146595000000000475e+00
4.201697499999999863e+00
4.100600000000000023e+00
9.740324999999999678e-01
9.610037500000000454e-01
9.401662499999999811e-01
4.474175000000000235e-01
4.317050000000000054e-01
