1.417317500000000052e+01
1.840403750000000116e+01
1.387635000000000041e+01
1.250607500000000094e+01
1.177728749999999991e+01
1.120818749999999930e+01
1.065115000000000123e+01
1.021279999999999966e+01
9.903768750000001120e+00
9.646744999999999237e+00
9.409383750000001712e+00
9.180562500000000625e+00
9.022498749999998680e+00
8.815653749999999178e+00
8.742239999999998901e+00
8.715091250000000400e+00
8.692091250000000713e+00
8.677603749999999394e+00
8.667439999999999145e+00
8.660068750000000648e+00
8.654405000000000570e+00
8.650032500000000013e+00
8.644194999999999851e+00
8.638289999999999580e+00
8.634221249999999515e+00
8.631273750000000078e+00
8.628957500000000280e+00
8.627147499999999525e+00
8.625680000000000902e+00
8.624488750000001147e+00
8.623450000000000060e+00
8.622579999999999245e+00
8.621819999999999595e+00
8.621150000000000091e+00
8.620333749999998574e+00
8.619412500000001032e+00
8.618660000000000210e+00
8.618040000000000589e+00
8.617575000000000429e+00
8.617314999999999614e+00
8.616998750000002261e+00
8.616577500000000001e+00
8.616205000000000780e+00
8.615890000000000271e+00
8.615584999999999383e+00
8.615389999999999660e+00
8.615270000000000650e+00
8.615139999999998466e+00
8.615019999999999456e+00
8.614940000000002485e+00
8.614900000000000446e+00
8.614869999999998029e+00
8.614829999999999544e+00
8.614789999999999281e+00
8.614760000000002194e+00
8.614720000000000155e+00
8.614679999999999893e+00
8.614649999999999253e+00
8.614610000000000767e+00
8.614570000000000505e+00
8.614538749999999467e+00
8.614499999999999602e+00
8.614459999999999340e+00
8.614426250000001062e+00
8.614359999999999573e+00
8.614269999999999428e+00
8.614179999999999282e+00
8.614082500000000309e+00
8.613970000000000127e+00
8.613833750000001288e+00
8.613699999999999690e+00
8.613559999999999661e+00
8.613419999999999632e+00
8.613257499999999567e+00
8.613060000000002603e+00
8.612861249999998137e+00
8.612690000000000623e+00
8.612529999999999575e+00
8.612399999999999167e+00
8.612259999999999138e+00
8.612104999999999677e+00
8.611971249999999856e+00
8.611848750000001829e+00
8.611720000000000041e+00
8.611580000000001789e+00
8.611431249999998983e+00
8.611289999999998557e+00
8.611159999999999926e+00
8.611040000000000916e+00
8.610960000000000392e+00
8.610917500000001112e+00
8.610829999999999984e+00
8.610562500000000341e+00
8.610229999999999606e+00
8.609967500000001550e+00
8.609441249999999712e+00
8.608938750000001860e+00
8.608627499999998989e+00
8.608159999999999812e+00
8.607763750000000158e+00
8.607538749999999794e+00
8.607338750000000260e+00
8.607079999999998066e+00
8.606909999999999172e+00
8.606430000000001357e+00
8.605581250000000182e+00
8.604765000000000441e+00
8.603753749999999201e+00
8.602930000000000632e+00
8.602344999999999686e+00
8.601567500000001587e+00
8.600939999999999586e+00
8.600387500000001850e+00
8.599721249999998207e+00
8.598939999999998918e+00
8.597896249999999796e+00
8.597063750000000226e+00
8.596468749999999659e+00
8.595700000000000784e+00
8.594588749999999777e+00
8.592986250000000936e+00
8.590943750000000989e+00
8.588905000000000456e+00
8.587351249999999325e+00
8.586638749999998765e+00
8.585836249999999836e+00
8.585022500000000889e+00
8.584453749999999772e+00
8.583742500000001385e+00
8.582902499999999435e+00
8.581765000000000754e+00
8.580938750000001392e+00
8.580268750000000111e+00
8.579515000000000668e+00
8.578358749999999588e+00
8.577156249999999815e+00
8.576026249999999962e+00
8.574827500000001379e+00
8.573555000000000703e+00
8.572680000000000078e+00
8.571746250000000344e+00
8.570618750000001285e+00
8.569514999999999105e+00
8.566712500000001285e+00
8.563643750000000665e+00
8.561243750000000929e+00
8.558633750000000262e+00
8.555830000000000268e+00
8.552457500000000934e+00
8.549248750000000285e+00
8.546905000000000641e+00
8.542941250000000153e+00
8.535879999999998802e+00
8.528651249999999351e+00
8.522825000000000983e+00
8.518444999999999823e+00
8.515656250000001037e+00
8.491369999999999862e+00
8.462616250000001727e+00
8.454359999999999431e+00
8.447689999999999699e+00
8.435637500000000344e+00
8.407726249999999624e+00
8.383350000000000080e+00
8.296457500000000707e+00
8.163237499999999258e+00
8.117286249999999370e+00
8.030553749999999269e+00
7.878913750000000604e+00
7.705657500000000049e+00
7.567017499999998620e+00
7.451806249999999743e+00
6.878443750000000634e+00
2.938021249999999895e+01
8.144173749999998435e+00
7.392075000000000173e+00
7.021972500000000394e+00
6.759352500000000319e+00
1.103832499999999861e+01
1.440651249999999806e+01
7.720183750000000344e+00
9.718121250000001154e+00
6.917896250000000080e+00
1.685892499999999927e+01
7.302752500000000424e+00
1.337281250000000021e+01
9.694627499999999287e+00
8.138450000000000628e+00
9.684717500000001422e+00
1.344394999999999918e+01
1.154105000000000025e+01
1.352987499999999699e+01
6.689680000000000071e+00
1.222535000000000061e+01
9.173684999999998979e+00
9.242146249999999341e+00
9.345471249999999230e+00
9.263512500000000927e+00
9.086532500000000567e+00
8.923034999999998718e+00
8.802335000000001131e+00
8.739723749999999569e+00
8.663473749999999640e+00
8.571360000000000312e+00
8.410565000000000069e+00
8.245115000000000194e+00
8.133616249999999326e+00
7.909327499999999844e+00
7.733593749999998934e+00
7.555850000000000399e+00
7.240023750000000646e+00
7.012911250000000152e+00
6.904246249999999918e+00
6.829648749999999602e+00
6.743407499999999111e+00
6.329737499999999351e+00
5.758255000000000123e+00
5.309387499999999704e+00
4.951054999999999318e+00
4.732779999999999987e+00
4.579821250000000177e+00
4.449386250000000764e+00
4.221305000000000085e+00
3.683493749999999789e+00
3.011746249999999847e+00
2.676902500000000185e+00
2.478968750000000387e+00
2.186892499999999906e+00
2.124598750000000091e+00
2.234992499999999715e+00
2.399873750000000250e+00
2.481342499999999784e+00
2.410126250000000248e+00
5.494125000000000814e-01
5.345237499999999642e-01
5.120637500000000397e-01
2.306074999999999930e-01
2.146312499999999956e-01
