3.918311250000000578e-01
4.665637500000000548e-01
3.187210000000000321e-01
2.684872500000000106e-01
2.397039999999999726e-01
2.156349999999999933e-01
1.900406250000000186e-01
1.679517499999999830e-01
1.506707499999999922e-01
1.347015000000000018e-01
1.182657499999999889e-01
9.973311249999999850e-02
8.479700000000001125e-02
5.930708749999999418e-02
4.777200000000000196e-02
4.247334999999999999e-02
3.744266250000000129e-02
3.388766249999999869e-02
3.115088749999999837e-02
2.900393750000000020e-02
2.724443749999999609e-02
2.579577499999999995e-02
2.372490000000000016e-02
2.144131250000000030e-02
1.971912500000000054e-02
1.837075000000000166e-02
1.724147499999999916e-02
1.630327499999999902e-02
1.550598750000000033e-02
1.482971249999999810e-02
1.421787500000000135e-02
1.368246249999999914e-02
1.319893750000000060e-02
1.276155000000000171e-02
1.220782500000000027e-02
1.155663750000000128e-02
1.100092499999999821e-02
1.052414999999999948e-02
1.016408749999999847e-02
9.958367500000000691e-03
9.697553750000000722e-03
9.350526250000001233e-03
9.037066250000001452e-03
8.763418749999999854e-03
8.496661249999998972e-03
8.323192499999999827e-03
8.212242499999999543e-03
8.102326249999999841e-03
7.992368750000001035e-03
7.920401250000000393e-03
7.886663749999999959e-03
7.853526250000001166e-03
7.819899999999999421e-03
7.786287499999999979e-03
7.752902500000000488e-03
7.719320000000000001e-03
7.685723749999999813e-03
7.652444999999999040e-03
7.618847499999999509e-03
7.585536250000000230e-03
7.552037500000000764e-03
7.518548749999999503e-03
7.484967500000000960e-03
7.451546250000000600e-03
7.392738749999998998e-03
7.309197499999999653e-03
7.225574999999999706e-03
7.141668749999999927e-03
7.037838750000000726e-03
6.915495000000000669e-03
6.792250000000001411e-03
6.667657500000000181e-03
6.544181250000000345e-03
6.396642499999999863e-03
6.222779999999999805e-03
6.048413750000000352e-03
5.898451249999999736e-03
5.766445000000000251e-03
5.656586249999999774e-03
5.545873750000000248e-03
5.429800000000001119e-03
5.329384999999999852e-03
5.235981249999999664e-03
5.141100000000000877e-03
5.035868750000000241e-03
4.924982500000000228e-03
4.818562499999999929e-03
4.732501249999999937e-03
4.659570000000000031e-03
4.612762500000000022e-03
4.583424999999999479e-03
4.529403750000000027e-03
4.368762499999999729e-03
4.179291249999999777e-03
4.049296249999999840e-03
3.803523749999999665e-03
3.594411249999999915e-03
3.484102499999999943e-03
3.333617499999999827e-03
3.205873750000000182e-03
3.140808750000000180e-03
3.091218750000000216e-03
3.027368749999999938e-03
2.986002500000000358e-03
2.874671249999999952e-03
2.705147500000000364e-03
2.566103750000000173e-03
2.423981249999999400e-03
2.320717500000000089e-03
2.248927500000000128e-03
2.170946249999999855e-03
2.111838750000000035e-03
2.060032500000000006e-03
2.006208750000000249e-03
1.948640000000000181e-03
1.875283749999999980e-03
1.824516249999999853e-03
1.788896249999999974e-03
1.748751250000000080e-03
1.701017500000000151e-03
1.632288750000000224e-03
1.544736249999999981e-03
1.471816250000000008e-03
1.427533749999999966e-03
1.407317499999999897e-03
1.384521249999999971e-03
1.361330000000000005e-03
1.345194999999999984e-03
1.325885000000000171e-03
1.307972500000000081e-03
1.284542500000000016e-03
1.267473749999999903e-03
1.253624999999999965e-03
1.238038749999999938e-03
1.214159999999999935e-03
1.192044999999999867e-03
1.174000000000000130e-03
1.154929999999999976e-03
1.134634999999999940e-03
1.120717499999999978e-03
1.106242500000000073e-03
1.092019999999999970e-03
1.078791250000000037e-03
1.045131250000000010e-03
1.008369999999999969e-03
9.814518749999999112e-04
9.574494999999999274e-04
9.324538749999999442e-04
9.025405000000000233e-04
8.783288750000000245e-04
8.619186250000000337e-04
8.345747499999999668e-04
7.924217499999998979e-04
7.554170000000000893e-04
7.298412499999999302e-04
7.106077500000000744e-04
6.983677500000000154e-04
6.197945000000000711e-04
5.462611249999999681e-04
5.293803749999999959e-04
5.174006249999999960e-04
4.968740000000000136e-04
4.556733750000000458e-04
4.268478750000000285e-04
3.535681250000000022e-04
2.793364999999999911e-04
2.620965000000000274e-04
2.377061250000000060e-04
2.103644999999999745e-04
2.040280000000000056e-04
2.155198750000000081e-04
2.576076249999999712e-04
1.924137499999999980e-03
1.744100000000000206e+00
2.396801249999999921e-03
2.288459999999999973e-04
1.308606250000000004e-04
1.329372499999999951e-04
1.702886250000000268e-01
6.385445000000000704e-02
1.840728749999999956e-04
6.895362499999999062e-02
5.059837500000000099e-02
5.355062499999999753e-02
1.377607499999999874e-02
2.400112500000000162e-02
1.673965000000000175e-02
9.305881250000000091e-03
1.551939999999999917e-02
1.536038750000000286e-02
1.230205000000000014e-02
1.395916250000000039e-02
1.604812500000000119e-03
1.922674999999999731e-02
1.867628749999999949e-02
1.820597499999999924e-02
1.806529999999999941e-02
1.769262500000000349e-02
1.673801249999999630e-02
1.623925000000000368e-02
1.590363750000000145e-02
1.573753749999999910e-02
1.554208749999999931e-02
1.532703749999999969e-02
1.517851250000000138e-02
1.512721249999999726e-02
1.509473750000000190e-02
1.503386249999999827e-02
1.498890000000000118e-02
1.494842500000000129e-02
1.488548750000000080e-02
1.485724999999999893e-02
1.484836249999999837e-02
1.484243749999999973e-02
1.494358750000000270e-02
1.189778749999999968e-02
9.161447499999999383e-03
8.971743749999998643e-03
8.833163749999999384e-03
8.928392500000000009e-03
9.128483750000001076e-03
9.283551249999999130e-03
9.462643750000001089e-03
7.874558750000001592e-03
7.362801250000000283e-03
7.067753750000000008e-03
7.447209999999999247e-03
6.296832499999998473e-03
4.027073750000000410e-03
2.603488750000000195e-03
9.775895000000000157e-04
3.966885000000000289e-04
7.246830000000000545e-04
2.560750000000000309e-04
2.502970000000000195e-04
2.403013749999999944e-04
1.138626249999999981e-04
1.135547500000000024e-04
