6.161924999999999955e+02
7.364963750000000573e+02
5.053416249999999650e+02
4.269983750000000668e+02
3.821614999999999895e+02
3.447001249999999573e+02
3.048991249999999695e+02
2.705777499999999804e+02
2.436500000000000057e+02
2.189646249999999839e+02
1.934602500000000305e+02
1.647253750000000139e+02
1.416274999999999977e+02
1.021683749999999975e+02
8.429228750000000048e+01
7.613577500000000953e+01
6.835111249999998506e+01
6.283562500000000028e+01
5.861148750000000973e+01
5.529716250000000599e+01
5.259266250000000298e+01
5.035128749999999798e+01
4.714906249999999943e+01
4.361867499999999609e+01
4.095645000000000380e+01
3.887607500000000016e+01
3.713026250000000772e+01
3.568005000000000138e+01
3.444551249999999953e+01
3.338237500000000324e+01
3.244689999999999941e+01
3.162203750000000113e+01
3.089713749999999948e+01
3.022441249999999968e+01
2.934753750000000139e+01
2.834629999999999939e+01
2.747480000000000189e+01
2.670904999999999774e+01
2.616458749999999611e+01
2.587365000000000137e+01
2.546997499999999803e+01
2.493287500000000279e+01
2.443193750000000009e+01
2.400462499999999721e+01
2.361453750000000085e+01
2.335113749999999655e+01
2.318087500000000034e+01
2.301214999999999833e+01
2.284337500000000176e+01
2.273274999999999579e+01
2.268062499999999915e+01
2.262941250000000082e+01
2.257746249999999577e+01
2.252553749999999866e+01
2.247395000000000209e+01
2.242204999999999870e+01
2.237017499999999970e+01
2.231873750000000101e+01
2.226681250000000034e+01
2.221536249999999768e+01
2.216362499999999969e+01
2.211186250000000442e+01
2.205998749999999831e+01
2.200832500000000280e+01
2.191747499999999960e+01
2.178839999999999932e+01
2.165921249999999887e+01
2.152956250000000438e+01
2.136913750000000078e+01
2.118012500000000031e+01
2.098969999999999914e+01
2.079721250000000410e+01
2.060643749999999841e+01
2.037882499999999908e+01
2.011090000000000089e+01
1.984218750000000142e+01
1.961054999999999993e+01
1.940643749999999912e+01
1.923657499999999843e+01
1.904893750000000097e+01
1.884014999999999773e+01
1.866388749999999774e+01
1.851959999999999695e+01
1.837579999999999814e+01
1.822451249999999945e+01
1.808755000000000024e+01
1.795661249999999853e+01
1.782008749999999964e+01
1.768443750000000136e+01
1.759737499999999955e+01
1.755024999999999835e+01
1.747193750000000279e+01
1.723908750000000012e+01
1.695287499999999881e+01
3.317271250000000293e+01
2.294499999999999886e+02
2.239616250000000264e+02
2.174263750000000073e+02
2.082055000000000007e+02
2.008894999999999982e+02
1.973143750000000125e+02
1.941051250000000152e+02
1.899734999999999729e+02
1.874994999999999834e+02
1.812232500000000357e+02
1.711334999999999980e+02
1.628611250000000155e+02
1.545079999999999814e+02
1.483886250000000189e+02
1.441331250000000068e+02
1.395007500000000107e+02
1.359871250000000202e+02
1.329072500000000048e+02
1.297131250000000193e+02
1.263008750000000049e+02
1.219498749999999916e+02
1.189318750000000051e+02
1.168137499999999989e+02
1.142928750000000093e+02
1.110113750000000010e+02
1.067420000000000044e+02
1.021258749999999935e+02
9.801252500000001078e+01
9.508606250000001125e+01
9.396631250000000080e+01
9.270373750000000257e+01
9.141938749999998493e+01
9.052571249999999736e+01
8.944032500000000141e+01
8.834284999999999854e+01
8.689156249999999204e+01
8.583411250000000337e+01
8.497633749999999964e+01
8.407272500000000548e+01
8.283788749999999368e+01
8.156567499999999882e+01
8.036468749999998806e+01
7.923214999999999009e+01
7.808514999999999873e+01
7.729848750000000734e+01
7.647592500000000371e+01
7.563185000000000002e+01
7.483705000000000496e+01
7.281476250000000050e+01
7.063661249999999825e+01
6.924602500000000305e+01
6.776631249999999795e+01
6.621566250000000764e+01
6.460720000000000596e+01
6.313087500000000318e+01
6.211254999999999882e+01
6.061623749999999688e+01
5.816141249999999729e+01
5.605207500000000209e+01
5.457827500000000498e+01
5.346996250000000117e+01
5.276463749999999919e+01
4.824668750000000017e+01
4.404442500000000393e+01
4.307723750000000251e+01
4.237807500000000260e+01
4.121051250000000010e+01
3.893189999999999884e+01
3.721048749999999927e+01
3.321424999999999983e+01
2.898813750000000056e+01
2.796584999999999610e+01
2.644929999999999737e+01
2.445925000000000082e+01
2.291907499999999942e+01
2.197869999999999635e+01
2.147887499999999861e+01
2.056920000000000215e+01
2.002474999999999739e+01
1.965028749999999746e+01
1.898182500000000061e+01
1.823627499999999912e+01
1.776513750000000158e+01
1.697886249999999819e+01
1.595106250000000081e+01
1.544154999999999944e+01
1.498150000000000048e+01
1.455010000000000048e+01
1.433070000000000022e+01
1.381927499999999931e+01
1.346272500000000072e+01
1.327471249999999969e+01
1.321501250000000205e+01
1.314686249999999923e+01
1.300852500000000056e+01
1.285887500000000117e+01
1.284699999999999953e+01
1.282158750000000147e+01
1.274112500000000026e+01
1.243041250000000097e+01
1.223127500000000012e+01
1.195903750000000088e+01
1.148385000000000034e+01
1.093806250000000091e+01
1.047501249999999828e+01
1.019257499999999972e+01
1.003743749999999935e+01
9.898138749999999320e+00
9.758568750000000236e+00
9.554792500000001354e+00
9.371233750000000029e+00
9.261068749999999739e+00
9.049590000000000245e+00
8.886989999999999057e+00
8.733444999999999681e+00
8.483868750000000958e+00
8.306236249999999544e+00
8.221351249999999666e+00
8.163077499999999986e+00
8.100352500000001399e+00
7.959039999999999004e+00
7.760062499999999197e+00
7.572740000000000471e+00
7.442426250000000465e+00
7.350613750000000834e+00
7.278066250000000181e+00
7.220786250000000628e+00
7.133101250000000171e+00
6.952745000000000175e+00
6.748676249999999932e+00
6.695257499999999418e+00
6.720045000000000712e+00
6.904808749999999051e+00
7.073386249999999542e+00
7.055683750000000032e+00
6.711499999999999133e+00
6.221502499999999714e+00
5.780274999999999608e+00
1.384222499999999911e+00
1.381357500000000016e+00
1.385413750000000110e+00
6.931762500000000493e-01
6.931762500000000493e-01
