6.049812499999999318e+02
7.203708750000000691e+02
4.921013750000000186e+02
4.145384999999999991e+02
3.700957500000000095e+02
3.329313750000000027e+02
2.934125000000000227e+02
2.593077500000000555e+02
2.325308750000000089e+02
2.079689999999999941e+02
1.825784999999999911e+02
1.539532500000000255e+02
1.309311250000000086e+02
9.157117500000001087e+01
7.373007499999999936e+01
6.558646249999999611e+01
5.781283750000000055e+01
5.230428750000000093e+01
4.808500000000000085e+01
4.477421249999999731e+01
4.207241250000000576e+01
3.983315000000000339e+01
3.663371250000000146e+01
3.310611250000000183e+01
3.044582499999999570e+01
2.836685000000000301e+01
2.662216250000000173e+01
2.517280000000000229e+01
2.393897499999999567e+01
2.287637500000000301e+01
2.194138749999999760e+01
2.111693750000000236e+01
2.039241250000000250e+01
1.971991249999999951e+01
1.884346250000000111e+01
1.784262499999999818e+01
1.697149999999999892e+01
1.620603750000000076e+01
1.566176250000000003e+01
1.537095000000000233e+01
1.496741250000000178e+01
1.443047499999999950e+01
1.392968749999999822e+01
1.350252499999999856e+01
1.311257499999999965e+01
1.284927500000000045e+01
1.267901250000000246e+01
1.251035000000000075e+01
1.234163749999999915e+01
1.223102500000000070e+01
1.217892500000000133e+01
1.212773750000000206e+01
1.207581250000000139e+01
1.202387500000000031e+01
1.197231249999999925e+01
1.192045000000000066e+01
1.186856250000000124e+01
1.181713750000000118e+01
1.176524999999999999e+01
1.171380000000000088e+01
1.166203750000000205e+01
1.161032499999999956e+01
1.155843749999999837e+01
1.150682499999999919e+01
1.141598749999999995e+01
1.128695000000000093e+01
1.115776250000000047e+01
1.102818749999999959e+01
1.086780000000000079e+01
1.067882499999999979e+01
1.048843750000000163e+01
1.029598749999999896e+01
1.010524999999999984e+01
9.877701249999999433e+00
9.609840000000000160e+00
9.341180000000001371e+00
9.109615000000001572e+00
8.905540000000000234e+00
8.735692500000000749e+00
8.548096250000000396e+00
8.339368750000000219e+00
8.163127499999999870e+00
8.018856249999998909e+00
7.875088749999999749e+00
7.723837500000000134e+00
7.586881249999999355e+00
7.455958750000000634e+00
7.319484999999999353e+00
7.183855000000000324e+00
7.096810000000000507e+00
7.049682500000000296e+00
6.971391249999999928e+00
6.738566249999999869e+00
6.452385000000000481e+00
2.138378750000000039e+01
2.022620000000000005e+02
1.972168750000000159e+02
1.912123749999999802e+02
1.827483750000000100e+02
1.760282499999999857e+02
1.727368749999999977e+02
1.697827499999999930e+02
1.659789999999999850e+02
1.637029999999999745e+02
1.579372500000000059e+02
1.486702499999999816e+02
1.410793749999999989e+02
1.333884999999999934e+02
1.277348750000000024e+02
1.238046250000000157e+02
1.195365000000000038e+02
1.163022500000000008e+02
1.134672499999999786e+02
1.105338750000000090e+02
1.074046249999999958e+02
1.034170000000000016e+02
1.006558750000000089e+02
9.871868750000000148e+01
9.640203750000000582e+01
9.336423750000000155e+01
8.941632499999998629e+01
8.515778749999999775e+01
8.136963749999999607e+01
7.867790000000000816e+01
7.765128749999999513e+01
7.649372500000001196e+01
7.531616250000000434e+01
7.449683749999999804e+01
7.350216250000001139e+01
7.249897500000000150e+01
7.117283749999999998e+01
7.020656250000000398e+01
6.942276249999999038e+01
6.859436250000000257e+01
6.745539999999999736e+01
6.628137499999999704e+01
6.517308749999999407e+01
6.412981249999998568e+01
6.307411249999999825e+01
6.235003749999999911e+01
6.159329999999999927e+01
6.081948750000000103e+01
6.009151250000000033e+01
5.823928749999999610e+01
5.624291250000000275e+01
5.495353750000000304e+01
5.357956249999999443e+01
5.214022500000000093e+01
5.065096250000000566e+01
4.928501250000000056e+01
4.834406249999999972e+01
4.696602499999999480e+01
4.470878749999999968e+01
4.276582500000000664e+01
4.140094999999999459e+01
4.037454999999999927e+01
3.972135000000000105e+01
3.556298749999999842e+01
3.171722499999999911e+01
3.083263749999999703e+01
3.018213749999999962e+01
2.908854999999999791e+01
2.696092499999999959e+01
2.535829999999999984e+01
2.162921249999999773e+01
1.771216250000000159e+01
1.677295000000000158e+01
1.538198750000000103e+01
1.352923750000000069e+01
1.203170000000000073e+01
1.111744999999999983e+01
1.063312499999999972e+01
9.753294999999999604e+00
9.228171250000000825e+00
8.867316250000000011e+00
8.223568750000000094e+00
7.509805000000000064e+00
7.060897499999999383e+00
6.302893749999999073e+00
5.245456250000000153e+00
4.702321249999999786e+00
4.188641249999999872e+00
3.664895000000000014e+00
3.332073749999999723e+00
2.705816250000000256e+00
2.278891250000000035e+00
1.980037500000000117e+00
1.889554999999999652e+00
1.840692500000000065e+00
1.677357499999999835e+00
1.557667500000000205e+00
1.517027499999999973e+00
1.500000000000000000e+00
1.474609999999999976e+00
1.312599999999999989e+00
1.195158749999999825e+00
1.047043750000000051e+00
8.387640000000000651e-01
6.592037499999999772e-01
5.408351249999999721e-01
4.769088750000000099e-01
4.512476249999999300e-01
4.236781250000000165e-01
3.942913749999999995e-01
3.604557500000000192e-01
3.344044999999999934e-01
3.188061249999999958e-01
2.921630000000000060e-01
2.727343749999999734e-01
2.547897499999999815e-01
2.266413750000000060e-01
2.080411249999999934e-01
1.995592499999999936e-01
1.937364999999999782e-01
1.880087499999999745e-01
1.768616250000000223e-01
1.577069999999999861e-01
1.374191250000000031e-01
1.241471249999999971e-01
1.152002500000000040e-01
1.083798750000000005e-01
1.030427500000000024e-01
9.528520000000001433e-02
7.815911250000000254e-02
5.886032500000000500e-02
5.149873749999999556e-02
4.059319999999999595e-02
2.429668749999999711e-02
2.000000000000000042e-02
1.523057499999999967e-02
5.986426250000000289e-03
1.000000000000000082e-05
1.000000000000000082e-05
2.500000000000000205e-06
2.500000000000000205e-06
2.500000000000000205e-06
1.250000000000000102e-06
1.250000000000000102e-06
