1.121002499999999991e+01
1.612551249999999925e+01
1.324036249999999804e+01
1.246004999999999896e+01
1.206576249999999817e+01
1.176868750000000041e+01
1.148676249999999932e+01
1.127006250000000165e+01
1.111911250000000173e+01
1.099579999999999913e+01
1.088178749999999795e+01
1.077208749999999959e+01
1.069651249999999898e+01
1.059746249999999890e+01
1.056223750000000017e+01
1.054932500000000140e+01
1.053828749999999914e+01
1.053129999999999988e+01
1.052650000000000041e+01
1.052297499999999886e+01
1.052028750000000024e+01
1.051820000000000022e+01
1.051539999999999964e+01
1.051253750000000053e+01
1.051059999999999839e+01
1.050919999999999987e+01
1.050810000000000066e+01
1.050727499999999992e+01
1.050660000000000061e+01
1.050600000000000023e+01
1.050549999999999962e+01
1.050510000000000055e+01
1.050480000000000125e+01
1.050450000000000017e+01
1.050409999999999933e+01
1.050360000000000049e+01
1.050329999999999764e+01
1.050300000000000011e+01
1.050280000000000058e+01
1.050270000000000259e+01
1.050259999999999927e+01
1.050239999999999974e+01
1.050220000000000020e+01
1.050210000000000043e+01
1.050200000000000067e+01
1.050189999999999912e+01
1.050180000000000113e+01
1.050180000000000113e+01
1.050169999999999959e+01
1.050169999999999959e+01
1.050169999999999959e+01
1.050169999999999959e+01
1.050169999999999959e+01
1.050169999999999959e+01
1.050159999999999805e+01
1.050159999999999805e+01
1.050159999999999805e+01
1.050159999999999805e+01
1.050159999999999805e+01
1.050159999999999805e+01
1.050159999999999805e+01
1.050150000000000006e+01
1.050150000000000006e+01
1.050150000000000006e+01
1.050150000000000006e+01
1.050150000000000006e+01
1.050140000000000207e+01
1.050140000000000207e+01
1.050130000000000052e+01
1.050130000000000052e+01
1.050130000000000052e+01
1.050119999999999898e+01
1.050119999999999898e+01
1.050109999999999921e+01
1.050109999999999921e+01
1.050099999999999945e+01
1.050089999999999968e+01
1.050089999999999968e+01
1.050089999999999968e+01
1.050079999999999991e+01
1.050079999999999991e+01
1.050079999999999991e+01
1.050070000000000014e+01
1.050070000000000014e+01
1.050070000000000014e+01
1.050070000000000014e+01
1.050060000000000038e+01
1.050060000000000038e+01
1.050060000000000038e+01
1.050060000000000038e+01
1.050060000000000038e+01
1.050060000000000038e+01
1.050050000000000061e+01
1.050050000000000061e+01
1.178891250000000035e+01
2.718787500000000179e+01
2.674457500000000465e+01
2.621406250000000071e+01
2.545707499999999968e+01
2.486131250000000037e+01
2.457741249999999766e+01
2.432256250000000009e+01
2.399446249999999736e+01
2.379637500000000117e+01
2.328595000000000326e+01
2.246334999999999482e+01
2.178157499999999658e+01
2.111957500000000110e+01
2.065378750000000352e+01
2.032866250000000008e+01
1.996422499999999900e+01
1.968483750000000043e+01
1.943988750000000465e+01
1.917924999999999613e+01
1.889626249999999885e+01
1.853298750000000084e+01
1.827594999999999814e+01
1.809499999999999886e+01
1.789080000000000226e+01
1.764730000000000132e+01
1.732563749999999914e+01
1.696822500000000034e+01
1.664287500000000009e+01
1.640813749999999871e+01
1.631501250000000169e+01
1.621001250000000127e+01
1.610320000000000107e+01
1.602888750000000329e+01
1.593816249999999890e+01
1.584383750000000113e+01
1.571871250000000053e+01
1.562754999999999939e+01
1.555357500000000215e+01
1.547833750000000030e+01
1.538248749999999987e+01
1.528428750000000136e+01
1.519159999999999933e+01
1.510232500000000044e+01
1.501103750000000048e+01
1.494842500000000030e+01
1.488262500000000088e+01
1.481237499999999940e+01
1.474556250000000013e+01
1.457548749999999949e+01
1.439369999999999905e+01
1.429246249999999918e+01
1.418676249999999861e+01
1.407546250000000043e+01
1.395625000000000071e+01
1.384585000000000043e+01
1.376851249999999993e+01
1.365017499999999906e+01
1.345263749999999803e+01
1.328627499999999984e+01
1.317732499999999796e+01
1.309541250000000012e+01
1.304326249999999909e+01
1.268371249999999861e+01
1.232718749999999908e+01
1.224461250000000057e+01
1.219594999999999807e+01
1.212196250000000042e+01
1.197097499999999926e+01
1.185218750000000121e+01
1.158502500000000168e+01
1.127597500000000075e+01
1.119292499999999890e+01
1.106729999999999947e+01
1.092999999999999972e+01
1.088736249999999828e+01
1.086123749999999966e+01
1.084573749999999848e+01
1.081589999999999918e+01
1.079659999999999975e+01
1.078294999999999959e+01
1.075826250000000073e+01
1.072646250000000023e+01
1.070427499999999910e+01
1.067597499999999933e+01
1.070561249999999909e+01
1.073922500000000113e+01
1.079286250000000003e+01
1.088520000000000110e+01
1.099862500000000054e+01
1.111348750000000152e+01
1.102076250000000002e+01
1.093858749999999880e+01
1.091981249999999903e+01
1.085758749999999928e+01
1.079284999999999783e+01
1.070721249999999891e+01
1.061296249999999830e+01
1.049542499999999912e+01
1.033253750000000082e+01
9.990471249999998804e+00
9.679057499999998981e+00
9.323491250000000008e+00
8.807712499999999167e+00
8.243962500000000304e+00
7.754329999999999501e+00
7.441309999999999647e+00
7.283510000000000595e+00
7.106977500000000170e+00
6.910957500000001197e+00
6.649661249999998525e+00
6.425586250000000277e+00
6.286707499999999449e+00
6.020455000000001000e+00
5.815847500000000281e+00
5.623311250000000427e+00
5.312691250000000309e+00
5.102266250000000447e+00
5.004841250000000130e+00
4.937957499999999555e+00
4.866627500000000772e+00
4.708266249999999431e+00
4.496281250000000007e+00
4.303677500000000045e+00
4.166605000000000558e+00
4.068201250000000435e+00
3.989290000000000003e+00
3.926705000000000112e+00
3.828457499999999847e+00
3.668277500000000302e+00
3.525720000000000187e+00
3.531424999999999592e+00
3.594129999999999825e+00
3.819686249999999728e+00
3.993703749999999886e+00
3.981272500000000214e+00
3.673647499999999511e+00
3.188689999999999802e+00
2.795504999999999907e+00
6.592162500000000591e-01
6.606612499999999777e-01
6.699999999999999289e-01
3.360187499999999772e-01
3.360187499999999772e-01
