4.320818750000000108e+01
5.828728749999999792e+01
4.551871249999999236e+01
4.182607500000000300e+01
3.990786250000000024e+01
3.843685000000000684e+01
3.702147500000000235e+01
3.592356249999999562e+01
3.515767499999999757e+01
3.452423749999999814e+01
3.394027500000000686e+01
3.337582499999999897e+01
3.298282499999999828e+01
3.244937500000000341e+01
3.224444999999999339e+01
3.215692500000000109e+01
3.207220000000000226e+01
3.200856249999999648e+01
3.195526249999999990e+01
3.190896249999999768e+01
3.186677500000000407e+01
3.182773749999999779e+01
3.176400000000000290e+01
3.167898750000000163e+01
3.159876250000000297e+01
3.152132499999999737e+01
3.144558749999999847e+01
3.137112499999999926e+01
3.129777499999999790e+01
3.122516250000000326e+01
3.115301249999999555e+01
3.108162500000000250e+01
3.101073749999999762e+01
3.093997500000000045e+01
3.083667499999999961e+01
3.069723749999999995e+01
3.055927499999999597e+01
3.042148749999999779e+01
3.031741249999999965e+01
3.024955000000000283e+01
3.014873749999999930e+01
3.001456250000000381e+01
2.987992500000000362e+01
2.974672500000000142e+01
2.961398750000000035e+01
2.951437500000000114e+01
2.944814999999999827e+01
2.938254999999999839e+01
2.931695000000000562e+01
2.927110000000000056e+01
2.924512499999999804e+01
2.921963749999999749e+01
2.919376249999999828e+01
2.916789999999999949e+01
2.914218750000000213e+01
2.911633749999999665e+01
2.909046249999999390e+01
2.906486250000000027e+01
2.903902500000000231e+01
2.901338750000000033e+01
2.898758750000000362e+01
2.896180000000000021e+01
2.893597499999999556e+01
2.891023750000000092e+01
2.886497500000000116e+01
2.880068750000000222e+01
2.873631250000000037e+01
2.867174999999999940e+01
2.857648749999999893e+01
2.845193749999999966e+01
2.832644999999999769e+01
2.819960000000000022e+01
2.807387499999999747e+01
2.790207499999999996e+01
2.768103749999999863e+01
2.745839999999999748e+01
2.724113750000000067e+01
2.703706250000000111e+01
2.686721250000000083e+01
2.665941249999999840e+01
2.641462499999999736e+01
2.620287500000000236e+01
2.600590000000000046e+01
2.580983750000000043e+01
2.559553749999999894e+01
2.536973749999999939e+01
2.515177499999999711e+01
2.493218750000000483e+01
2.471784999999999854e+01
2.458027500000000032e+01
2.449404999999999788e+01
2.433524999999999849e+01
2.386309999999999576e+01
2.325502499999999984e+01
2.276096249999999444e+01
2.177371250000000202e+01
2.082666249999999764e+01
2.025571250000000134e+01
1.940623749999999959e+01
1.868513750000000329e+01
1.828501250000000056e+01
1.794618749999999707e+01
1.750992500000000263e+01
1.722727500000000234e+01
1.643482500000000357e+01
1.511505000000000010e+01
1.394046249999999887e+01
1.263772499999999965e+01
1.164911249999999754e+01
1.095783749999999834e+01
1.017262499999999825e+01
9.567864999999999398e+00
9.037813750000001534e+00
8.488283749999999017e+00
7.901367499999999211e+00
7.165373749999998765e+00
6.681033750000000104e+00
6.343847499999999862e+00
5.968704999999999927e+00
5.532951249999999099e+00
5.044460000000000832e+00
4.778502500000000097e+00
4.957252500000000062e+00
5.490168749999999598e+00
5.897257500000000263e+00
6.599101250000000363e+00
7.494389999999999219e+00
8.419842499999999674e+00
1.000071000000000154e+01
1.296831249999999969e+01
2.081074999999999875e+01
3.567858749999999191e+01
6.710682500000000061e+01
9.534913749999999482e+02
1.490653749999999945e+03
2.106252500000000083e+01
2.893971249999999884e+00
4.442046249999999641e-01
1.672693750000000257e-01
4.407473750000000523e-01
9.150878750000001061e-01
1.624457499999999888e+00
2.446486249999999973e+00
5.226993750000000105e+00
9.413916249999999764e+00
1.457923749999999963e+01
2.320972499999999528e+01
4.075331249999999983e+01
9.047673750000001291e+01
2.728892500000000041e+02
9.281621250000000600e+02
4.275243749999999636e+03
2.762881250000000364e+02
6.965018749999998704e+01
4.610212500000000091e+01
3.888873749999999774e+01
3.643795000000000073e+01
4.105317500000000308e+01
6.362460000000000093e+01
7.625979999999999848e+01
8.833772499999999184e+01
1.209148750000000092e+02
2.930836249999999836e+02
8.293881249999999454e+02
1.146883749999999964e+03
3.969703750000000042e+01
3.792511250000000445e+01
3.500298749999999615e+01
3.117107499999999831e+01
2.830828749999999872e+01
2.624466249999999690e+01
2.532562499999999872e+01
2.342797499999999999e+01
2.235157500000000041e+01
2.165131249999999952e+01
2.033178750000000079e+01
1.873448750000000018e+01
1.769672500000000070e+01
1.604298750000000240e+01
1.383732499999999987e+01
1.265886250000000146e+01
1.159986250000000041e+01
1.041941249999999997e+01
9.344627500000001419e+00
8.398318749999999611e+00
7.670616250000000136e+00
7.114362500000000367e+00
6.921979999999999578e+00
6.675981249999999534e+00
6.228112499999999052e+00
5.971152500000000529e+00
5.854362500000000580e+00
5.744789999999999175e+00
5.591028750000000436e+00
5.301544999999999952e+00
5.086686250000000520e+00
4.901135000000000908e+00
4.750948750000000054e+00
4.720119999999999649e+00
4.776583750000000350e+00
4.841865000000000308e+00
4.870313750000000219e+00
4.903186249999999191e+00
4.936704999999999899e+00
4.944162500000000016e+00
4.996216249999999803e+00
5.029747499999999150e+00
5.092256250000000151e+00
5.140787500000000065e+00
5.194983750000000455e+00
5.288213749999999713e+00
5.365694999999999659e+00
5.403965000000000352e+00
5.429746249999999996e+00
5.458328749999999729e+00
5.519610000000000127e+00
5.597891249999999985e+00
5.650065000000000559e+00
5.676696249999999999e+00
5.687538750000000753e+00
5.692771249999999839e+00
5.696844999999999715e+00
5.689602500000000340e+00
5.531842499999999774e+00
4.987300000000000288e+00
4.542473750000000088e+00
4.234996250000000018e+00
3.500404999999999767e+00
2.824317499999999814e+00
2.441417500000000462e+00
2.193704999999999572e+00
2.242323749999999727e+00
2.492977499999999846e+00
7.200562500000000643e-01
7.401462500000000055e-01
7.652862499999999457e-01
4.012924999999999964e-01
4.103262500000000035e-01
