7.068162500000000819e+02
8.416193749999999909e+02
5.749231250000000273e+02
4.843039999999999736e+02
4.323801249999999072e+02
3.889598750000000109e+02
3.427867499999999836e+02
3.029376250000000255e+02
2.717601250000000164e+02
2.429486249999999927e+02
2.132948749999999905e+02
1.798568750000000023e+02
1.529068750000000136e+02
1.069000000000000057e+02
8.607299999999999329e+01
7.649852500000000077e+01
6.741155000000000541e+01
6.098612500000000125e+01
5.603407500000000141e+01
5.214811249999999632e+01
4.896498750000000655e+01
4.634361249999999899e+01
4.259078749999999758e+01
3.844854999999999734e+01
3.532180000000000319e+01
3.287323750000000189e+01
3.081835000000000591e+01
2.910926249999999982e+01
2.765596250000000111e+01
2.642285000000000039e+01
2.530572500000000247e+01
2.432663749999999681e+01
2.344146250000000009e+01
2.263980000000000103e+01
2.162375000000000114e+01
2.042741249999999908e+01
1.940450000000000230e+01
1.852469999999999928e+01
1.786036249999999725e+01
1.748000000000000043e+01
1.699657499999999999e+01
1.635333749999999853e+01
1.577156249999999993e+01
1.526283749999999984e+01
1.476670000000000016e+01
1.444308750000000074e+01
1.423591249999999953e+01
1.403067500000000045e+01
1.382537500000000108e+01
1.369076249999999817e+01
1.362733750000000299e+01
1.356505000000000116e+01
1.350183749999999883e+01
1.343863750000000046e+01
1.337589999999999968e+01
1.331276250000000161e+01
1.324961250000000135e+01
1.318705000000000105e+01
1.312388750000000215e+01
1.306127500000000019e+01
1.299831249999999905e+01
1.293534999999999968e+01
1.287223749999999889e+01
1.280940000000000012e+01
1.269886250000000061e+01
1.254181249999999892e+01
1.238461250000000113e+01
1.222688750000000013e+01
1.203083750000000052e+01
1.179916249999999955e+01
1.156575000000000131e+01
1.132980000000000054e+01
1.109595000000000020e+01
1.081566250000000196e+01
1.048461249999999900e+01
1.015252500000000069e+01
9.865657500000001079e+00
9.612521250000000350e+00
9.401839999999999975e+00
9.173943750000001174e+00
8.923576249999999987e+00
8.706985000000001307e+00
8.505591249999998382e+00
8.325503749999999314e+00
8.144940000000000069e+00
7.954670000000000130e+00
7.771733750000000107e+00
7.611978749999999572e+00
7.468865000000000975e+00
7.377022499999999816e+00
7.319461249999999808e+00
7.213465000000000238e+00
6.898261250000000899e+00
6.525402499999999328e+00
6.267968750000000533e+00
5.780617499999999076e+00
5.364695000000001102e+00
5.144752499999999173e+00
4.844190000000000218e+00
4.589055000000000106e+00
4.459206249999999372e+00
4.360344999999999693e+00
4.233055000000000234e+00
4.150586249999999922e+00
3.929182500000000466e+00
3.594123750000000062e+00
3.322078750000000191e+00
3.049614999999999743e+00
2.854413749999999972e+00
2.719386250000000338e+00
2.578728750000000236e+00
2.473788750000000203e+00
2.381872500000000059e+00
2.291616249999999688e+00
2.198721249999999738e+00
2.084070000000000089e+00
2.012550000000000061e+00
1.963195000000000023e+00
1.910198750000000167e+00
1.852750000000000119e+00
1.794896249999999860e+00
1.788316249999999830e+00
1.878926249999999909e+00
2.051127499999999770e+00
2.177559999999999718e+00
2.399776250000000388e+00
2.689021250000000585e+00
3.001755000000000173e+00
3.559588750000000079e+00
4.678667499999999535e+00
7.923726250000000526e+00
1.476863749999999875e+01
3.045548749999999671e+01
5.633513749999999618e+02
9.505081249999999500e+02
2.355757499999999993e+01
7.736832500000000223e+00
4.278052499999999370e+00
2.834362499999999674e+00
2.353444999999999787e+00
2.047743749999999974e+00
1.816366250000000182e+00
1.684545000000000181e+00
1.585481250000000175e+00
1.663048749999999742e+00
1.882086249999999961e+00
2.304348749999999946e+00
3.203798750000000251e+00
5.731577500000000214e+00
1.476292500000000096e+01
4.718468750000000256e+01
3.527022500000000491e+02
1.042548750000000091e+01
1.807566250000000041e+00
9.788346249999999582e-01
7.121730000000000560e-01
6.094939999999999802e-01
3.579797500000000410e-01
3.037343750000000009e-01
3.218478750000000055e-01
3.415933749999999769e-01
4.030078749999999599e-01
7.575538749999999322e-01
2.017452500000000093e+00
5.613731250000000728e+00
1.729946250000000019e+00
1.587687499999999918e+00
1.364751250000000082e+00
1.098987500000000228e+00
9.275577499999999587e-01
8.061960000000001347e-01
7.599002499999998328e-01
6.655142499999999739e-01
6.163732500000000947e-01
5.859020000000000339e-01
5.284870000000000401e-01
4.630017499999999897e-01
4.230850000000000444e-01
3.628221249999999953e-01
2.868487500000000412e-01
2.478123750000000014e-01
2.134360000000000146e-01
1.760113750000000254e-01
1.429667500000000313e-01
1.147359999999999908e-01
9.546296249999999817e-02
8.166853749999999912e-02
7.708074999999998955e-02
7.121456249999999488e-02
6.114846250000000039e-02
5.566971249999999594e-02
5.319023750000000106e-02
5.097961250000000721e-02
4.801710000000000006e-02
4.106480000000000546e-02
3.630163749999999745e-02
3.178931249999999986e-02
2.718118749999999528e-02
2.426828749999999923e-02
2.285892499999999522e-02
2.223953749999999646e-02
2.200166249999999796e-02
2.173247500000000110e-02
2.139788749999999712e-02
2.061916249999999964e-02
2.023406250000000031e-02
1.999194999999999792e-02
1.955770000000000078e-02
1.922240000000000060e-02
1.901907499999999987e-02
1.885276249999999834e-02
1.884706249999999750e-02
1.886426249999999943e-02
1.887580000000000160e-02
1.889983750000000240e-02
1.899086250000000392e-02
1.917602499999999932e-02
1.945546249999999949e-02
1.968337499999999948e-02
1.989116250000000016e-02
2.008941250000000414e-02
2.024998750000000028e-02
2.056687500000000182e-02
1.834806250000000152e-02
9.950973750000001450e-03
6.268573749999999979e-03
4.594403749999999981e-03
2.224871250000000095e-03
9.831252499999997094e-04
5.347754999999999826e-04
2.556621250000000217e-04
5.153745000000000374e-04
9.613648750000000067e-04
2.516750000000000324e-04
2.502150000000000294e-04
2.506737500000000155e-04
1.302587499999999969e-04
1.376912500000000109e-04
