7.500249999999999773e+02
8.999067499999999882e+02
6.204417500000000700e+02
5.261301250000000209e+02
4.722880000000000109e+02
4.273966249999999718e+02
3.798082500000000437e+02
3.388608749999999645e+02
3.069177500000000123e+02
2.774730000000000132e+02
2.472350000000000136e+02
2.132327500000000100e+02
1.858896250000000236e+02
1.393493750000000091e+02
1.183173749999999842e+02
1.086553750000000065e+02
9.948372500000000684e+01
9.299468749999999773e+01
8.798935000000000173e+01
8.405707499999999754e+01
8.083176249999999641e+01
7.817138750000000869e+01
7.435478750000000048e+01
7.012752500000000566e+01
6.692055000000000575e+01
6.439456249999999216e+01
6.226396249999999810e+01
6.048040000000000305e+01
5.895372499999999860e+01
5.764803750000000093e+01
5.645873749999999802e+01
5.540824999999999534e+01
5.445217500000000399e+01
5.357975000000000421e+01
5.246043750000000472e+01
5.112463750000000573e+01
4.996377499999999827e+01
4.894618750000000063e+01
4.817777499999999691e+01
4.772958750000000094e+01
4.714532499999999260e+01
4.636789999999999878e+01
4.565148750000000177e+01
4.500956250000000125e+01
4.438068750000000051e+01
4.395745000000000147e+01
4.368403750000000230e+01
4.341322500000000417e+01
4.314229999999999876e+01
4.296186250000000229e+01
4.287248749999999831e+01
4.278466250000000315e+01
4.269559999999999889e+01
4.260653749999999462e+01
4.251807499999999607e+01
4.242911250000000223e+01
4.234009999999999962e+01
4.225193750000000392e+01
4.216290000000000049e+01
4.207463750000000147e+01
4.198590000000000089e+01
4.189716250000000031e+01
4.180819999999999936e+01
4.171965000000000146e+01
4.156383749999999822e+01
4.134250000000000824e+01
4.112093749999999659e+01
4.089862500000000267e+01
4.060733749999999986e+01
4.025107500000000016e+01
3.989218749999999858e+01
3.952940000000000254e+01
3.916985000000000383e+01
3.871776249999999919e+01
3.816564999999999941e+01
3.761093750000000568e+01
3.710677499999999895e+01
3.664957499999999868e+01
3.626904999999999291e+01
3.583332500000000209e+01
3.533818750000000364e+01
3.490984999999999872e+01
3.451150000000000517e+01
3.413533749999999856e+01
3.374047500000000355e+01
3.332438750000000027e+01
3.292351249999999396e+01
3.254417499999999563e+01
3.218670000000000186e+01
3.195730000000000004e+01
3.181351250000000164e+01
3.154872499999999746e+01
3.076138750000000144e+01
2.978043750000000145e+01
2.902892500000000098e+01
2.755432500000000218e+01
2.619133749999999949e+01
2.540046250000000327e+01
2.425043750000000387e+01
2.327420000000000400e+01
2.274421249999999617e+01
2.230652500000000060e+01
2.174297500000000127e+01
2.137786249999999910e+01
2.036404999999999887e+01
1.870917499999999833e+01
1.726253750000000053e+01
1.568733749999999816e+01
1.450351250000000114e+01
1.367725000000000080e+01
1.275137499999999946e+01
1.204166249999999927e+01
1.141967499999999980e+01
1.077990000000000137e+01
1.010008750000000077e+01
9.249443750000001074e+00
8.693582499999999769e+00
8.307043749999998283e+00
7.878902500000000586e+00
7.385702500000000725e+00
6.839357500000000201e+00
6.566818750000000371e+00
6.836178750000000193e+00
7.541298749999999274e+00
8.074818750000000378e+00
8.998878749999999371e+00
1.018342499999999973e+01
1.142157500000000070e+01
1.356031250000000199e+01
1.764698750000000160e+01
2.873448750000000018e+01
5.044721249999999912e+01
9.756231250000000443e+01
1.516843750000000000e+03
2.441164999999999964e+03
4.462008750000000390e+01
1.063080000000000069e+01
4.722257499999999553e+00
3.001630000000000464e+00
2.794191249999999904e+00
2.962832499999999758e+00
3.440824999999999800e+00
4.131032499999998997e+00
6.812476250000000455e+00
1.107697500000000090e+01
1.646132499999999865e+01
2.551407499999999828e+01
4.395712499999999778e+01
9.620829999999999416e+01
2.876522499999999809e+02
9.753468749999999545e+02
4.627946249999999964e+03
2.867134999999999536e+02
7.145775000000000432e+01
4.708093750000000455e+01
3.960091249999999974e+01
3.704743749999999380e+01
4.141116249999999610e+01
6.392832500000000095e+01
7.658166250000000730e+01
8.867929999999999779e+01
1.213178749999999866e+02
2.938413749999999709e+02
8.314055000000000746e+02
1.152497499999999945e+03
4.142697499999999877e+01
3.951277499999999776e+01
3.636775000000000091e+01
3.227006249999999454e+01
2.923583749999999526e+01
2.705087500000000134e+01
2.608552500000000407e+01
2.409349999999999881e+01
2.296794999999999831e+01
2.223720000000000496e+01
2.086028750000000187e+01
1.919749999999999801e+01
1.811981249999999832e+01
1.640583750000000052e+01
1.412415000000000020e+01
1.290665000000000084e+01
1.181331250000000033e+01
1.059542499999999876e+01
9.487597499999999684e+00
8.513052500000000578e+00
7.766078749999999253e+00
7.196031250000000767e+00
6.999061249999999568e+00
6.751658749999999820e+00
6.413416250000000041e+00
6.252401249999999244e+00
6.185115000000000585e+00
6.101476250000000157e+00
5.958857500000000584e+00
5.687744999999999607e+00
5.483736250000000645e+00
5.309743749999999984e+00
5.177247500000000002e+00
5.170757499999999673e+00
5.259735000000000049e+00
5.360014999999998864e+00
5.403620000000000090e+00
5.453878750000000331e+00
5.511896249999999498e+00
5.622166250000000254e+00
5.731335000000000512e+00
5.801327499999999304e+00
5.930890000000000661e+00
6.031366250000000484e+00
6.132722499999999854e+00
6.316385000000000360e+00
6.453018750000000914e+00
6.518844999999999779e+00
6.563089999999999868e+00
6.612203749999999935e+00
6.723324999999999996e+00
6.874898749999999836e+00
7.004419999999998758e+00
7.085396250000000506e+00
7.129459999999999908e+00
7.159482499999999305e+00
7.183627499999999166e+00
7.206671250000001194e+00
7.188422500000000603e+00
6.939248749999999966e+00
6.616184999999999761e+00
6.391241250000000207e+00
5.707028749999999206e+00
4.953800000000000203e+00
4.508713750000000076e+00
4.203286250000000557e+00
4.166814999999999714e+00
4.346400000000000041e+00
1.177081250000000079e+00
1.196493750000000134e+00
1.214186250000000022e+00
6.160050000000000248e-01
6.201387499999999608e-01
