9.581462500000000659e+00
1.227133749999999779e+01
9.114680000000001669e+00
8.133466249999999675e+00
7.601154999999999440e+00
7.177105000000000068e+00
6.750882500000000341e+00
6.404445000000000832e+00
6.150221249999999529e+00
5.929230000000000445e+00
5.714871249999999847e+00
5.491687500000000277e+00
5.324322500000000069e+00
5.068484999999999907e+00
4.962249999999999162e+00
4.916542500000000260e+00
4.874455000000000204e+00
4.845535000000000814e+00
4.823726249999999993e+00
4.806891249999999616e+00
4.793267499999999792e+00
4.782182500000000225e+00
4.766513749999999661e+00
4.749464999999999826e+00
4.736761250000000700e+00
4.726911250000000564e+00
4.718714999999999549e+00
4.711943749999999653e+00
4.706211249999999957e+00
4.701358749999998921e+00
4.696981249999999442e+00
4.693157500000000759e+00
4.689705000000000013e+00
4.686587499999999906e+00
4.682633749999999040e+00
4.677979999999998917e+00
4.674001249999999885e+00
4.670577499999999382e+00
4.667991250000000036e+00
4.666506249999999412e+00
4.664613750000000003e+00
4.662093749999999481e+00
4.659808750000000721e+00
4.657798750000000432e+00
4.655836250000000121e+00
4.654547500000000504e+00
4.653721250000000254e+00
4.652902500000000607e+00
4.652078749999999374e+00
4.651539999999999786e+00
4.651281250000000256e+00
4.651028749999999157e+00
4.650770000000000515e+00
4.650511249999999208e+00
4.650257500000000377e+00
4.649999999999999467e+00
4.649742500000000334e+00
4.649488749999999726e+00
4.649231250000000593e+00
4.648977499999999985e+00
4.648719999999999963e+00
4.648463749999999450e+00
4.648206250000000317e+00
4.647949999999999804e+00
4.647501250000000361e+00
4.646860000000000213e+00
4.646221249999999969e+00
4.645578750000000312e+00
4.644765000000000477e+00
4.643792499999999990e+00
4.642812499999999787e+00
4.641822499999999962e+00
4.640841250000000251e+00
4.639642499999999892e+00
4.638206249999999642e+00
4.636766249999999978e+00
4.635493750000000190e+00
4.634357500000001018e+00
4.633409999999999584e+00
4.632356250000000841e+00
4.631181250000000027e+00
4.630163749999999467e+00
4.629218749999999716e+00
4.628346250000000772e+00
4.627451250000000016e+00
4.626506250000000264e+00
4.625598749999999981e+00
4.624766249999999523e+00
4.623994999999999855e+00
4.623497500000000926e+00
4.623191249999999641e+00
4.622620000000000395e+00
4.620917500000000011e+00
4.618836249999999310e+00
4.617284999999999862e+00
4.614259999999999806e+00
4.611501249999999885e+00
4.609908750000000666e+00
4.607592500000000868e+00
4.605631249999999177e+00
4.604556249999999906e+00
4.603656250000000227e+00
4.602502499999999941e+00
4.601751250000000404e+00
4.599645000000000650e+00
4.596108749999999965e+00
4.592878749999999677e+00
4.589091250000000066e+00
4.586118749999999800e+00
4.584006249999999838e+00
4.581343750000000270e+00
4.579222499999999307e+00
4.577359999999999651e+00
4.575177499999999675e+00
4.572674999999999379e+00
4.569348749999999626e+00
4.566762500000000280e+00
4.564915000000000056e+00
4.562566250000000601e+00
4.559207500000000302e+00
4.554387500000000699e+00
4.548357499999999831e+00
4.542396250000000357e+00
4.537849999999999717e+00
4.535776249999999621e+00
4.533434999999999881e+00
4.531055000000000277e+00
4.529399999999999871e+00
4.527319999999999567e+00
4.524839999999999307e+00
4.521501250000000027e+00
4.519066249999999840e+00
4.517092499999999511e+00
4.514872500000000066e+00
4.511465000000000281e+00
4.507893749999999145e+00
4.504475000000000229e+00
4.500861249999999814e+00
4.497017500000000112e+00
4.494378750000000089e+00
4.491548749999999757e+00
4.488087499999999785e+00
4.484682499999999905e+00
4.476031250000000128e+00
4.467254999999999754e+00
4.663794999999999469e+00
4.451730000000000409e+00
4.439978749999999863e+00
4.427623750000000413e+00
4.415737500000000537e+00
4.407004999999999839e+00
4.390881249999999625e+00
4.361588749999999237e+00
4.329661250000000017e+00
4.301231249999999839e+00
4.278403750000000727e+00
4.263634999999999842e+00
4.459252500000000730e+00
3.778892500000000432e+00
3.638388750000000282e+00
3.501347499999999613e+00
3.128646250000000073e+00
1.484797500000000241e+02
2.738192500000000251e+01
6.337646249999999704e+00
5.882575000000000109e+00
4.472742499999999843e+00
2.959133750000000163e+01
8.551019999999999399e+00
7.655576249999999305e+00
6.449105000000000310e+00
7.162345000000000184e+00
1.146251249999999899e+01
5.580655000000000143e+00
5.374017500000000780e+00
1.113603750000000048e+01
7.795113750000000508e+00
5.749467499999999731e+00
7.319645000000000401e+00
6.949387500000000273e+00
6.909407499999999480e+00
6.946110000000000007e+00
7.017545000000000144e+00
7.179313750000000383e+00
7.400646249999999426e+00
7.624765000000000015e+00
7.776653750000000365e+00
7.819723749999999640e+00
7.854084999999999539e+00
7.916431250000000475e+00
7.951045000000000584e+00
7.965638750000000101e+00
7.976392500000000219e+00
7.982551249999999321e+00
7.954592499999999511e+00
7.914266250000000724e+00
7.861812500000000981e+00
7.784671249999999709e+00
7.704978750000000431e+00
7.624326249999999305e+00
7.564533749999999834e+00
7.538195000000000867e+00
7.505722500000000963e+00
7.465278749999999519e+00
7.410229999999999428e+00
7.358370000000000744e+00
7.321884999999999977e+00
7.246491250000000939e+00
7.185987499999999528e+00
7.123837500000000489e+00
7.010688749999999914e+00
6.916593749999999652e+00
6.866388749999999597e+00
6.831053750000000591e+00
6.789063749999999509e+00
6.683383749999999068e+00
6.545636249999999379e+00
6.416081249999999514e+00
6.301727500000000148e+00
6.207837500000000119e+00
6.131833750000000194e+00
6.071891250000000184e+00
5.973725000000000840e+00
5.712354999999999627e+00
5.211636249999999748e+00
4.832757499999999595e+00
4.553576249999999881e+00
4.120603749999999899e+00
3.983686249999999873e+00
4.037762500000000365e+00
4.198961249999999978e+00
4.367074999999999818e+00
4.434903750000000144e+00
1.087587499999999929e+00
1.075416249999999962e+00
1.059513749999999810e+00
5.062387499999999596e-01
4.847150000000000070e-01
