7.157937500000000952e+00
9.385603750000001355e+00
7.143378750000000110e+00
6.472877499999999173e+00
6.118601250000000213e+00
5.843429999999999680e+00
5.575522499999999937e+00
5.365716250000000187e+00
5.218390000000000306e+00
5.096181249999999885e+00
4.983496249999999073e+00
4.874958750000000229e+00
4.799998750000000314e+00
4.701889999999999681e+00
4.667055000000000398e+00
4.654161250000000472e+00
4.643227500000000063e+00
4.636331249999999571e+00
4.631488750000000820e+00
4.627966250000000059e+00
4.625252500000000211e+00
4.623153749999999285e+00
4.620338749999999273e+00
4.617473749999999377e+00
4.615478749999999408e+00
4.614015000000000200e+00
4.612849999999999895e+00
4.611927500000000180e+00
4.611161249999999434e+00
4.610535000000000494e+00
4.609976249999999887e+00
4.609499999999999709e+00
4.609070000000000000e+00
4.608690000000000175e+00
4.608206250000000281e+00
4.607639999999999958e+00
4.607149999999999856e+00
4.606729999999999769e+00
4.606410000000000338e+00
4.606220000000000425e+00
4.605971249999999628e+00
4.605646250000000386e+00
4.605339999999999101e+00
4.605060000000000819e+00
4.604788750000000874e+00
4.604599999999998694e+00
4.604479999999999684e+00
4.604353749999999579e+00
4.604230000000000267e+00
4.604149999999999743e+00
4.604109999999999481e+00
4.604059999999999597e+00
4.604019999999999335e+00
4.603979999999999961e+00
4.603935000000000777e+00
4.603889999999999816e+00
4.603850000000000442e+00
4.603810000000000180e+00
4.603760000000000296e+00
4.603720000000000034e+00
4.603679999999999772e+00
4.603633750000000191e+00
4.603589999999999627e+00
4.603549999999999365e+00
4.603471250000000126e+00
4.603369999999999074e+00
4.603259999999999685e+00
4.603150000000000297e+00
4.603000000000000647e+00
4.602813749999999260e+00
4.602623750000000236e+00
4.602429999999999133e+00
4.602240000000000997e+00
4.601987499999999898e+00
4.601671249999999880e+00
4.601350000000000051e+00
4.601041249999999749e+00
4.600758750000000674e+00
4.600521250000000784e+00
4.600232499999999725e+00
4.599897499999999972e+00
4.599605000000000388e+00
4.599336249999999460e+00
4.599070000000000213e+00
4.598776250000000232e+00
4.598466249999999533e+00
4.598167499999998853e+00
4.597865000000000535e+00
4.597570000000000157e+00
4.597380000000000244e+00
4.597259999999999458e+00
4.597041249999999302e+00
4.596389999999999532e+00
4.595541250000000133e+00
4.594837499999999686e+00
4.593416249999999756e+00
4.592017500000000751e+00
4.591141249999999729e+00
4.589802500000000229e+00
4.588666249999999280e+00
4.588008749999999303e+00
4.587428750000000832e+00
4.586681250000000709e+00
4.586197499999999039e+00
4.584799999999999542e+00
4.582331250000000189e+00
4.579970000000000319e+00
4.577052499999999746e+00
4.574698749999999592e+00
4.573018749999999244e+00
4.570808749999999421e+00
4.569029999999999703e+00
4.567467500000000236e+00
4.565587499999999466e+00
4.563400000000000567e+00
4.560472500000000373e+00
4.558150000000000368e+00
4.556491249999999660e+00
4.554354999999999265e+00
4.551258750000000575e+00
4.546801250000000572e+00
4.541135000000000588e+00
4.535462499999999508e+00
4.531092499999999745e+00
4.529096250000000268e+00
4.526846249999999294e+00
4.524557500000000232e+00
4.522965000000000124e+00
4.520960000000000534e+00
4.518538750000000270e+00
4.515272500000000022e+00
4.512889999999999624e+00
4.510962500000000652e+00
4.508787500000000392e+00
4.505457500000000337e+00
4.501945000000000086e+00
4.498562500000000242e+00
4.494987499999999692e+00
4.491182499999998967e+00
4.488576250000000378e+00
4.485773749999999893e+00
4.482318749999999241e+00
4.478916250000000154e+00
4.470100000000000406e+00
4.460302500000000947e+00
4.452421249999999553e+00
4.443642500000000162e+00
4.433966250000000109e+00
4.421879999999999811e+00
4.410026249999999592e+00
4.401300000000000878e+00
4.385087500000000915e+00
4.355596250000000502e+00
4.323382500000000128e+00
4.294599999999999973e+00
4.271411249999999882e+00
4.256388749999999277e+00
4.076436250000000427e+00
3.763149999999999551e+00
3.619042500000000384e+00
3.477932500000000537e+00
3.089701250000000066e+00
1.273543749999999903e+02
2.572193750000000279e+01
6.091426249999999598e+00
4.809033750000000218e+00
4.469079999999999941e+00
2.722642499999999899e+01
7.486548749999999863e+00
6.944908749999998854e+00
5.428298750000000616e+00
6.221779999999999866e+00
1.098984999999999879e+01
5.580249999999999488e+00
5.373143750000000551e+00
9.939565000000001760e+00
6.895671249999999475e+00
5.634582500000000493e+00
6.565658749999999877e+00
6.465592500000000520e+00
6.472929999999999851e+00
6.553756250000001060e+00
6.677447499999999536e+00
6.890569999999999418e+00
7.151784999999999393e+00
7.413246250000000259e+00
7.589688749999999651e+00
7.640327499999998828e+00
7.683973749999999825e+00
7.760241249999999980e+00
7.802464999999999762e+00
7.821349999999999802e+00
7.835830000000000517e+00
7.846852499999999786e+00
7.828174999999999883e+00
7.794437499999999908e+00
7.747902500000000359e+00
7.674530000000000740e+00
7.595693750000000577e+00
7.516263750000000243e+00
7.459172499999999317e+00
7.436791250000000630e+00
7.409138749999999440e+00
7.374512499999998916e+00
7.245002500000000900e+00
7.006018749999999073e+00
6.915107500000000407e+00
6.735943750000000563e+00
6.603986249999999281e+00
6.481569999999999609e+00
6.279686250000001024e+00
6.131727500000000219e+00
6.058062500000001016e+00
6.007424999999999571e+00
5.948453749999999651e+00
5.802796250000000100e+00
5.599842499999999390e+00
5.388457499999999456e+00
5.129978749999999366e+00
4.956518750000000750e+00
4.820037499999998865e+00
4.714068750000000030e+00
4.544929999999999914e+00
4.110292499999999905e+00
3.388144999999999740e+00
2.873741249999999692e+00
2.513716249999999874e+00
1.953523750000000003e+00
1.783371249999999852e+00
1.866826249999999909e+00
2.099073750000000071e+00
2.327282499999999921e+00
2.427210000000000090e+00
5.913699999999999513e-01
5.799050000000000038e-01
5.652725000000000666e-01
2.609187499999999771e-01
2.410612500000000047e-01
