2.423528750000000009e+00
2.885743750000000052e+00
1.971300000000000274e+00
1.660590000000000011e+00
1.482553750000000115e+00
1.333674999999999944e+00
1.175359999999999960e+00
1.038726250000000073e+00
9.318314999999999237e-01
8.330481250000000282e-01
7.313763750000000785e-01
6.167281250000000714e-01
5.243234999999999424e-01
3.665931250000000197e-01
2.951943750000000088e-01
2.623826249999999805e-01
2.312277499999999819e-01
2.092030000000000001e-01
1.922382500000000272e-01
1.789259999999999740e-01
1.680153750000000223e-01
1.590289999999999759e-01
1.461748750000000374e-01
1.319897499999999890e-01
1.212841249999999926e-01
1.128968750000000076e-01
1.058655000000000013e-01
1.000183500000000059e-01
9.504662499999999570e-02
9.082671250000000363e-02
8.700582499999999497e-02
8.365904999999999869e-02
8.063432499999999281e-02
7.789588750000001061e-02
7.442613749999998918e-02
7.034102499999998759e-02
6.684997499999999204e-02
6.384963750000000049e-02
6.158397499999999913e-02
6.028761250000000405e-02
5.864105000000000012e-02
5.645018749999999863e-02
5.446905000000000496e-02
5.273697500000000538e-02
5.104802499999999688e-02
4.994746249999999776e-02
4.924313750000000600e-02
4.854535000000000100e-02
4.784734999999999683e-02
4.739002500000000229e-02
4.717496250000000058e-02
4.696371249999999747e-02
4.674938750000000309e-02
4.653508750000000249e-02
4.632231249999999717e-02
4.610821249999999538e-02
4.589406249999999909e-02
4.568192499999999823e-02
4.546776250000000158e-02
4.525541250000000154e-02
4.504188750000000241e-02
4.482836250000000328e-02
4.461432500000000329e-02
4.440126249999999664e-02
4.402638750000000684e-02
4.349386250000000093e-02
4.296080000000000731e-02
4.242593750000000358e-02
4.176221250000000662e-02
4.097866249999999877e-02
4.018932499999999797e-02
3.939137499999999931e-02
3.860053749999999700e-02
3.765369999999999828e-02
3.653619999999999785e-02
3.541536250000000552e-02
3.444912500000000405e-02
3.359750000000000236e-02
3.288872500000000060e-02
3.212356249999999414e-02
3.128403750000000039e-02
3.055777500000000230e-02
2.988248749999999898e-02
2.927981250000000202e-02
2.867661250000000037e-02
2.804097500000000270e-02
2.742990000000000012e-02
2.689820000000000405e-02
2.642315000000000288e-02
2.611826249999999947e-02
2.592718750000000058e-02
2.557533750000000328e-02
2.452900000000000219e-02
2.329436250000000222e-02
2.244656249999999950e-02
2.084445000000000048e-02
1.948284999999999947e-02
1.876684999999999812e-02
1.779237499999999916e-02
1.696517499999999901e-02
1.654583750000000048e-02
1.622828750000000070e-02
1.581937500000000010e-02
1.555447499999999816e-02
1.484446250000000071e-02
1.377422500000000105e-02
1.290781249999999915e-02
1.204012500000000048e-02
1.141801250000000142e-02
1.098706250000000030e-02
1.053258750000000098e-02
1.019191250000000062e-02
9.893432500000000351e-03
9.591950000000000129e-03
9.275512500000001118e-03
8.876686249999999820e-03
8.609925000000000911e-03
8.423731250000000143e-03
8.210286250000000535e-03
7.948827500000001794e-03
7.588310000000000020e-03
7.222779999999999825e-03
6.933434999999999078e-03
6.758567499999999784e-03
6.678732500000000329e-03
6.588713749999999120e-03
6.497137499999999788e-03
6.433426249999999770e-03
6.359135000000001002e-03
6.301555000000000351e-03
6.228214999999999620e-03
6.174777499999999954e-03
6.131430000000000213e-03
6.082648750000000867e-03
6.007893749999999866e-03
5.948666250000000759e-03
5.912222499999999700e-03
5.873777500000000769e-03
5.832858750000000266e-03
5.804796249999999956e-03
5.777903749999999637e-03
5.769616249999999849e-03
5.766910000000000092e-03
5.929896249999999473e-03
6.953036249999999981e-03
2.113721249999999940e-01
8.088108750000001443e-03
6.014742499999999742e-03
5.742842499999999475e-03
5.711132499999999577e-03
5.701925000000000049e-03
5.793202499999999637e-03
5.993323749999999658e-03
6.277424999999999672e-03
6.633046249999999949e-03
6.992603749999999618e-03
7.245500000000000204e-03
3.828143749999999845e-01
1.574350000000000055e-02
1.934589999999999921e-02
2.341618750000000124e-02
3.894626250000000206e-02
2.112537500000000179e+01
1.659983750000000091e+00
2.462232500000000046e-01
1.073542374999999938e+00
3.663908750000000047e-03
2.364901250000000399e+00
1.064471624999999921e+00
7.106667500000001247e-01
1.020804749999999927e+00
9.405630000000000379e-01
4.726468749999999663e-01
4.061731250000000042e-04
8.725419999999999140e-04
1.196458749999999904e+00
8.994435000000000624e-01
1.148856250000000190e-01
7.539831249999999763e-01
4.837934999999999874e-01
4.364777499999999977e-01
3.923543750000000330e-01
3.400982500000000464e-01
2.887462499999999821e-01
2.488619999999999999e-01
2.115206249999999899e-01
1.869661249999999830e-01
1.793968750000000112e-01
1.701112499999999916e-01
1.561882500000000285e-01
1.485802499999999970e-01
1.442869999999999986e-01
1.405615000000000059e-01
1.356987500000000069e-01
1.264181249999999923e-01
1.198279999999999901e-01
1.139135000000000147e-01
1.101403750000000126e-01
1.092842500000000133e-01
1.080596250000000064e-01
1.053592499999999876e-01
1.014031249999999967e-01
9.658496250000001004e-02
9.076461250000000813e-02
8.305167499999999148e-02
7.620106250000001358e-02
7.158422500000000133e-02
6.643712499999999965e-02
6.366979999999999862e-02
6.186232499999999579e-02
6.076171250000000912e-02
6.012012500000001036e-02
5.981763749999999963e-02
5.960998750000000290e-02
5.938756250000000458e-02
5.888984999999999359e-02
5.817258749999999756e-02
5.749183749999999676e-02
5.700056249999999741e-02
5.664360000000000228e-02
5.633764999999998913e-02
5.608991249999999845e-02
5.562826249999999056e-02
5.386321250000000727e-02
4.935063750000000249e-02
4.546577500000000688e-02
4.140797499999999964e-02
3.084803749999999803e-02
2.160953749999999784e-02
1.583120000000000013e-02
8.538051250000001230e-03
4.143977499999999814e-03
2.178892500000000152e-03
3.455999999999999979e-04
3.211487499999999802e-04
2.877012499999999926e-04
1.098993750000000052e-04
8.586349999999999538e-05
