4.570456249999999727e+02
5.457725000000000364e+02
3.740814999999999486e+02
3.159464999999999577e+02
2.826555000000000177e+02
2.548470000000000368e+02
2.253090000000000259e+02
1.998451250000000243e+02
1.799445000000000050e+02
1.615715000000000146e+02
1.426779999999999973e+02
1.213804999999999978e+02
1.042599999999999909e+02
7.503030000000001110e+01
6.181857500000000272e+01
5.574915000000000731e+01
4.999129999999999541e+01
4.590622499999999917e+01
4.277723749999999825e+01
4.032311250000000769e+01
3.830828749999999872e+01
3.664831250000000296e+01
3.427153750000000088e+01
3.164772499999999766e+01
2.966272500000000178e+01
2.808653749999999860e+01
2.680881249999999838e+01
2.572888749999999902e+01
2.480738749999999726e+01
2.402312500000000028e+01
2.330567500000000436e+01
2.267568749999999866e+01
2.213007499999999794e+01
2.162433749999999932e+01
2.098068749999999838e+01
2.022301249999999939e+01
1.955082499999999968e+01
1.896259999999999835e+01
1.858060000000000045e+01
1.836368750000000105e+01
1.806447500000000161e+01
1.766634999999999778e+01
1.730958749999999924e+01
1.700152500000000089e+01
1.670208750000000109e+01
1.651147500000000079e+01
1.639031250000000028e+01
1.627027500000000160e+01
1.615022499999999894e+01
1.606841250000000088e+01
1.602609999999999957e+01
1.598530000000000051e+01
1.594522500000000065e+01
1.590674999999999883e+01
1.586929999999999907e+01
1.583162499999999895e+01
1.579628750000000004e+01
1.576248749999999887e+01
1.572840000000000060e+01
1.569457499999999861e+01
1.566058749999999833e+01
1.562659999999999982e+01
1.559608749999999944e+01
1.556813749999999885e+01
1.551890000000000036e+01
1.544896250000000038e+01
1.537895000000000145e+01
1.530870000000000175e+01
1.522969999999999757e+01
1.514299999999999891e+01
1.505562500000000092e+01
1.496732500000000066e+01
1.488781250000000078e+01
1.483990000000000009e+01
1.481062499999999993e+01
1.483689999999999998e+01
1.491840000000000011e+01
1.508530000000000015e+01
1.528517499999999885e+01
1.564435000000000109e+01
1.615966250000000315e+01
1.683626250000000013e+01
1.773529999999999873e+01
1.890278750000000230e+01
2.059517500000000112e+01
2.325584999999999880e+01
2.723738750000000053e+01
3.383550000000000324e+01
4.549328750000000099e+01
5.750608749999999958e+01
6.942648749999999325e+01
1.111881249999999852e+02
1.598291249999999991e+03
3.664479999999999791e+02
4.771053750000000093e+01
1.684557500000000019e+01
1.052322500000000183e+01
9.166357500000000158e+00
7.926754999999999107e+00
7.229856249999999207e+00
6.925839999999999996e+00
6.686353750000000318e+00
6.389996250000000266e+00
6.229917499999999997e+00
5.850239999999999441e+00
5.303312499999999652e+00
4.952149999999999608e+00
4.773662499999999476e+00
4.879617500000000163e+00
5.246300000000000630e+00
6.321317500000000145e+00
8.107584999999998487e+00
1.114782500000000098e+01
1.937017499999999970e+01
5.134668750000000159e+01
4.522260000000000218e+03
2.929446249999999964e+03
2.206690000000000111e+02
6.377443749999999767e+01
2.758964999999999890e+01
1.428950000000000031e+01
1.648827499999999873e+02
3.087721250000000168e+02
1.081041625000000153e+02
3.554124999999999659e+02
1.775676249999999754e+03
4.035042499999999421e+01
2.126186250000000300e+01
1.279616249999999944e+01
9.466497499999999121e+00
1.388979999999999926e+01
1.079072500000000048e+02
3.159112500000000182e+03
1.879313750000000027e+03
6.669197499999999934e+01
2.332369999999999877e+01
1.540328750000000113e+01
1.154627499999999962e+01
1.045158750000000047e+01
2.185931249999999864e+02
3.712614999999999554e+02
1.490403750000000116e+01
1.044041250000000076e+01
2.368340000000000032e+02
1.757981250000000273e+01
2.095134999999999792e+01
5.001068749999999596e+01
3.795487500000000125e+00
4.425073749999999961e+01
1.065311875000000015e+02
2.732185000000000130e+01
2.009937500000000057e+02
4.291367500000000064e+02
5.157264999999999873e+02
2.272323749999999976e+01
9.245256249999998843e+00
1.591566249999999982e+01
1.920486250000000155e+02
8.276406249999999432e+01
1.533313750000000368e+02
3.620443749999999739e+01
1.102997500000000031e+02
1.186861249999999899e+02
2.254638749999999803e+01
9.039133749999999168e+01
9.759781249999998920e+01
6.693375000000000341e+01
8.980584999999999241e+01
7.201182500000000175e+01
5.605456249999999585e+01
6.074869999999999948e+01
5.626360000000000383e+01
4.698858750000000128e+01
5.035571249999999566e+01
4.859956249999999756e+01
4.591965000000000430e+01
4.249257500000000221e+01
4.024369999999999692e+01
3.661251250000000113e+01
3.169435000000000002e+01
2.895285000000000153e+01
2.639017500000000283e+01
2.363968750000000085e+01
2.091244999999999976e+01
1.882418750000000074e+01
1.686111250000000084e+01
1.534963750000000005e+01
1.487451249999999980e+01
1.436345000000000027e+01
1.344219999999999970e+01
1.285451250000000023e+01
1.255528750000000038e+01
1.224281249999999943e+01
1.179865000000000208e+01
1.073592500000000172e+01
9.939607500000001039e+00
9.095773749999999325e+00
8.113566249999999869e+00
7.337873749999999973e+00
7.083119999999999195e+00
6.974908749999999102e+00
6.966122499999999995e+00
6.955427499999999874e+00
6.942507500000000498e+00
6.948037499999999866e+00
6.966182499999999500e+00
6.978411249999999733e+00
7.028139999999999610e+00
7.074783750000000815e+00
7.109849999999999781e+00
7.146581249999998775e+00
7.174058749999999485e+00
7.188005000000000422e+00
7.197578749999999914e+00
7.211981250000000010e+00
7.257988749999999989e+00
7.319102500000000511e+00
7.365443749999998957e+00
7.388326250000000428e+00
7.396896249999999284e+00
7.397936249999999880e+00
7.395883749999999424e+00
7.380111249999998790e+00
7.295835000000000292e+00
7.013477500000000475e+00
6.724232500000000279e+00
6.466121250000000487e+00
5.733140000000000569e+00
5.029226249999999787e+00
4.694907500000000233e+00
4.541544999999999277e+00
4.599527499999999769e+00
4.787136249999999649e+00
1.251199999999999868e+00
1.259056249999999988e+00
1.265617499999999840e+00
6.322312500000000224e-01
6.265912500000000440e-01
