4.474621250000000146e+02
5.328071250000000418e+02
3.639316250000000537e+02
3.066071249999999964e+02
2.737373750000000427e+02
2.462509999999999764e+02
2.170232499999999902e+02
1.917997500000000173e+02
1.720666250000000161e+02
1.538324999999999818e+02
1.350667499999999848e+02
1.138934999999999889e+02
9.685950000000001125e+01
6.774961249999999779e+01
5.458547500000000241e+01
4.853751249999999828e+01
4.280125000000000313e+01
3.873317499999999569e+01
3.561888749999999959e+01
3.317793749999999875e+01
3.117540000000000333e+01
2.952697500000000019e+01
2.716947500000000559e+01
2.457187499999999858e+01
2.261203750000000312e+01
2.106041249999999820e+01
1.980675000000000097e+01
1.875068749999999795e+01
1.785276250000000076e+01
1.709193750000000023e+01
1.639777499999999932e+01
1.579095000000000049e+01
1.526835000000000164e+01
1.478558749999999833e+01
1.417556249999999984e+01
1.346338749999999962e+01
1.283642500000000020e+01
1.229347499999999904e+01
1.194548750000000048e+01
1.175083750000000116e+01
1.148488749999999925e+01
1.113098750000000159e+01
1.081877500000000225e+01
1.055491249999999859e+01
1.029956249999999862e+01
1.014220000000000077e+01
1.004321249999999743e+01
9.945118749999998897e+00
9.846997500000000514e+00
9.780601250000000135e+00
9.747101250000000050e+00
9.714998750000001237e+00
9.683721250000001390e+00
9.654035000000000366e+00
9.625295000000001266e+00
9.596432500000000587e+00
9.569854999999998668e+00
9.544764999999999944e+00
9.519434999999999647e+00
9.494318749999999696e+00
9.469062499999997939e+00
9.443848750000000791e+00
9.422097499999999570e+00
9.402842500000000214e+00
9.368963750000000701e+00
9.320836249999999268e+00
9.272661249999998745e+00
9.224321249999999139e+00
9.178196250000000944e+00
9.134846250000000722e+00
9.091178749999999198e+00
9.047031249999999858e+00
9.011338749999998399e+00
9.024561249999999646e+00
9.074932499999999180e+00
9.182014999999999816e+00
9.344307500000001099e+00
9.588795000000001068e+00
9.854075000000001694e+00
1.029623750000000015e+01
1.091142499999999949e+01
1.167703750000000085e+01
1.266159999999999997e+01
1.391790000000000127e+01
1.571142500000000020e+01
1.848231250000000259e+01
2.257233750000000327e+01
2.927982499999999888e+01
4.102296249999999844e+01
5.305946249999999509e+01
6.495517499999999700e+01
1.064381249999999994e+02
1.563441250000000082e+03
3.510469999999999686e+02
4.080579999999999785e+01
1.161894999999999989e+01
5.974209999999999354e+00
4.897964999999999236e+00
4.023284999999999556e+00
3.602038749999999734e+00
3.447789999999999910e+00
3.338551249999999637e+00
3.208241249999999933e+00
3.151247499999999757e+00
3.058124999999999982e+00
3.003593749999999840e+00
3.101873749999999763e+00
3.446256249999999799e+00
3.930846249999999653e+00
4.502708750000000926e+00
5.693206250000000246e+00
7.289797500000000596e+00
9.653498750000000683e+00
1.532077500000000292e+01
3.488917499999999450e+01
2.294449999999999818e+03
1.428121250000000146e+03
9.489147500000001401e+01
2.391141250000000085e+01
9.353147500000000392e+00
5.221026250000000424e+00
1.487254999999999825e+02
2.594833750000000236e+02
8.726177500000000009e+01
2.439116250000000150e+02
1.129509999999999991e+03
1.959820000000000206e+01
1.009508875000000039e+01
6.776237499999999692e+00
6.709884999999998989e+00
1.276696249999999999e+01
6.899029999999999063e+01
1.581626249999999800e+03
9.500698750000000246e+02
2.939526250000000118e+01
5.004561250000000072e+00
2.933332500000000120e+00
2.609798749999999945e+00
5.237031249999999361e+00
1.872056249999999977e+02
2.946310000000000286e+02
3.713488750000000227e+00
1.999446249999999869e+00
1.497676250000000095e+02
7.090758749999999111e+00
1.509813749999999999e+01
4.213371249999999435e+01
8.746843750000000695e-01
3.626234999999999786e+01
8.590078750000000696e+01
2.124422500000000014e+01
1.008881374999999991e+02
1.208389999999999986e+02
1.805512499999999818e+02
5.718994999999999607e+00
1.461737500000000134e+00
4.988953750000000298e+00
6.189576249999999646e+01
3.725398750000000803e+01
5.249835000000000207e+01
6.498881249999999277e+00
3.156283749999999699e+01
4.545576249999999874e+01
1.020209125000000050e+01
2.684130000000000038e+01
2.630277500000000046e+01
2.080988749999999854e+01
1.364160000000000217e+01
1.111971250000000033e+01
6.916849999999999277e+00
4.674317499999999015e+00
5.335272500000000306e+00
5.701717499999999994e+00
6.544962500000000460e+00
6.099829999999999863e+00
5.453331249999999741e+00
4.673253749999999762e+00
4.189470000000000027e+00
3.473781250000000043e+00
2.598910000000000053e+00
2.170138750000000005e+00
1.812741249999999971e+00
1.469501249999999981e+00
1.174919999999999964e+00
9.758522499999999766e-01
8.124527499999998348e-01
6.992680000000000007e-01
6.668425000000000047e-01
6.337611249999999252e-01
5.780923749999999917e-01
5.450928750000000322e-01
5.293182499999999902e-01
5.133982500000000559e-01
4.920751250000000021e-01
4.442792500000000144e-01
3.921538749999999851e-01
3.434636249999999946e-01
3.002163750000000353e-01
2.668251249999999963e-01
2.510156249999999645e-01
2.425605000000000122e-01
2.406162500000000037e-01
2.382478749999999978e-01
2.353873749999999820e-01
2.333826250000000102e-01
2.326452499999999701e-01
2.321483750000000179e-01
2.328033749999999791e-01
2.338221250000000195e-01
2.288740000000000219e-01
2.076181250000000145e-01
1.949913750000000223e-01
1.899778750000000460e-01
1.865360000000000074e-01
1.825618749999999846e-01
1.726807499999999940e-01
1.558673750000000024e-01
1.366362500000000146e-01
1.223301250000000118e-01
1.130544999999999883e-01
1.058911250000000026e-01
1.004519999999999857e-01
9.332110000000000405e-02
7.210357500000000308e-02
4.411137500000000128e-02
3.355962499999999571e-02
2.486540000000000278e-02
1.084197500000000022e-02
4.064734999999999876e-03
1.881152500000000038e-03
8.990843749999998837e-04
8.609798749999999709e-04
9.443357499999999616e-04
2.182493749999999961e-04
2.069223750000000011e-04
1.831856250000000119e-04
5.714112500000000257e-05
3.627949999999999713e-05
