9.581737499999999130e+00
1.296353750000000105e+01
1.014846250000000083e+01
9.337968750000001705e+00
8.917205000000000936e+00
8.594865000000000421e+00
8.284977500000000106e+00
8.044722499999998888e+00
7.877141250000000205e+00
7.738492500000000440e+00
7.610567499999999264e+00
7.486525000000001207e+00
7.400031249999999616e+00
7.280417499999999542e+00
7.232877500000000737e+00
7.211467500000000364e+00
7.189875000000000682e+00
7.172898749999999879e+00
7.158197499999999991e+00
7.145038749999998551e+00
7.132763750000000513e+00
7.121185000000000542e+00
7.101921250000001073e+00
7.075730000000000963e+00
7.050614999999999633e+00
7.026072499999999721e+00
7.001981249999999157e+00
6.978137499999999882e+00
6.954552500000000137e+00
6.931135000000000268e+00
6.907798750000000432e+00
6.884658750000000715e+00
6.861679999999999779e+00
6.838688749999999317e+00
6.805056249999998919e+00
6.759551250000000344e+00
6.714358750000000597e+00
6.669090000000000629e+00
6.635063750000000482e+00
6.612812499999999538e+00
6.579562500000000647e+00
6.535319999999999574e+00
6.490783749999999408e+00
6.446577500000000072e+00
6.402479999999998839e+00
6.369207500000000799e+00
6.347063749999999338e+00
6.325123750000000378e+00
6.303180000000000227e+00
6.287777499999999797e+00
6.278946249999999729e+00
6.270270000000000010e+00
6.261472499999999997e+00
6.252682499999998811e+00
6.243954999999999700e+00
6.235173750000000403e+00
6.226396249999999633e+00
6.217702499999999688e+00
6.208927499999999711e+00
6.200226250000000050e+00
6.191475000000000506e+00
6.182727500000000376e+00
6.173961249999999623e+00
6.165237500000000814e+00
6.149888750000000570e+00
6.128082499999999655e+00
6.106256249999999497e+00
6.084357499999999419e+00
6.051483750000000050e+00
6.008112500000001077e+00
5.964418750000000990e+00
5.920249999999999346e+00
5.876434999999999853e+00
5.815292499999999087e+00
5.735655000000000392e+00
5.654846249999999408e+00
5.574048750000001107e+00
5.496458750000000393e+00
5.431072499999999970e+00
5.348063750000000560e+00
5.248202500000000548e+00
5.159158750000000460e+00
5.073672500000000696e+00
4.984818749999999632e+00
4.883668750000000003e+00
4.773395000000000721e+00
4.664838750000000367e+00
4.555426250000000010e+00
4.470081249999999784e+00
4.446383749999999857e+00
4.470998750000000577e+00
4.749122500000000358e+00
3.484573749999999848e+01
1.539593750000000050e+01
6.902743749999999068e+00
5.226558750000000586e+00
4.549005000000000187e+00
4.268366249999999695e+00
3.903447499999999515e+00
3.627802499999999597e+00
3.478034999999999766e+00
3.347783750000000502e+00
3.181734999999999758e+00
3.078656249999999428e+00
2.792100000000000026e+00
2.299703749999999935e+00
1.850258750000000063e+00
1.327385000000000037e+00
9.487498750000000758e-01
7.435532500000000544e-01
6.280697500000000932e-01
8.177438749999998979e-01
1.494015000000000093e+00
4.048903750000000024e+00
1.645702500000000157e+01
2.227807499999999891e+03
1.501315000000000282e+03
1.257662499999999994e+02
3.985170000000000101e+01
1.823257500000000064e+01
9.068424999999999514e+00
1.615638750000000101e+01
4.928759999999999053e+01
2.084110000000000085e+01
1.114992125000000129e+02
6.461652500000000146e+02
2.075017500000000226e+01
1.116474999999999973e+01
6.017886250000000103e+00
2.754577499999999901e+00
1.120810000000000084e+00
3.891444999999999510e+01
1.577482499999999845e+03
9.292416249999999991e+02
3.729402499999999776e+01
1.831647500000000051e+01
1.246726250000000036e+01
8.934523750000000319e+00
5.214166249999999891e+00
3.138728749999999934e+01
7.663025000000001796e+01
1.119015000000000093e+01
8.440571249999997860e+00
8.706599999999998829e+01
1.048842500000000122e+01
5.852583749999999085e+00
7.876345000000000596e+00
2.920508749999999765e+00
7.988132499999999858e+00
2.063020000000000209e+01
6.077391249999999800e+00
1.001040374999999898e+02
3.082958750000000236e+02
3.351741250000000036e+02
1.700301250000000053e+01
7.782308749999999442e+00
1.092562499999999837e+01
1.301519999999999868e+02
4.550948750000000587e+01
1.008325125000000071e+02
2.970493749999999622e+01
7.873658749999999884e+01
7.322970000000000823e+01
1.234372500000000095e+01
6.354957499999999015e+01
7.129460000000000264e+01
4.612342499999999745e+01
7.616383749999999964e+01
6.089180000000000348e+01
4.913742500000000035e+01
5.607417499999999677e+01
5.092813749999999828e+01
4.128668749999999932e+01
4.381060000000000088e+01
4.249960000000000093e+01
4.046621249999999748e+01
3.781923750000000695e+01
3.605415000000000703e+01
3.313866249999999525e+01
2.909536250000000379e+01
2.678262499999999946e+01
2.457737499999999997e+01
2.217016249999999999e+01
1.973746249999999947e+01
1.784831250000000580e+01
1.604863749999999811e+01
1.465036250000000173e+01
1.420764999999999922e+01
1.372967499999999852e+01
1.286408749999999834e+01
1.230941250000000053e+01
1.202595000000000169e+01
1.172941250000000046e+01
1.130655000000000143e+01
1.028420000000000023e+01
9.375276250000000644e+00
8.397650000000000503e+00
7.344685000000000130e+00
6.537791249999999721e+00
6.242002499999999898e+00
6.101542499999998981e+00
6.074983749999999461e+00
6.042636250000000153e+00
6.003560000000000230e+00
5.972298749999999323e+00
5.956518749999999862e+00
5.945885000000000531e+00
5.951805000000000234e+00
5.964790000000000703e+00
5.964601249999999411e+00
5.832705000000000695e+00
5.730807500000000942e+00
5.660621250000001048e+00
5.612311250000000307e+00
5.586114999999999498e+00
5.531827500000000342e+00
5.458437500000000497e+00
5.333102500000000745e+00
5.213919999999999888e+00
5.149150000000000560e+00
5.104420000000000179e+00
5.044537499999999675e+00
4.991533749999999436e+00
4.785056250000000233e+00
4.446362499999999329e+00
4.168008749999999374e+00
3.921483750000000157e+00
3.247689999999999966e+00
2.603316249999999776e+00
2.272188749999999757e+00
2.117040000000000255e+00
2.264746249999999961e+00
2.523966249999999523e+00
6.881037500000000140e-01
6.958199999999999941e-01
7.029349999999999765e-01
3.523175000000000057e-01
3.473112500000000158e-01
