1.492872500000000076e-03
1.777489999999999843e-03
1.213947499999999896e-03
1.022815000000000052e-03
9.131856249999999479e-04
8.214921250000000981e-04
7.243885000000000254e-04
6.400888750000000016e-04
5.738341249999999970e-04
5.134867499999999944e-04
4.506427500000000520e-04
3.802955000000000116e-04
3.232046250000000006e-04
2.262557500000000063e-04
1.824658750000000091e-04
1.620780000000000159e-04
1.433236249999999927e-04
1.301964999999999926e-04
1.202567499999999799e-04
1.108826249999999962e-04
1.044828749999999936e-04
9.857491249999999453e-05
9.048353750000000121e-05
8.222378749999999952e-05
7.532271249999999377e-05
7.015113750000000594e-05
6.609773750000000846e-05
6.301057499999998751e-05
5.992721249999999523e-05
5.683874999999999854e-05
5.427875000000000272e-05
5.245092499999999791e-05
5.062887499999999729e-05
4.880027500000000602e-05
4.658885000000000034e-05
4.409206249999999828e-05
4.193803750000000326e-05
4.012834999999999672e-05
3.876181249999999625e-05
3.804232499999999495e-05
3.723881249999999745e-05
3.616971249999999781e-05
3.508967499999999536e-05
3.401377499999999436e-05
3.293977499999999753e-05
3.212639999999999788e-05
3.158449999999999550e-05
3.104762500000000583e-05
3.051059999999999889e-05
3.019645000000000123e-05
3.010738749999999821e-05
3.001988749999999609e-05
2.993111250000000302e-05
2.984238749999999990e-05
2.975425000000000400e-05
2.966557499999999760e-05
2.957689999999999460e-05
2.948902500000000012e-05
2.940032499999999875e-05
2.931237499999999902e-05
2.922393750000000246e-05
2.913551250000000000e-05
2.904685000000000125e-05
2.895862500000000262e-05
2.880335000000000265e-05
2.858280000000000355e-05
2.836203750000000314e-05
2.814051250000000021e-05
2.780841249999999707e-05
2.737048750000000075e-05
2.692934999999999993e-05
2.648340000000000126e-05
2.604141250000000196e-05
2.542832500000000357e-05
2.463252500000000011e-05
2.383055000000000175e-05
2.303512499999999742e-05
2.228243750000000124e-05
2.165598749999999981e-05
2.122868749999999799e-05
2.093022500000000000e-05
2.067205000000000141e-05
2.043189999999999999e-05
2.018795000000000379e-05
1.991737499999999834e-05
1.963227500000000339e-05
1.935683749999999998e-05
1.906976249999999901e-05
1.878443749999999848e-05
1.860132499999999931e-05
1.848656250000000093e-05
1.827525000000000091e-05
1.764682500000000362e-05
1.681584999999999927e-05
1.611097500000000036e-05
1.471520000000000101e-05
1.371266250000000078e-05
1.330311250000000231e-05
1.273283750000000038e-05
1.224876249999999774e-05
1.200311250000000120e-05
1.181686249999999938e-05
1.157702500000000119e-05
1.142161250000000008e-05
1.101221250000000023e-05
1.041146249999999925e-05
9.842875000000000184e-06
9.359695000000000856e-06
9.087533750000001328e-06
8.892745000000000185e-06
8.632359999999999459e-06
8.421384999999999331e-06
8.236072500000000417e-06
8.010818749999999220e-06
7.747150000000000865e-06
7.393166249999999970e-06
7.110256249999999827e-06
6.907741250000000293e-06
6.725962500000000403e-06
6.608456249999999820e-06
6.439268750000000689e-06
6.223725000000000284e-06
6.008416249999999379e-06
5.843051249999999142e-06
5.767553750000000632e-06
5.682428749999999478e-06
5.595830000000000259e-06
5.535578749999999351e-06
5.460021249999999185e-06
5.370166250000000873e-06
5.249191249999999884e-06
5.161047500000000158e-06
5.089547500000000080e-06
5.009081249999999569e-06
4.885773749999999734e-06
4.757604999999999488e-06
4.636399999999999350e-06
4.508231249999999952e-06
4.383159999999999552e-06
4.331352499999999794e-06
4.280290000000000485e-06
4.224360000000000327e-06
4.170771250000000475e-06
4.038355000000000403e-06
3.907653750000000025e-06
3.813617500000000168e-06
3.725186250000000235e-06
3.632267499999999778e-06
3.521293750000000475e-06
3.436664999999999731e-06
3.381177500000000036e-06
3.287376250000000101e-06
3.119688750000000023e-06
2.987231250000000030e-06
2.921591250000000350e-06
2.872229999999999773e-06
2.840817499999999928e-06
2.564223749999999913e-06
2.233786249999999572e-06
2.149008749999999857e-06
2.111893750000000468e-06
2.065492499999999859e-06
1.957081249999999822e-06
1.861015000000000045e-06
1.551916250000000204e-06
1.296671250000000117e-06
1.236966249999999941e-06
1.121517499999999931e-06
9.400918749999999683e-07
8.365608749999999130e-07
7.746271249999999954e-07
7.408624999999998884e-07
6.785667500000000368e-07
6.381396249999999321e-07
6.135738750000000352e-07
5.743972500000000383e-07
5.232246249999999914e-07
4.897322499999999349e-07
4.361731249999999745e-07
3.638319999999999984e-07
3.239653750000000132e-07
2.875823750000000241e-07
2.486218749999999844e-07
2.107178749999999912e-07
1.828789999999999795e-07
1.579639999999999711e-07
1.394529999999999981e-07
1.339638749999999910e-07
1.283858749999999922e-07
1.177792499999999924e-07
1.111971249999999899e-07
1.080878750000000046e-07
1.048247499999999937e-07
1.001474999999999907e-07
8.964833750000000315e-08
8.135394999999999243e-08
7.298516250000000853e-08
6.309868750000000602e-08
5.519112500000000446e-08
5.008402499999999839e-08
4.719138749999999830e-08
4.607420000000000370e-08
4.481852500000000328e-08
4.342616250000000172e-08
4.172856249999999054e-08
4.033662499999999542e-08
3.947944999999999688e-08
3.792176249999999910e-08
3.679951250000000372e-08
3.578253750000000001e-08
3.414015000000000147e-08
3.298043750000000035e-08
3.243702499999999925e-08
3.208061249999999844e-08
3.168207499999999950e-08
3.076339999999999739e-08
2.944968749999999700e-08
2.820361249999999952e-08
2.730975000000000074e-08
2.666733749999999988e-08
2.614921250000000133e-08
2.575238750000000068e-08
2.510471250000000147e-08
2.343842500000000429e-08
2.097990000000000114e-08
1.944208749999999943e-08
1.838037499999999693e-08
1.610665000000000083e-08
1.419223750000000023e-08
1.298672500000000077e-08
1.137245000000000037e-08
1.013208749999999911e-08
9.120036249999999087e-09
2.057657500000000140e-09
2.018121250000000043e-09
1.962192499999999788e-09
9.260462499999999649e-10
8.881762499999999706e-10
