1.506773749999999978e+01
1.823383749999999992e+01
1.271439999999999948e+01
1.088455000000000261e+01
9.851518750000000324e+00
9.001026249999998896e+00
8.119089999999999918e+00
7.372257499999999908e+00
6.803541250000000318e+00
6.305267499999999359e+00
5.808176249999999818e+00
5.293815000000000381e+00
4.913089999999999513e+00
4.386929999999999552e+00
4.195856250000000287e+00
4.123412499999999703e+00
4.064642500000000602e+00
4.027647500000000491e+00
4.002500000000000391e+00
3.979089999999999794e+00
3.965008749999999971e+00
3.952466249999999626e+00
3.936537500000000467e+00
3.922008750000000266e+00
3.910588750000000058e+00
3.902843750000000167e+00
3.897182499999999994e+00
3.893282500000000201e+00
3.889384999999999426e+00
3.885481250000000664e+00
3.882402500000000423e+00
3.880467499999999514e+00
3.878540000000000543e+00
3.876603750000000126e+00
3.874387499999999207e+00
3.872043749999999562e+00
3.870113750000000241e+00
3.868595000000000450e+00
3.867453750000000134e+00
3.866886250000000302e+00
3.866323749999999837e+00
3.865573749999999364e+00
3.864817500000000461e+00
3.864061249999999337e+00
3.863311249999999752e+00
3.862739999999999618e+00
3.862361249999999302e+00
3.861984999999999779e+00
3.861611249999999718e+00
3.861400000000000166e+00
3.861350000000000726e+00
3.861299999999999955e+00
3.861258750000000628e+00
3.861209999999999809e+00
3.861159999999999037e+00
3.861110000000000042e+00
3.861069999999998892e+00
3.861019999999999897e+00
3.860970000000000901e+00
3.860930000000000195e+00
3.860880000000000756e+00
3.860829999999999984e+00
3.860781249999999609e+00
3.860739999999999839e+00
3.860653749999999995e+00
3.860539999999999861e+00
3.860420000000000407e+00
3.860299999999999621e+00
3.860126250000000425e+00
3.859891249999999996e+00
3.859656249999999567e+00
3.859420000000000073e+00
3.859182499999999738e+00
3.858856250000000099e+00
3.858433749999999662e+00
3.858006250000000303e+00
3.857581249999999518e+00
3.857181250000000006e+00
3.856848750000000603e+00
3.856650000000001022e+00
3.856539999999999413e+00
3.856442499999999551e+00
3.856358749999999613e+00
3.856269999999999420e+00
3.856169999999999654e+00
3.856061249999999774e+00
3.855960000000000054e+00
3.855858749999999890e+00
3.855750000000000011e+00
3.855689999999999618e+00
3.855640000000000622e+00
3.855570000000000164e+00
3.855336249999999687e+00
3.855029999999999735e+00
3.854774999999999174e+00
3.854266249999999783e+00
3.853940000000000587e+00
3.853822499999999263e+00
3.853670000000000595e+00
3.853543749999999601e+00
3.853480000000000238e+00
3.853439999999999532e+00
3.853380000000000472e+00
3.853339999999999765e+00
3.853249999999999620e+00
3.853120000000000100e+00
3.853000000000000647e+00
3.852910000000000501e+00
3.852860000000000174e+00
3.852830000000000421e+00
3.852789999999999715e+00
3.852749999999999897e+00
3.852720000000000589e+00
3.852679999999999882e+00
3.852640000000000509e+00
3.852580000000000116e+00
3.852530000000000676e+00
3.852498749999999639e+00
3.852469999999999839e+00
3.852450000000000596e+00
3.852419999999999511e+00
3.852390000000000203e+00
3.852350000000000385e+00
3.852329999999999366e+00
3.852319999999999744e+00
3.852300000000000058e+00
3.852289999999999992e+00
3.852279999999999927e+00
3.852270000000000305e+00
3.852250000000000618e+00
3.852240000000000997e+00
3.852219999999999533e+00
3.852209999999999912e+00
3.852199999999999847e+00
3.852180000000000160e+00
3.852160000000000473e+00
3.852139999999999453e+00
3.852119999999999767e+00
3.852100000000000080e+00
3.852100000000000080e+00
3.852090000000000014e+00
3.852080000000000393e+00
3.852080000000000393e+00
3.852070000000000327e+00
3.852060000000000706e+00
3.852049999999999308e+00
3.852039999999999687e+00
3.852039999999999687e+00
3.852029999999999621e+00
3.852009999999999934e+00
3.851996250000000011e+00
3.851970000000000560e+00
3.851919999999999789e+00
3.851880000000000415e+00
3.851869999999999017e+00
3.851849999999999774e+00
3.851839999999999709e+00
3.851770000000001026e+00
3.851669999999999483e+00
3.851649999999999796e+00
3.851630000000000109e+00
3.851590000000000735e+00
3.851500000000000590e+00
3.851420000000000510e+00
3.851130000000000386e+00
3.850690000000000168e+00
3.850538749999999677e+00
3.850237499999999979e+00
3.849720000000000475e+00
3.849139999999999340e+00
3.848649999999999682e+00
3.848328750000000298e+00
3.847619999999999596e+00
3.847062499999999829e+00
3.846651250000000299e+00
3.845873750000000868e+00
3.844619999999999482e+00
3.843597499999999112e+00
3.841271250000000581e+00
3.836658750000000673e+00
3.832732500000000542e+00
3.827432499999999571e+00
3.819298750000000187e+00
3.806481249999999594e+00
3.792091250000000358e+00
3.771652500000000074e+00
3.750501250000000120e+00
3.742136250000000164e+00
3.732011249999999780e+00
3.710728750000000353e+00
3.695031250000000433e+00
3.686107499999999870e+00
3.676180000000000447e+00
3.660503750000000167e+00
3.616043749999999779e+00
3.572271250000000009e+00
3.516857500000000414e+00
3.449346249999999614e+00
3.492360000000000131e+00
4.492833749999999959e+00
9.277777499999999122e+00
1.537441250000000004e+01
1.090755000000000052e+01
5.561160000000000103e+00
3.886886249999999876e+00
3.359502500000000058e+00
3.184593749999999890e+00
2.974716250000000617e+00
2.860866249999999944e+00
2.787668750000000362e+00
2.727257500000000334e+00
2.796920000000000073e+00
2.929387500000000255e+00
3.111900000000000333e+00
3.465022499999999450e+00
6.146586250000000362e+00
5.371631249999999191e+00
3.025348750000000475e+00
2.683867500000000295e+00
4.402953749999999999e+00
4.654813750000000638e+00
2.764210000000000278e+00
2.226062500000000277e+00
2.009409999999999918e+00
1.465447500000000236e+00
5.826459999999999972e-01
1.087116250000000006e+00
2.404656250000000384e+00
1.702202500000000063e+00
1.335047500000000165e+00
1.057231249999999845e+00
1.235554999999999959e+00
1.455066249999999783e+00
3.996850000000000125e-01
4.002362500000000156e-01
4.352312500000000139e-01
1.923600000000000032e-01
2.008637500000000076e-01
