1.506623749999999973e+01
1.823203749999999701e+01
1.271320000000000050e+01
1.088352499999999878e+01
9.850606250000000230e+00
9.000206249999999741e+00
8.118366250000001116e+00
7.371617500000001044e+00
6.802968750000000675e+00
6.304751249999999807e+00
5.807724999999999582e+00
5.293432500000000651e+00
4.912765000000000271e+00
4.386702500000000171e+00
4.195669999999999789e+00
4.123251249999999146e+00
4.064498750000000271e+00
4.027517500000000084e+00
4.002380000000000493e+00
3.978979999999999961e+00
3.964904999999999458e+00
3.952368750000000208e+00
3.936446250000000369e+00
3.921927499999999789e+00
3.910513749999999344e+00
3.902773750000000152e+00
3.897117500000000678e+00
3.893217499999999998e+00
3.889325000000000365e+00
3.885426249999999637e+00
3.882349999999999746e+00
3.880415000000000170e+00
3.878487499999999866e+00
3.876554999999999751e+00
3.874340000000000117e+00
3.872001249999999839e+00
3.870071250000000518e+00
3.868554999999999744e+00
3.867414999999999825e+00
3.866848749999999502e+00
3.866287499999999877e+00
3.865537499999999849e+00
3.864783749999999962e+00
3.864031250000000028e+00
3.863279999999999603e+00
3.862709999999999866e+00
3.862330000000000041e+00
3.861955000000000027e+00
3.861581249999999965e+00
3.861370000000000413e+00
3.861319999999999641e+00
3.861270000000000646e+00
3.861229999999999496e+00
3.861180000000000501e+00
3.861129999999999729e+00
3.861080000000000290e+00
3.861039999999999583e+00
3.860990000000000588e+00
3.860939999999999817e+00
3.860900000000000443e+00
3.860849999999999671e+00
3.860800000000000232e+00
3.860756249999999667e+00
3.860710000000000530e+00
3.860626250000000148e+00
3.860510000000000552e+00
3.860389999999999766e+00
3.860272499999999773e+00
3.860098749999999690e+00
3.859863750000000149e+00
3.859629999999999672e+00
3.859392500000000226e+00
3.859158749999999749e+00
3.858831250000000601e+00
3.858407499999999768e+00
3.857980000000000409e+00
3.857559999999999878e+00
3.857160000000000366e+00
3.856827499999999631e+00
3.856628749999999606e+00
3.856520000000000170e+00
3.856422499999999864e+00
3.856338749999999482e+00
3.856249999999999734e+00
3.856149999999999967e+00
3.856041250000000087e+00
3.855939999999999923e+00
3.855840000000000156e+00
3.855732500000000229e+00
3.855669999999999931e+00
3.855626250000000255e+00
3.855550000000000477e+00
3.855319999999999414e+00
3.855016249999999811e+00
3.854757499999999393e+00
3.854251250000000351e+00
3.853919999999999568e+00
3.853809999999999736e+00
3.853660000000000529e+00
3.853529999999999678e+00
3.853470000000000617e+00
3.853428749999999958e+00
3.853369999999999074e+00
3.853330000000000144e+00
3.853236249999999696e+00
3.853110000000000479e+00
3.852989999999999249e+00
3.852899999999999103e+00
3.852850000000000108e+00
3.852820000000000356e+00
3.852779999999999649e+00
3.852740000000000276e+00
3.852710000000000967e+00
3.852669999999999817e+00
3.852630000000000443e+00
3.852570000000000050e+00
3.852519999999999278e+00
3.852489999999999970e+00
3.852460000000000218e+00
3.852440000000000531e+00
3.852409999999999446e+00
3.852380000000000138e+00
3.852350000000000385e+00
3.852319999999999744e+00
3.852309999999999679e+00
3.852300000000000058e+00
3.852279999999999927e+00
3.852275000000000116e+00
3.852260000000000240e+00
3.852250000000000618e+00
3.852229999999999599e+00
3.852219999999999533e+00
3.852209999999999912e+00
3.852189999999999781e+00
3.852170000000000538e+00
3.852152500000000757e+00
3.852139999999999453e+00
3.852119999999999767e+00
3.852100000000000080e+00
3.852090000000000014e+00
3.852081250000000345e+00
3.852080000000000393e+00
3.852075000000000138e+00
3.852060000000000706e+00
3.852049999999999308e+00
3.852049999999999308e+00
3.852039999999999687e+00
3.852029999999999621e+00
3.852020000000000000e+00
3.852009999999999934e+00
3.851990000000000247e+00
3.851967499999999767e+00
3.851919999999999789e+00
3.851880000000000415e+00
3.851859999999999395e+00
3.851849999999999774e+00
3.851839999999999709e+00
3.851759999999999629e+00
3.851669999999999483e+00
3.851649999999999796e+00
3.851620000000000044e+00
3.851590000000000735e+00
3.851496250000000288e+00
3.851420000000000510e+00
3.851130000000000386e+00
3.850690000000000168e+00
3.850531249999999517e+00
3.850236249999999583e+00
3.849720000000000475e+00
3.849138749999999387e+00
3.848649999999999682e+00
3.848328750000000298e+00
3.847619999999999596e+00
3.847062499999999829e+00
3.846651250000000299e+00
3.845873750000000868e+00
3.844619999999999482e+00
3.843597499999999112e+00
3.841270000000000184e+00
3.836658750000000673e+00
3.832731250000000145e+00
3.827429999999999666e+00
3.819298750000000187e+00
3.806481249999999594e+00
3.792091250000000358e+00
3.771652500000000074e+00
3.750501250000000120e+00
3.742136250000000164e+00
3.732011249999999780e+00
3.710728750000000353e+00
3.695031250000000433e+00
3.686107499999999870e+00
3.676180000000000447e+00
3.660503750000000167e+00
3.616042499999999826e+00
3.572271250000000009e+00
3.516857500000000414e+00
3.449346249999999614e+00
3.492360000000000131e+00
4.492832500000000451e+00
9.277777499999999122e+00
1.537441250000000004e+01
1.090755000000000052e+01
5.561160000000000103e+00
3.886886249999999876e+00
3.359502500000000058e+00
3.184593749999999890e+00
2.974716250000000617e+00
2.860866249999999944e+00
2.787668750000000362e+00
2.727257500000000334e+00
2.796920000000000073e+00
2.929387500000000255e+00
3.111900000000000333e+00
3.465022499999999450e+00
6.146586250000000362e+00
5.371631249999999191e+00
3.025348750000000475e+00
2.683867500000000295e+00
4.402953749999999999e+00
4.654813750000000638e+00
2.764210000000000278e+00
2.226062500000000277e+00
2.009409999999999918e+00
1.465447500000000236e+00
5.826459999999999972e-01
1.087116250000000006e+00
2.389508750000000070e+00
1.646744999999999903e+00
1.278393749999999995e+00
8.189518749999999958e-01
7.064851250000000471e-01
8.471946249999999790e-01
2.314895000000000147e-01
2.410887500000000183e-01
2.536705000000000210e-01
1.153991250000000052e-01
1.295300000000000062e-01
