2.283292500000000018e+02
2.718731249999999591e+02
1.857183749999999804e+02
1.564439999999999884e+02
1.396701249999999845e+02
1.256428750000000036e+02
1.107261249999999961e+02
9.785228750000000275e+01
8.777986250000000723e+01
7.847154999999999347e+01
6.889068749999999852e+01
5.808668749999999648e+01
4.937824999999999420e+01
3.450876250000000312e+01
2.777543750000000244e+01
2.467891249999999914e+01
2.173908750000000012e+01
1.965961250000000149e+01
1.805644999999999811e+01
1.679796250000000057e+01
1.576672500000000099e+01
1.491712499999999864e+01
1.370043749999999960e+01
1.235663749999999972e+01
1.134153749999999938e+01
1.054601249999999979e+01
9.878002500000000907e+00
9.322054999999998870e+00
8.849043749999999875e+00
8.447445000000000093e+00
8.083482500000000570e+00
7.764355000000000118e+00
7.475729999999999542e+00
7.214237499999999415e+00
6.882671250000001351e+00
6.492090000000000138e+00
6.158041250000000133e+00
5.870670000000000499e+00
5.653666249999999671e+00
5.529446249999999452e+00
5.371584999999999610e+00
5.161536249999999271e+00
4.971672500000000383e+00
4.805767499999999970e+00
4.644004999999999939e+00
4.538666249999999458e+00
4.471268750000000125e+00
4.404499999999999638e+00
4.337702500000000683e+00
4.293973750000000145e+00
4.273460000000000036e+00
4.253312500000000718e+00
4.232866250000000719e+00
4.212430000000000341e+00
4.192127499999999785e+00
4.171708750000000521e+00
4.151285000000000558e+00
4.131047500000000205e+00
4.110621250000000337e+00
4.090366250000000647e+00
4.069997500000000379e+00
4.049633750000000809e+00
4.029216250000000166e+00
4.008896249999999384e+00
3.973138749999999941e+00
3.922344999999999526e+00
3.871497500000000258e+00
3.820482500000000226e+00
3.757518750000000463e+00
3.683471250000000197e+00
3.608874999999999833e+00
3.533468750000000380e+00
3.458732500000000432e+00
3.370033749999999717e+00
3.266032500000000116e+00
3.161766250000000333e+00
3.073090000000000099e+00
2.995530000000000470e+00
2.930979999999999919e+00
2.862977500000000397e+00
2.789517500000000094e+00
2.725963750000000019e+00
2.666878749999999965e+00
2.616171250000000281e+00
2.567218749999999883e+00
2.515636250000000018e+00
2.466072500000000112e+00
2.423917500000000391e+00
2.386833750000000087e+00
2.363036250000000393e+00
2.348121250000000160e+00
2.321035000000000181e+00
2.263326249999999984e+00
2.205449999999999910e+00
2.178424999999999834e+00
2.208590000000000053e+00
2.353025000000000144e+00
2.567053750000000356e+00
3.303681249999999903e+00
4.684547499999999864e+00
6.550947499999999479e+00
1.007207499999999811e+01
2.461116249999999894e+01
7.303243750000000034e+01
3.051084999999999923e+02
5.130536250000000464e+00
1.914795000000000025e+00
1.260266249999999921e+00
1.081286250000000004e+00
1.046891250000000051e+00
1.062376250000000022e+00
1.129401249999999912e+00
1.240439999999999987e+00
1.470315000000000039e+00
1.993500000000000050e+00
4.291797499999999488e+00
1.190371250000000103e+01
3.821153749999999718e+02
4.964189999999999827e+02
8.116471250000000026e+00
2.956446249999999623e+02
1.894637500000000330e+01
1.205950000000000077e+00
6.137287500000000451e-01
4.985680000000000667e-01
4.138575000000000448e-01
3.497957500000000164e-01
3.170342500000000174e-01
2.855686250000000204e-01
2.555487499999999357e-01
2.246178750000000224e-01
2.079216250000000266e-01
1.963432499999999692e-01
1.862512499999999793e-01
1.738521250000000240e-01
1.654378749999999842e-01
1.591673749999999998e-01
1.548857499999999887e-01
1.528090000000000004e-01
1.528546250000000217e-01
1.533692500000000125e-01
1.575782500000000030e-01
1.625041249999999715e-01
1.834137500000000143e-01
2.272083749999999902e-01
2.943433750000000182e-01
4.253821250000000553e-01
7.913790000000000546e-01
2.788439999999999586e+00
3.917973749999999882e+02
2.827740000000000364e+01
1.889560000000000128e+00
2.584923749999999965e-01
9.811928749999999921e-02
5.983286250000000028e-02
4.462268750000000089e-02
3.818585000000000035e-02
1.905445000000000055e-02
1.210083750000000118e-02
1.225546249999999796e-02
1.268896250000000128e-02
1.490529999999999980e-02
5.295549999999999563e-02
1.959701249999999817e+01
5.767784999999999940e+00
3.389428750000000434e+00
3.143977500000000092e+00
2.750937500000000036e+00
2.263983749999999961e+00
1.931521250000000078e+00
1.694697499999999968e+00
1.599590000000000067e+00
1.405189999999999939e+00
1.302138749999999900e+00
1.237557500000000088e+00
1.115870000000000140e+00
9.770316250000000702e-01
8.923682499999998630e-01
7.673991250000000708e-01
6.146047500000000330e-01
5.400506250000000064e-01
4.764273749999999863e-01
4.074398750000000069e-01
3.451997499999999719e-01
2.902912500000000007e-01
2.474104999999999777e-01
2.146472500000000116e-01
2.043260000000000076e-01
1.944528749999999973e-01
1.768241249999999987e-01
1.663514999999999855e-01
1.611696250000000108e-01
1.563680000000000070e-01
1.497028749999999853e-01
1.343246250000000031e-01
1.209373749999999997e-01
1.082299999999999929e-01
9.671223749999999231e-02
8.912873749999999928e-02
8.540646250000000217e-02
8.397137500000001475e-02
8.367753749999999602e-02
8.341957499999999581e-02
8.341548750000001011e-02
8.343742499999999562e-02
8.345281250000000095e-02
8.346314999999999984e-02
8.447863749999999505e-02
8.535841249999998048e-02
8.532476249999999818e-02
8.536446250000000180e-02
8.672634999999999372e-02
8.777269999999999517e-02
8.849106249999999507e-02
8.943130000000000523e-02
9.211718750000000289e-02
9.698403750000000878e-02
1.029140000000000194e-01
1.084516249999999959e-01
1.129358750000000050e-01
1.167790000000000078e-01
1.095097499999999890e-01
8.585021250000000881e-02
6.906234999999999458e-02
5.597240000000000548e-02
5.043757499999999838e-02
4.849196249999999930e-02
3.635081250000000291e-02
2.157481249999999851e-02
1.178591250000000056e-02
4.588174999999999892e-03
4.388165000000000295e-03
5.199501250000000338e-03
1.412137500000000111e-03
1.413656249999999982e-03
1.392088750000000132e-03
6.750087499999999838e-04
6.889437499999999511e-04
