9.534787500000000193e+00
1.284348750000000017e+01
1.001726250000000107e+01
9.198595000000000965e+00
8.773007499999998515e+00
8.446464999999999890e+00
8.132162499999999739e+00
7.888311250000000996e+00
7.718220000000000525e+00
7.577596250000000033e+00
7.448061250000000300e+00
7.323106249999999484e+00
7.236437500000000966e+00
7.120705000000000950e+00
7.077746250000000572e+00
7.060446249999999146e+00
7.044509999999999827e+00
7.033232500000000442e+00
7.024279999999999191e+00
7.016863749999999733e+00
7.010368749999999594e+00
7.004583750000000109e+00
6.995449999999999058e+00
6.983746249999999378e+00
6.973080000000000389e+00
6.963036249999999150e+00
6.953356249999998795e+00
6.943964999999999499e+00
6.934796249999999773e+00
6.925793749999999527e+00
6.916883749999999331e+00
6.908115000000000450e+00
6.899438749999999843e+00
6.890805000000000291e+00
6.878256249999999739e+00
6.861371249999999478e+00
6.844727499999999409e+00
6.828156250000001037e+00
6.815641249999999651e+00
6.807501250000000503e+00
6.795437500000000242e+00
6.779387499999999456e+00
6.763303750000001280e+00
6.747428750000000086e+00
6.731608749999999475e+00
6.719762500000001637e+00
6.711892500000000261e+00
6.704095000000000582e+00
6.696296250000000505e+00
6.690853749999999600e+00
6.687776250000000644e+00
6.684756249999999511e+00
6.681690000000000573e+00
6.678626249999999764e+00
6.675580000000000069e+00
6.672517499999999657e+00
6.669455000000000133e+00
6.666418749999999172e+00
6.663357499999999156e+00
6.660318750000000065e+00
6.657266250000000163e+00
6.654211250000000355e+00
6.651147500000000434e+00
6.648100000000000342e+00
6.642737499999999962e+00
6.635119999999999685e+00
6.627492500000000675e+00
6.619842499999999852e+00
6.608578749999999502e+00
6.593858749999999880e+00
6.579033750000000680e+00
6.564042500000000224e+00
6.549188749999999892e+00
6.528902500000000053e+00
6.502812500000000107e+00
6.476535000000000153e+00
6.450881250000001010e+00
6.426784999999999748e+00
6.406728750000000083e+00
6.382141250000000099e+00
6.353151249999998917e+00
6.328073749999999720e+00
6.304746249999999996e+00
6.281432500000000196e+00
6.255871250000000217e+00
6.228934999999999000e+00
6.202927500000000371e+00
6.176215000000000899e+00
6.149869999999999948e+00
6.132965000000000444e+00
6.122366249999999788e+00
6.102868749999999842e+00
6.045677500000000038e+00
5.970474999999999532e+00
5.907008749999999253e+00
5.776489999999999903e+00
5.642531250000000220e+00
5.551560000000000272e+00
5.393736249999999899e+00
5.232107499999999689e+00
5.108263749999999881e+00
4.963815000000000310e+00
4.698592500000000172e+00
4.628808750000000138e+00
9.871030000000001081e+00
5.734657499999999963e+00
5.323396250000000052e+00
5.048263750000000272e+00
4.864083749999998929e+00
4.742462500000000247e+00
4.582234999999999836e+00
4.450029999999999930e+00
4.328383749999999530e+00
4.168813749999999985e+00
3.955247500000000471e+00
3.595078749999999879e+00
3.363071249999999957e+00
3.921161249999999399e+01
6.158415000000000106e+01
5.467998749999999575e+00
3.872875000000000512e+01
1.046071250000000141e+01
5.686674999999999258e+00
5.145723750000000152e+00
4.992981249999999704e+00
4.856226249999998856e+00
4.736498749999999092e+00
4.664500000000000313e+00
4.584467499999998807e+00
4.497615000000000585e+00
4.392106250000000323e+00
4.322667499999999663e+00
4.268932500000000019e+00
4.212402499999999606e+00
4.129852500000000148e+00
4.049448749999999819e+00
3.975260000000000016e+00
3.898973749999999683e+00
3.818628749999999794e+00
3.763955000000000162e+00
3.705109999999999904e+00
3.631488749999999932e+00
3.558703749999999832e+00
3.361816250000000394e+00
3.115808749999999794e+00
2.876819999999999933e+00
2.554461250000000128e+00
2.083866249999999809e+00
1.750009999999999843e+00
4.817592499999999518e+02
5.688817500000000393e+01
1.118238750000000081e+01
6.188203750000001335e+00
5.209396250000000173e+00
4.850581250000000288e+00
4.668177500000000535e+00
4.576738750000000522e+00
4.133288750000000178e+00
3.779587500000000322e+00
3.694336250000000099e+00
3.623358749999999961e+00
3.478871249999999637e+00
2.873428750000000420e+00
2.027608750000000271e+01
3.248692500000000649e+01
9.531573749999999734e+00
9.312625000000000597e+00
8.942914999999999281e+00
8.437113749999999968e+00
8.035802500000000848e+00
7.744363749999999769e+00
7.606639999999999624e+00
7.320748749999999916e+00
7.153001249999999089e+00
7.041965000000000252e+00
6.832748750000000371e+00
6.573020000000000529e+00
6.400052499999999256e+00
6.117135000000000211e+00
5.730168749999999811e+00
5.519372499999999349e+00
5.329213750000000083e+00
5.118062499999999737e+00
4.929843749999999858e+00
4.766361250000000105e+00
4.645393750000000210e+00
4.554027500000000117e+00
4.525141249999999893e+00
4.496885000000000687e+00
4.444670000000000343e+00
4.411966249999999867e+00
4.395138750000000094e+00
4.378989999999999938e+00
4.355900000000000105e+00
4.375156249999999858e+00
4.413657500000000233e+00
4.502007499999999496e+00
4.691341249999999796e+00
4.944146250000000187e+00
5.194280000000000008e+00
5.356536250000000443e+00
5.423799999999999066e+00
5.499837499999999935e+00
5.591347500000000359e+00
5.721052500000000762e+00
5.837431250000000738e+00
5.912628750000000544e+00
6.055798750000000119e+00
6.158164999999999445e+00
6.234636249999999436e+00
6.364786249999999868e+00
6.470167500000000516e+00
6.524201249999999952e+00
6.561296249999999830e+00
6.601593750000000149e+00
6.693636250000000842e+00
6.825556249999999103e+00
6.943846250000000886e+00
6.983787500000000037e+00
7.006694999999999673e+00
7.026331250000000139e+00
6.978057500000000246e+00
6.795650000000000190e+00
6.361875000000000391e+00
5.523807499999999315e+00
4.940768750000000153e+00
4.498910000000000409e+00
3.486223750000000177e+00
2.646409999999999929e+00
2.274003749999999879e+00
2.081649999999999778e+00
2.259838750000000118e+00
2.524891250000000031e+00
6.773987500000000495e-01
6.798587499999999562e-01
6.787324999999999608e-01
3.287562500000000276e-01
3.130837499999999940e-01
