2.378640000000000043e+02
2.847167499999999905e+02
1.957356249999999989e+02
1.656427499999999782e+02
1.484430000000000121e+02
1.340892499999999927e+02
1.188582499999999982e+02
1.057407499999999914e+02
9.549807500000000005e+01
8.604914999999999736e+01
7.633875000000000455e+01
6.540977499999999623e+01
5.661468750000000227e+01
4.162947500000000645e+01
3.485320000000000107e+01
3.173936249999999859e+01
2.878357500000000258e+01
2.669281249999999872e+01
2.508073750000000146e+01
2.381482499999999902e+01
2.277708749999999682e+01
2.192171250000000171e+01
2.069586250000000049e+01
1.934037499999999454e+01
1.831460000000000221e+01
1.750902499999999762e+01
1.683133750000000006e+01
1.626603749999999948e+01
1.578382500000000022e+01
1.537325000000000053e+01
1.500037500000000001e+01
1.467244999999999955e+01
1.437517499999999870e+01
1.410503750000000167e+01
1.376091249999999988e+01
1.335346249999999912e+01
1.300277499999999975e+01
1.269882499999999936e+01
1.246931249999999913e+01
1.233694999999999986e+01
1.216702500000000065e+01
1.194093750000000043e+01
1.173497499999999860e+01
1.155318749999999994e+01
1.137561249999999902e+01
1.125842500000000257e+01
1.118316250000000167e+01
1.110860000000000092e+01
1.103398750000000028e+01
1.098483750000000114e+01
1.096123750000000108e+01
1.093806250000000091e+01
1.091457500000000103e+01
1.089106250000000031e+01
1.086771249999999966e+01
1.084421249999999937e+01
1.082072499999999948e+01
1.079747499999999860e+01
1.077397499999999830e+01
1.075068749999999973e+01
1.072726250000000014e+01
1.070384999999999920e+01
1.068037500000000151e+01
1.065697500000000097e+01
1.061586250000000042e+01
1.055748750000000058e+01
1.049899999999999878e+01
1.044033750000000182e+01
1.036609999999999943e+01
1.027733750000000157e+01
1.018789999999999907e+01
1.009750000000000014e+01
1.000792500000000018e+01
9.898940000000001405e+00
9.768845000000000667e+00
9.638301250000001374e+00
9.523973750000001459e+00
9.422314999999999330e+00
9.337712500000002080e+00
9.245118749999999608e+00
9.142668750000000344e+00
9.054037499999999739e+00
8.971627500000000310e+00
8.897605000000000430e+00
8.823091249999999164e+00
8.744574999999999321e+00
8.669002499999999500e+00
8.600131250000000449e+00
8.536704999999999544e+00
8.495998750000000044e+00
8.470487500000000836e+00
8.423901250000000118e+00
8.309005000000000862e+00
8.175928749999998857e+00
8.085433749999999975e+00
7.985079999999999956e+00
7.995556249999999920e+00
8.118614999999998361e+00
8.697418749999998866e+00
9.916654999999998665e+00
1.165920000000000023e+01
1.503588749999999941e+01
2.930976250000000149e+01
7.766123749999999859e+01
3.149795000000000300e+02
1.086520000000000152e+01
7.238192499999999363e+00
6.308530000000000193e+00
5.945369999999999600e+00
5.789353750000000076e+00
5.644610000000000127e+00
5.579431249999999842e+00
5.568824999999999470e+00
5.639131250000000151e+00
5.948746250000000124e+00
7.886877499999999763e+00
1.526677499999999910e+01
4.213271249999999668e+02
5.580033750000000055e+02
1.358447499999999764e+01
3.343733750000000100e+02
2.940709999999999980e+01
6.892623750000000271e+00
5.759451249999999689e+00
5.491548749999998869e+00
5.270083749999999512e+00
5.086294999999999789e+00
4.981533749999999650e+00
4.870037500000000463e+00
4.753163749999999688e+00
4.616722499999999840e+00
4.530588749999999720e+00
4.465276250000000502e+00
4.398656250000000156e+00
4.303704999999999892e+00
4.214885000000000659e+00
4.134427500000000144e+00
4.053858750000000732e+00
3.971437500000000398e+00
3.916808749999999950e+00
3.858478750000000623e+00
3.789067500000000255e+00
3.721208750000000176e+00
3.545231249999999612e+00
3.343017500000000197e+00
3.171162499999999440e+00
2.979843750000000124e+00
2.875244999999999607e+00
4.538448749999999698e+00
8.735566249999999400e+02
8.516558749999998668e+01
1.307195000000000107e+01
6.446697499999999970e+00
5.307515000000000427e+00
4.910412499999999625e+00
4.712798750000000148e+00
4.614924999999999500e+00
4.152343750000000000e+00
3.791687500000000099e+00
3.706592500000000179e+00
3.636048750000000496e+00
3.493777499999999758e+00
2.926383749999999839e+00
3.987308749999999691e+01
3.825468749999999574e+01
1.292098749999999896e+01
1.245660000000000167e+01
1.169386249999999983e+01
1.070109999999999850e+01
9.967323750000000260e+00
9.439063749999998976e+00
9.206232500000000485e+00
8.725936250000000172e+00
8.455141249999998720e+00
8.279524999999999579e+00
7.948621250000000416e+00
7.550052500000000499e+00
7.292418750000000394e+00
6.884533750000001007e+00
6.344773749999999879e+00
6.059425000000000061e+00
5.805642500000001149e+00
5.525502499999999095e+00
5.275043750000000031e+00
5.056653749999999725e+00
4.892807499999999976e+00
4.768678749999999411e+00
4.729470000000000063e+00
4.691341250000000684e+00
4.621498749999998878e+00
4.578321250000000120e+00
4.556312499999999766e+00
4.535362499999999741e+00
4.505607499999999987e+00
4.509483749999999347e+00
4.534601249999999695e+00
4.610238750000000607e+00
4.788057499999998967e+00
5.033278750000000912e+00
5.279691249999999947e+00
5.440510000000000623e+00
5.507484999999999964e+00
5.583262500000000017e+00
5.674768750000000139e+00
5.804492500000000277e+00
5.920890000000000875e+00
5.996097499999999414e+00
6.140342500000000037e+00
6.249123749999999866e+00
6.354137500000000216e+00
6.534383749999999935e+00
6.667423749999999316e+00
6.732217499999999077e+00
6.776696250000000532e+00
6.825714999999999755e+00
6.940030000000000143e+00
7.109093749999999545e+00
7.269726249999999723e+00
7.346328749999999630e+00
7.398536249999999370e+00
7.443282499999999580e+00
7.471753749999999528e+00
7.481675000000000075e+00
7.429030000000000022e+00
7.132722499999999854e+00
6.823250000000000703e+00
6.534753750000001027e+00
5.741293750000000529e+00
4.957923749999999963e+00
4.544870000000000410e+00
4.359863749999999705e+00
4.550077500000000441e+00
4.782173750000000112e+00
1.235862500000000086e+00
1.238228749999999989e+00
1.237350000000000172e+00
6.085537500000000044e-01
5.930237499999999606e-01
