5.094425000000000203e+00
6.066089999999999982e+00
4.143907500000000077e+00
3.490793750000000362e+00
3.116572499999999746e+00
2.803640000000000576e+00
2.470873749999999980e+00
2.183691249999999862e+00
1.959015000000000173e+00
1.751396249999999988e+00
1.537713750000000212e+00
1.296775000000000011e+00
1.102600000000000025e+00
7.712383750000000315e-01
6.212966250000000468e-01
5.524232499999999213e-01
4.870499999999999829e-01
4.408559999999999701e-01
4.052916249999999887e-01
3.773962499999999887e-01
3.545427500000000176e-01
3.357293750000000521e-01
3.088337499999999625e-01
2.791801250000000012e-01
2.568242500000000317e-01
2.393292499999999934e-01
2.246767500000000362e-01
2.125062499999999799e-01
2.021682499999999938e-01
1.934041250000000101e-01
1.854751250000000184e-01
1.785378749999999848e-01
1.722740000000000105e-01
1.666087499999999999e-01
1.594416250000000035e-01
1.510171250000000021e-01
1.438308749999999692e-01
1.376686249999999889e-01
1.330156249999999984e-01
1.303581249999999914e-01
1.269923749999999907e-01
1.225134999999999974e-01
1.184708749999999894e-01
1.149448750000000019e-01
1.115083749999999929e-01
1.092758749999999945e-01
1.078483749999999963e-01
1.064340000000000147e-01
1.050191249999999910e-01
1.040935000000000055e-01
1.036601250000000057e-01
1.032346249999999965e-01
1.028027499999999983e-01
1.023711250000000073e-01
1.019423750000000017e-01
1.015110000000000040e-01
1.010795000000000166e-01
1.006522499999999987e-01
1.002206250000000076e-01
9.979288749999998265e-02
9.936266250000000411e-02
9.893255000000000798e-02
9.850129999999999997e-02
9.807205000000002171e-02
9.731678750000000155e-02
9.624389999999999334e-02
9.516992500000000244e-02
9.409233749999998397e-02
9.276113749999999325e-02
9.119446249999998977e-02
8.961624999999999452e-02
8.802077499999999555e-02
8.643958749999999802e-02
8.455368750000000211e-02
8.233429999999999915e-02
8.010856249999999401e-02
7.819764999999997968e-02
7.651732499999999715e-02
7.511883749999999360e-02
7.371434999999999793e-02
7.224538749999999399e-02
7.097457500000001196e-02
6.979250000000000731e-02
6.859172499999999228e-02
6.725993750000000548e-02
6.585661249999999467e-02
6.450996250000001764e-02
6.342668750000000910e-02
6.251232500000000747e-02
6.192554999999999588e-02
6.155776250000000172e-02
6.088054999999999856e-02
5.886668750000000755e-02
5.649866249999999090e-02
5.488508749999999187e-02
5.184259999999999563e-02
4.927073750000000169e-02
4.792597500000000260e-02
4.610318750000000354e-02
4.455588749999999515e-02
4.377422499999999994e-02
4.318514999999999160e-02
4.242662499999999559e-02
4.193521249999999922e-02
4.062034999999999951e-02
3.864632500000000914e-02
3.705473749999999705e-02
3.546938750000000473e-02
3.433662500000000256e-02
3.355271249999999816e-02
3.273317499999999630e-02
3.212091250000000120e-02
3.158447499999999381e-02
3.104898749999999985e-02
3.049135000000000040e-02
2.979315000000000088e-02
2.933586250000000048e-02
2.901775000000000188e-02
2.868356249999999899e-02
2.833786250000000159e-02
2.784012500000000029e-02
2.720600000000000102e-02
2.677457499999999838e-02
2.660591250000000213e-02
2.652891250000000145e-02
2.644211249999999652e-02
2.635379999999999667e-02
2.629236249999999941e-02
2.623005000000000128e-02
2.623682500000000181e-02
2.625692500000000040e-02
2.627157500000000187e-02
2.628346250000000370e-02
2.629683750000000320e-02
2.631731249999999522e-02
2.639301250000000015e-02
2.652222499999999997e-02
2.665910000000000155e-02
2.680480000000000015e-02
2.690473749999999775e-02
2.702420000000000169e-02
2.726518749999999949e-02
2.752302499999999957e-02
2.817906249999999752e-02
2.889552500000000176e-02
2.956256249999999683e-02
3.057700000000000348e-02
3.170948750000000121e-02
3.309013749999999837e-02
3.478721249999999765e-02
3.616196250000000556e-02
3.919016250000000035e-02
4.713302499999999506e-02
9.265594999999998693e-02
3.566352499999999814e+00
8.215771249999999359e-02
8.247838749999998609e-02
3.560113750000000010e+01
6.952704999999999025e+00
9.122068750000000836e-01
3.209025000000000349e-01
1.393124999999999780e-01
3.997785000000000366e-01
9.117770000000000596e-01
9.071961250000000199e-01
6.485981250000001364e-01
1.107088749999999955e+00
2.490036250000000173e+00
9.686053749999999907e-01
2.503795000000000215e+00
2.917079999999999895e+00
2.248811250000000168e-03
8.011545000000001027e-01
1.430602499999999739e-03
7.434253749999999430e-04
9.151328749999999568e-01
9.533906249999999361e-01
2.628060000000000396e-01
9.297029999999999461e-01
9.240947499999999648e-01
5.057032500000000486e-01
4.571237499999999399e-01
3.989863750000000042e-01
3.398252500000000231e-01
2.928711250000000099e-01
2.487516250000000317e-01
2.194750000000000034e-01
2.103557499999999802e-01
1.991689999999999849e-01
1.818208749999999929e-01
1.719494999999999774e-01
1.663695000000000035e-01
1.614194999999999935e-01
1.548186249999999875e-01
1.422463750000000082e-01
1.333433749999999862e-01
1.254497499999999988e-01
1.199556250000000102e-01
1.176984999999999837e-01
1.153988749999999980e-01
1.122099999999999903e-01
1.084139999999999965e-01
1.037910000000000083e-01
9.820631250000000367e-02
9.084615000000000051e-02
8.433263750000000170e-02
7.994299999999998629e-02
7.480318749999999295e-02
7.190415000000001389e-02
6.990079999999999905e-02
6.831920000000001048e-02
6.732696249999998994e-02
6.685781249999998843e-02
6.653575000000000461e-02
6.617632500000000806e-02
6.532323750000000595e-02
6.402795000000000014e-02
6.273761249999999789e-02
6.180527499999999980e-02
6.114167499999999950e-02
6.057292500000000662e-02
6.011240000000000333e-02
5.939327500000000232e-02
5.735739999999998895e-02
5.141779999999999962e-02
4.317893750000000030e-02
3.661809999999999371e-02
2.344626249999999870e-02
1.441639999999999935e-02
9.900205000000000463e-03
4.808537499999999618e-03
2.373503749999999936e-03
1.524328750000000180e-03
2.934762499999999568e-04
2.798025000000000100e-04
2.580924999999999756e-04
1.029118750000000048e-04
8.212425000000000573e-05
