1.257791249999999827e+01
1.586285000000000167e+01
1.158883750000000035e+01
1.023107500000000059e+01
9.484125000000000583e+00
8.881453750000000369e+00
8.266358750000000200e+00
7.757916250000000069e+00
7.377777499999999655e+00
7.041152499999999037e+00
6.708492500000000192e+00
6.352942500000000159e+00
6.079609999999998848e+00
5.644653750000000692e+00
5.457933750000000472e+00
5.375445000000000917e+00
5.298534999999999329e+00
5.245065000000000310e+00
5.204388749999999675e+00
5.172778749999999981e+00
5.147068749999999859e+00
5.126045000000000407e+00
5.096187500000000981e+00
5.063523749999999879e+00
5.039073750000000018e+00
5.020052500000000251e+00
5.004183749999999264e+00
4.991052500000000336e+00
4.979926250000000110e+00
4.970511250000000381e+00
4.962008749999999857e+00
4.954581250000000381e+00
4.947882499999999517e+00
4.941828749999999992e+00
4.934171250000000342e+00
4.925175000000000303e+00
4.917503749999999840e+00
4.910920000000000840e+00
4.905952499999999716e+00
4.903108749999999461e+00
4.899503750000000046e+00
4.894702500000000178e+00
4.890363749999999676e+00
4.886575000000000557e+00
4.882873749999999902e+00
4.880462500000000148e+00
4.878917500000000018e+00
4.877386249999999812e+00
4.875856250000000003e+00
4.874851250000000746e+00
4.874376250000000965e+00
4.873908750000000900e+00
4.873438750000000930e+00
4.872967499999999674e+00
4.872497499999999704e+00
4.872026249999999337e+00
4.871553749999999461e+00
4.871083749999999490e+00
4.870613749999999520e+00
4.870146250000000343e+00
4.869673749999999579e+00
4.869203749999999609e+00
4.868732500000000130e+00
4.868263749999999668e+00
4.867438749999999814e+00
4.866262500000000379e+00
4.865087500000000453e+00
4.863908749999999337e+00
4.862438749999999921e+00
4.860694999999999766e+00
4.858937500000000576e+00
4.857161249999999875e+00
4.855401249999999891e+00
4.853281250000000213e+00
4.850764999999999993e+00
4.848237499999999756e+00
4.846041249999999856e+00
4.844092499999999468e+00
4.842473749999999910e+00
4.840799999999999770e+00
4.839018749999999258e+00
4.837477500000000319e+00
4.836043749999999974e+00
4.834588749999999990e+00
4.832975000000000243e+00
4.831272499999999859e+00
4.829637499999999584e+00
4.828265000000000029e+00
4.827062500000000256e+00
4.826290000000000191e+00
4.825808750000000202e+00
4.824921250000000050e+00
4.822275000000000311e+00
4.819078750000000078e+00
4.816767500000000091e+00
4.812307500000000182e+00
4.808322499999999167e+00
4.806072499999999081e+00
4.802853749999999700e+00
4.800119999999999720e+00
4.798639999999999795e+00
4.797423750000000986e+00
4.795854999999999535e+00
4.794841250000000166e+00
4.791997499999999910e+00
4.787267499999999565e+00
4.782975000000000421e+00
4.777937500000000171e+00
4.773975000000000968e+00
4.771158749999999671e+00
4.767574999999999008e+00
4.764713750000000303e+00
4.762199999999999989e+00
4.759218749999999609e+00
4.755774999999999864e+00
4.751172500000000021e+00
4.747537499999999966e+00
4.744941250000000110e+00
4.741587500000000510e+00
4.736698750000000402e+00
4.729660000000000863e+00
4.720692499999999292e+00
4.711556250000000112e+00
4.704392499999999977e+00
4.701125000000000220e+00
4.697438749999999885e+00
4.693686249999999838e+00
4.691076250000000059e+00
4.687767500000000531e+00
4.683626249999999658e+00
4.678021250000000464e+00
4.673938750000000475e+00
4.670627499999999266e+00
4.666900000000000048e+00
4.661187499999999595e+00
4.655008749999999473e+00
4.648914999999999687e+00
4.642464999999999620e+00
4.635602500000000070e+00
4.630896249999999270e+00
4.625780000000000669e+00
4.618990000000000151e+00
4.612195000000000711e+00
4.594907499999999700e+00
4.576028750000000755e+00
4.560437499999999922e+00
4.541332500000000216e+00
4.520493749999999977e+00
4.495276249999999862e+00
4.468499999999999694e+00
4.447958750000000627e+00
4.409093750000000256e+00
4.330201250000000002e+00
4.245836249999999978e+00
7.706451249999999753e+00
4.119917500000000565e+00
4.046341250000000223e+00
8.601506249999999909e+01
3.513876249999999857e+01
1.234651249999999933e+01
9.037862500000001020e+00
7.504360000000000142e+00
6.625477499999999687e+00
6.746043750000000117e+00
6.452955000000000219e+00
5.809678749999999781e+00
6.153339999999999144e+00
1.321860000000000035e+01
8.824058750000000728e+00
1.701375000000000171e+01
9.845864999999999867e+00
5.680325000000000735e+00
1.000046250000000114e+01
6.008865000000000123e+00
5.783399999999999430e+00
7.384638749999999696e+00
7.732664999999999900e+00
5.866591250000000812e+00
6.834039999999999893e+00
7.448426250000000692e+00
6.828449999999999243e+00
6.904116249999999511e+00
7.026677499999999021e+00
7.247731249999999292e+00
7.521724999999999994e+00
7.805121250000000899e+00
8.005541250000000275e+00
8.064541249999999550e+00
8.114293749999998084e+00
8.204937499999999773e+00
8.256307500000000132e+00
8.278912500000000563e+00
8.297993749999999835e+00
8.316472499999999712e+00
8.310648750000000362e+00
8.285803749999999468e+00
8.239883750000000617e+00
8.156054999999998500e+00
8.055016249999999545e+00
7.947356249999999456e+00
7.867651249999999763e+00
7.832300000000000040e+00
7.788943749999999611e+00
7.735627500000000545e+00
7.662799999999998946e+00
7.596003750000000387e+00
7.548963749999999528e+00
7.452471249999999436e+00
7.376034999999999009e+00
7.298865000000000158e+00
7.160798749999999657e+00
7.047417499999999002e+00
6.987591249999999476e+00
6.945733750000000484e+00
6.896546249999999212e+00
6.774622499999999548e+00
6.614126249999999985e+00
6.459644999999999193e+00
6.332239999999998759e+00
6.225947500000000190e+00
6.138790000000000191e+00
6.072635000000000005e+00
5.964593749999999694e+00
5.677151249999999649e+00
5.144202499999999567e+00
4.751001250000000731e+00
4.465988750000000174e+00
4.029139999999999944e+00
3.906006249999999902e+00
3.987129999999999619e+00
4.182446249999999921e+00
4.351191250000000288e+00
4.403768750000000232e+00
1.078615000000000101e+00
1.066243749999999935e+00
1.049676250000000088e+00
5.000862499999999544e-01
4.774812500000000237e-01
