7.483487499999999848e+00
9.796731249999998781e+00
7.444914999999999061e+00
6.740264999999999951e+00
6.367544999999999789e+00
6.077810000000000379e+00
5.795479999999999521e+00
5.574222500000000302e+00
5.418759999999999799e+00
5.289752500000000524e+00
5.170772500000000882e+00
5.056162500000000115e+00
4.977005000000000123e+00
4.873407500000000780e+00
4.836632500000000334e+00
4.823017500000000624e+00
4.811478749999999138e+00
4.804203750000000106e+00
4.799090000000000522e+00
4.795378750000000245e+00
4.792522499999999575e+00
4.790312499999999751e+00
4.787349999999999994e+00
4.784338749999999862e+00
4.782247499999999540e+00
4.780717499999999731e+00
4.779503749999999940e+00
4.778541249999999074e+00
4.777750000000000163e+00
4.777099999999999902e+00
4.776530000000000165e+00
4.776040000000000951e+00
4.775599999999999845e+00
4.775215000000000209e+00
4.774723750000000599e+00
4.774152499999999577e+00
4.773670000000000080e+00
4.773249999999999993e+00
4.772929999999999673e+00
4.772748750000000761e+00
4.772507499999999681e+00
4.772187500000000249e+00
4.771889999999999965e+00
4.771621249999999925e+00
4.771362500000000395e+00
4.771180000000000199e+00
4.771061249999999809e+00
4.770950000000000024e+00
4.770830000000000126e+00
4.770749999999999602e+00
4.770710000000000228e+00
4.770669999999999966e+00
4.770629999999999704e+00
4.770589999999999442e+00
4.770550000000000068e+00
4.770510000000000694e+00
4.770470000000000432e+00
4.770430000000000170e+00
4.770389999999999908e+00
4.770349999999999646e+00
4.770310000000001160e+00
4.770270000000000010e+00
4.770229999999998860e+00
4.770190000000000374e+00
4.770116250000000058e+00
4.770013749999999497e+00
4.769911250000000713e+00
4.769809999999999661e+00
4.769669999999998744e+00
4.769493749999999643e+00
4.769316250000000146e+00
4.769137500000000252e+00
4.768959999999999866e+00
4.768722499999999087e+00
4.768423750000000183e+00
4.768123749999999106e+00
4.767838749999999237e+00
4.767571249999999594e+00
4.767348750000000912e+00
4.767079999999999984e+00
4.766770000000000174e+00
4.766500000000000625e+00
4.766248749999999923e+00
4.765992500000000298e+00
4.765708749999999938e+00
4.765411250000000543e+00
4.765123749999998992e+00
4.764833750000000201e+00
4.764545000000000030e+00
4.764359999999999928e+00
4.764247499999999746e+00
4.764032499999999892e+00
4.763403750000000159e+00
4.762576250000000400e+00
4.761878750000000160e+00
4.760458750000000627e+00
4.759047499999999431e+00
4.758142499999999941e+00
4.756743750000000048e+00
4.755560000000000009e+00
4.754860000000000753e+00
4.754233750000000036e+00
4.753423749999999615e+00
4.752901250000000744e+00
4.751373749999999951e+00
4.748616249999999539e+00
4.745915000000000106e+00
4.742461249999999851e+00
4.739633749999999424e+00
4.737603749999999891e+00
4.734838750000000651e+00
4.732587499999999281e+00
4.730611249999999934e+00
4.728167500000000523e+00
4.725278750000000194e+00
4.721372500000000194e+00
4.718200000000000394e+00
4.715919999999999668e+00
4.712898749999999914e+00
4.708355000000000068e+00
4.701816250000000252e+00
4.693482500000000002e+00
4.684777499999999151e+00
4.677783750000000573e+00
4.674591250000000642e+00
4.670989999999999753e+00
4.667331250000001042e+00
4.664781250000000767e+00
4.661533750000000254e+00
4.657384999999999664e+00
4.651761249999999848e+00
4.647662500000000030e+00
4.644337499999999785e+00
4.640598750000000550e+00
4.634866249999999965e+00
4.628610000000000113e+00
4.622386249999999031e+00
4.615801250000000522e+00
4.608793750000000244e+00
4.603986250000000169e+00
4.598751250000000290e+00
4.591720000000000468e+00
4.584668749999999626e+00
4.566723749999999526e+00
4.547128749999999719e+00
4.530870000000000175e+00
4.510751250000000212e+00
4.488780000000001102e+00
4.462182499999999941e+00
4.433708750000000087e+00
4.411793749999999292e+00
4.369901249999999848e+00
4.283063750000000169e+00
4.153175000000000061e+00
4.140096250000000033e+00
4.037754999999999761e+00
3.963861249999999892e+00
5.041394999999999982e+01
2.818608750000000285e+01
1.143431249999999899e+01
8.716952499999999660e+00
7.365042500000000381e+00
6.225691249999998789e+00
5.834262500000000351e+00
5.545755000000000656e+00
5.161077500000000207e+00
5.046246249999999378e+00
1.072857124999999989e+01
7.855451249999999774e+00
1.450992500000000263e+01
6.928787499999999433e+00
5.678069999999999062e+00
9.199301249999999541e+00
6.007432500000001063e+00
5.782652499999999307e+00
6.469501250000000425e+00
6.779271250000000748e+00
5.603779999999999539e+00
5.904332499999998873e+00
6.524327499999999169e+00
6.322741250000000868e+00
6.446986249999998364e+00
6.627686250000000001e+00
6.907903750000000009e+00
7.228847499999999648e+00
7.556364999999999554e+00
7.786059999999999093e+00
7.854181250000000780e+00
7.915120000000000822e+00
8.023112499999999869e+00
8.084353750000000005e+00
8.112538749999998799e+00
8.136567499999999953e+00
8.161647499999999056e+00
8.168396250000002468e+00
8.152453750000001165e+00
8.114428750000001855e+00
8.036088750000001113e+00
7.937307499999999294e+00
7.831946250000000553e+00
7.755429999999998714e+00
7.723875000000000490e+00
7.685140000000000526e+00
7.637408750000000524e+00
7.571942499999999576e+00
7.494613749999999186e+00
7.329180000000000028e+00
7.057414999999998884e+00
6.887539999999999552e+00
6.737193750000000314e+00
6.494833749999999739e+00
6.317532500000000439e+00
6.230287499999999312e+00
6.170889999999999986e+00
6.102731250000000607e+00
5.939931250000000773e+00
5.726067499999999200e+00
5.522682500000000161e+00
5.358373750000000157e+00
5.222376249999999942e+00
5.120318750000000030e+00
4.989073750000000196e+00
4.769046249999999709e+00
4.299081250000000409e+00
3.504022500000000484e+00
2.934877499999999806e+00
2.540741249999999951e+00
1.934768750000000148e+00
1.735952500000000231e+00
1.824622499999999814e+00
2.080686250000000292e+00
2.312838750000000054e+00
2.408487500000000114e+00
5.861300000000000399e-01
5.747800000000000686e-01
5.598812499999999970e-01
2.576100000000000056e-01
2.367174999999999974e-01
