9.427837500000001114e+01
1.333511250000000246e+02
1.074037500000000023e+02
9.959073749999998881e+01
9.521030000000000371e+01
9.148683750000000714e+01
8.727227499999999338e+01
8.320654999999999291e+01
7.944341249999999377e+01
7.515281250000001023e+01
6.950257499999999311e+01
5.999547500000000610e+01
4.833891250000000639e+01
1.745504999999999995e+01
1.077934999999999910e+01
1.062023750000000000e+01
1.046989999999999910e+01
1.032690000000000019e+01
1.018677500000000080e+01
1.006752499999999984e+01
9.991962499999999636e+00
9.948920000000001096e+00
9.887338749999999621e+00
9.801244999999999763e+00
9.716593750000001251e+00
9.646523750000000064e+00
9.601043750000000543e+00
9.569323750000000572e+00
9.538271249999999313e+00
9.507274999999999920e+00
9.477357500000000101e+00
9.452555000000000263e+00
9.428943750000001955e+00
9.411699999999999733e+00
9.389701249999999888e+00
9.359950000000001324e+00
9.333473750000001345e+00
9.310255000000001502e+00
9.292725000000000790e+00
9.282832499999999598e+00
9.270512500000000600e+00
9.254120000000000346e+00
9.237771249999999768e+00
9.221707500000000834e+00
9.206307499999999422e+00
9.197471249999999543e+00
9.192041250000000829e+00
9.186662500000000620e+00
9.181283750000000410e+00
9.177547500000001079e+00
9.175463749999998697e+00
9.173417499999999336e+00
9.171338750000000317e+00
9.169261249999998142e+00
9.167199999999999349e+00
9.165127499999998761e+00
9.163051250000000536e+00
9.160993749999999380e+00
9.158918749999999775e+00
9.156859999999998223e+00
9.154790000000000205e+00
9.152718750000000014e+00
9.150628749999999201e+00
9.148547499999999388e+00
9.144882500000001357e+00
9.139680000000000248e+00
9.134470000000000312e+00
9.129242500000000149e+00
9.122469999999999857e+00
9.114243749999999977e+00
9.105956249999998420e+00
9.097578750000000269e+00
9.089280000000000470e+00
9.078258749999999822e+00
9.064326250000000584e+00
9.050306250000000219e+00
9.036977499999998997e+00
9.024612499999999926e+00
9.014322500000000460e+00
9.002117500000000661e+00
8.987916249999999607e+00
8.975353749999998243e+00
8.963487499999999386e+00
8.951108750000001280e+00
8.937376249999999800e+00
8.922936249999999347e+00
8.909183749999998625e+00
8.894893749999999599e+00
8.880660000000000664e+00
8.871287499999999326e+00
8.865321249999999154e+00
8.854331249999999542e+00
8.820562500000001194e+00
8.772864999999999469e+00
8.728664999999999452e+00
8.626252499999999657e+00
8.508334999999998871e+00
8.415856250000000927e+00
8.233354999999999535e+00
8.031435000000000102e+00
7.872123750000000975e+00
7.690617500000000106e+00
7.372928750000000697e+00
7.086366250000000200e+00
3.415712500000000063e+01
1.930065000000000097e+01
9.337842500000000712e+00
1.491217499999999951e+01
6.684077499999999361e+01
1.138521249999999974e+01
9.290752499999999969e+00
8.054188749999999786e+00
3.948970000000000624e+01
2.312035000000000196e+01
1.003682500000000033e+01
1.589941250000000039e+01
5.373501249999999629e+01
1.144772500000000015e+01
9.545558749999999648e+00
3.157712500000000233e+01
1.009576250000000108e+01
2.437176250000000266e+01
2.269427499999999398e+01
1.033363750000000003e+01
8.914667500000000189e+00
3.040081250000000068e+01
1.167198750000000018e+01
1.031332499999999897e+01
8.805262499999999548e+00
4.283826249999999902e+01
1.070306249999999970e+01
9.007817499999999811e+00
4.987783749999999827e+01
2.122888750000000258e+01
9.615987499999999244e+00
3.022242500000000121e+01
1.072613750000000010e+01
2.609908749999999955e+01
1.195837500000000020e+01
9.766686249999999347e+00
3.262225000000000108e+01
1.156465000000000032e+01
1.398952499999999866e+01
2.101663750000000164e+01
2.482606249999999903e+01
1.888605000000000089e+01
1.525212499999999949e+01
2.238499999999999446e+01
1.866752500000000126e+01
1.891181250000000347e+01
2.277307499999999862e+01
1.917888749999999831e+01
2.079558749999999989e+01
2.166081250000000225e+01
2.563378750000000039e+01
2.549340000000000117e+01
2.540401250000000033e+01
2.461730000000000018e+01
2.367738749999999825e+01
2.343240000000000123e+01
2.331250000000000000e+01
2.314736249999999984e+01
2.276141250000000227e+01
2.241941249999999641e+01
2.118754999999999811e+01
1.973222499999999968e+01
1.937578750000000127e+01
1.887971250000000012e+01
1.815138750000000201e+01
1.765623749999999959e+01
1.728432500000000260e+01
1.702186250000000101e+01
1.649950000000000117e+01
1.627446249999999850e+01
1.615234999999999843e+01
1.592227500000000084e+01
1.555054999999999943e+01
1.524808749999999868e+01
1.463109999999999999e+01
1.389891249999999800e+01
1.350966249999999924e+01
1.270047500000000085e+01
1.239883749999999907e+01
1.200050000000000239e+01
1.161050000000000004e+01
1.130171250000000072e+01
1.101431250000000084e+01
1.090408749999999927e+01
1.078672500000000056e+01
1.057311250000000058e+01
1.041905000000000037e+01
1.032925000000000004e+01
1.023068750000000193e+01
1.009002500000000069e+01
9.731284999999999741e+00
9.382631249999999312e+00
8.915723749999999725e+00
8.237258749999998741e+00
7.522296250000000128e+00
6.949026250000000182e+00
6.608812499999999091e+00
6.474570000000000825e+00
6.309764999999999624e+00
6.112696249999999942e+00
5.875653750000001452e+00
5.672393750000000345e+00
5.535700000000000287e+00
5.286175000000000068e+00
5.098446250000000290e+00
4.921828749999999530e+00
4.636382500000000739e+00
4.435152500000000053e+00
4.339534999999999698e+00
4.273893750000000047e+00
4.204093750000000185e+00
4.049851249999999681e+00
3.845906249999999638e+00
3.654286250000000180e+00
3.522450000000000081e+00
3.453146250000000528e+00
3.393747499999999917e+00
3.345651249999999965e+00
3.286489999999999689e+00
3.246938749999999985e+00
3.319001249999999903e+00
3.502888749999999884e+00
3.694485000000000241e+00
4.122498750000000101e+00
4.288883750000000106e+00
4.069123749999999262e+00
3.448897500000000615e+00
2.866113749999999794e+00
2.625894999999999868e+00
6.947437499999999932e-01
6.979899999999999993e-01
7.290862499999999358e-01
4.003424999999999900e-01
4.269762500000000016e-01
