3.817992499999999836e+03
4.542283750000000509e+03
3.100171250000000327e+03
2.610136250000000473e+03
2.329393749999999727e+03
2.094673749999999927e+03
1.845147500000000264e+03
1.629868750000000091e+03
1.461508750000000191e+03
1.305990000000000009e+03
1.145986250000000155e+03
9.656792499999999109e+02
8.204661250000000337e+02
5.700358750000000327e+02
4.537890000000000441e+02
3.999042499999999905e+02
3.492746250000000146e+02
3.138050000000000068e+02
2.865729999999999791e+02
2.649156250000000341e+02
2.463668749999999648e+02
2.304062500000000000e+02
2.082932500000000005e+02
1.840463749999999834e+02
1.661442499999999995e+02
1.518457499999999811e+02
1.391667500000000075e+02
1.284664999999999964e+02
1.196297500000000014e+02
1.120519999999999925e+02
1.055508750000000191e+02
9.981676250000001005e+01
9.421758749999999338e+01
8.910443750000000307e+01
8.274383749999999793e+01
7.547736249999999814e+01
6.926031250000001194e+01
6.392827500000000640e+01
5.990191250000000878e+01
5.761681250000000887e+01
5.474761250000000246e+01
5.092999999999999972e+01
4.755561250000000939e+01
4.469590000000000174e+01
4.189666249999999792e+01
4.002388749999999362e+01
3.881621249999999890e+01
3.761977500000000418e+01
3.642295000000000016e+01
3.563917500000000160e+01
3.527128749999999968e+01
3.490992500000000121e+01
3.454326249999999732e+01
3.417667499999999592e+01
3.381262499999999704e+01
3.344638750000000016e+01
3.308003750000000309e+01
3.271712500000000290e+01
3.235074999999999790e+01
3.198748750000000030e+01
3.162220000000000297e+01
3.126622499999999860e+01
3.096647499999999908e+01
3.067791250000000147e+01
3.017013749999999916e+01
2.944886250000000416e+01
2.872684999999999889e+01
2.800236250000000027e+01
2.705416250000000389e+01
2.589531249999999574e+01
2.472793749999999946e+01
2.354777500000000146e+01
2.237817499999999882e+01
2.106687500000000313e+01
1.959592500000000115e+01
1.812259999999999849e+01
1.690691250000000068e+01
1.586255000000000059e+01
1.499329999999999963e+01
1.403613750000000238e+01
1.299975000000000058e+01
1.222527499999999989e+01
1.156787500000000080e+01
1.100351249999999936e+01
1.037974999999999959e+01
9.738030000000000186e+00
9.231376250000000283e+00
8.727007499999999141e+00
8.230441250000001929e+00
7.947927499999999590e+00
7.785247499999999654e+00
7.485703749999999879e+00
6.675110000000000099e+00
5.800606249999999520e+00
5.214610000000000412e+00
4.285423749999999643e+00
3.559030000000000360e+00
3.234326249999999625e+00
2.911783750000000559e+00
2.785587500000000105e+00
2.817717500000000097e+00
2.934936249999999802e+00
3.336238749999999698e+00
3.895889999999999631e+00
3.701455000000000268e+02
7.559213749999999266e+01
2.160668750000000138e+00
9.492300000000000182e+01
5.066737499999999841e+02
3.848617499999999580e+00
1.521206250000000093e+00
2.507287499999999891e+00
3.157349999999999568e+02
8.154132500000000050e+01
1.390292500000000153e+00
7.749512500000000159e+01
3.055451249999999845e+02
2.353869999999999685e+00
1.100537499999999946e+00
1.686987499999999898e+02
1.783972499999999961e+00
9.644101250000001357e+01
8.410506250000000250e+01
9.009175000000000377e-01
1.333084999999999853e+00
1.258055000000000092e+02
1.387778749999999839e+00
7.819836249999999600e-01
1.765541250000000062e+00
1.867187500000000000e+02
8.084408750000000587e-01
2.492892499999999956e+00
2.444183749999999975e+02
4.463190000000000168e+01
1.055339999999999945e+00
1.040921874999999943e+02
7.369580000000000020e-01
8.467776250000000005e+01
1.731192500000000134e+00
8.360630000000000006e-01
1.104388749999999959e+02
1.085831250000000026e+00
2.869933750000000217e+01
4.577702500000000185e+01
6.725342500000000712e+01
3.404153749999999690e+01
2.475323750000000089e+01
4.490933749999999947e+01
3.043048750000000524e+01
3.094728750000000161e+01
4.957198750000000587e+01
2.844547499999999829e+01
3.195522499999999866e+01
1.533132499999999965e+01
2.205222499999999997e+01
2.157321249999999679e+01
2.126834999999999809e+01
1.858411249999999981e+01
1.537731250000000038e+01
1.456408750000000119e+01
1.423923749999999977e+01
1.387092500000000150e+01
1.301033749999999856e+01
1.224774999999999991e+01
9.514592499999999120e+00
6.620169999999999888e+00
6.057163749999999958e+00
5.373581249999999976e+00
4.445943750000000527e+00
3.947565000000000435e+00
3.578941249999999741e+00
3.318797500000000511e+00
2.813817499999999860e+00
2.644813749999999519e+00
2.574891250000000298e+00
2.443148750000000202e+00
2.230281249999999993e+00
2.057064999999999699e+00
1.725102500000000205e+00
1.491917500000000008e+00
1.468927499999999942e+00
8.699762500000000065e-01
6.097135000000000193e-01
4.852573749999999908e-01
4.252007500000000162e-01
3.730417500000000053e-01
3.332680000000000087e-01
3.202638750000000312e-01
3.074246249999999514e-01
2.834676250000000008e-01
2.682692500000000146e-01
2.603473749999999365e-01
2.522683749999999892e-01
2.407052500000000095e-01
2.151409999999999989e-01
1.929093749999999940e-01
1.724552500000000321e-01
1.484621250000000281e-01
1.302007500000000040e-01
1.216769999999999935e-01
1.168140000000000012e-01
1.151280000000000081e-01
1.130747500000000155e-01
1.105943750000000086e-01
1.073125000000000051e-01
1.044006249999999969e-01
1.024382500000000085e-01
9.908123750000000229e-02
9.663160000000001193e-02
9.434528749999998576e-02
9.069141249999998489e-02
8.810830000000001438e-02
8.687782500000000574e-02
8.603308749999999394e-02
8.512414999999999565e-02
8.308553750000000071e-02
8.094041250000000298e-02
7.940296250000000722e-02
7.817563750000000589e-02
7.720964999999999079e-02
7.638176250000000556e-02
7.571138750000000472e-02
7.453991249999999957e-02
7.104749999999999954e-02
6.342693750000000241e-02
5.537757499999999833e-02
4.802573749999999864e-02
3.000723749999999884e-02
1.571812499999999946e-02
9.333937500000000220e-03
4.436157500000000205e-03
3.214438750000000056e-03
2.645511249999999998e-03
5.038049999999999647e-04
4.735874999999999850e-04
4.304837499999999897e-04
1.805587499999999998e-04
1.669599999999999871e-04
