3.915598750000000109e+03
4.679607500000000073e+03
3.210287499999999909e+03
2.712012500000000273e+03
2.426641249999999673e+03
2.187992500000000291e+03
1.934033750000000055e+03
1.714501250000000027e+03
1.542232500000000073e+03
1.382286250000000109e+03
1.216489999999999782e+03
1.026519999999999982e+03
8.695232500000000755e+02
5.879900000000000091e+02
4.649661249999999768e+02
4.108752499999999941e+02
3.600511250000000132e+02
3.244074999999999704e+02
2.970116249999999809e+02
2.752162500000000023e+02
2.565758749999999964e+02
2.405583749999999839e+02
2.183647499999999582e+02
1.940102499999999850e+02
1.760082499999999754e+02
1.616273750000000007e+02
1.488917500000000302e+02
1.381506250000000193e+02
1.292753749999999968e+02
1.216598749999999995e+02
1.151236250000000041e+02
1.093592500000000030e+02
1.037316249999999940e+02
9.859682500000000971e+01
9.220877499999998861e+01
8.490624999999998579e+01
7.865734999999999388e+01
7.329751249999999629e+01
6.925010000000000332e+01
6.695314999999999372e+01
6.406916250000000446e+01
6.023185000000000144e+01
5.683822499999999422e+01
5.395994999999999919e+01
5.114286249999999967e+01
4.925963750000000374e+01
4.804551250000000095e+01
4.684266249999999587e+01
4.563938749999999800e+01
4.485122500000000656e+01
4.448094999999999999e+01
4.411721250000000083e+01
4.374815000000000254e+01
4.337917500000000359e+01
4.301273750000000007e+01
4.264411249999999853e+01
4.227537500000000392e+01
4.191006250000000222e+01
4.154129999999999967e+01
4.117568750000000222e+01
4.080798749999999586e+01
4.044966250000000230e+01
4.014755000000000251e+01
3.985663750000000505e+01
3.934479999999999933e+01
3.861766249999999445e+01
3.788980000000000103e+01
3.715946250000000362e+01
3.620366250000000008e+01
3.503558750000000543e+01
3.385889999999999844e+01
3.266936249999999831e+01
3.149046250000000313e+01
3.016698749999999762e+01
2.868082500000000223e+01
2.719217499999999887e+01
2.596212500000000034e+01
2.490447500000000147e+01
2.402418750000000003e+01
2.305397500000000122e+01
2.200252499999999856e+01
2.121482499999999760e+01
2.054501249999999857e+01
1.996781250000000085e+01
1.932976249999999752e+01
1.867302499999999910e+01
1.815221250000000452e+01
1.763312499999999972e+01
1.712191250000000053e+01
1.682980000000000231e+01
1.666103750000000261e+01
1.635026249999999948e+01
1.550531250000000050e+01
1.458249999999999780e+01
1.395199999999999996e+01
1.292010000000000147e+01
1.207592499999999980e+01
1.165917500000000118e+01
1.115568749999999909e+01
1.082998749999999966e+01
1.070538750000000050e+01
1.064475000000000016e+01
1.073666249999999955e+01
1.101953750000000021e+01
4.098846249999999714e+02
9.602218750000000114e+01
1.151966249999999903e+01
1.112623750000000058e+02
5.811732499999999391e+02
1.528560000000000052e+01
1.082947500000000041e+01
1.059456250000000033e+01
3.599976249999999709e+02
1.058914874999999967e+02
1.144476249999999951e+01
9.456413750000000107e+01
3.639006250000000477e+02
1.383489999999999931e+01
1.066068750000000165e+01
2.028266249999999786e+02
1.190527499999999783e+01
1.222708750000000180e+02
1.080710375000000028e+02
1.124743750000000198e+01
1.026718750000000036e+01
1.581091249999999775e+02
1.308013749999999931e+01
1.110656250000000078e+01
1.059694999999999787e+01
2.323816250000000139e+02
1.152328750000000035e+01
1.153800000000000026e+01
2.979937499999999773e+02
6.653570000000000562e+01
1.068692499999999868e+01
1.358893749999999727e+02
1.147396249999999895e+01
1.120577499999999986e+02
1.371549999999999869e+01
1.061513749999999945e+01
1.447317500000000052e+02
1.266665000000000063e+01
4.312284999999999968e+01
6.748607499999999959e+01
9.309686249999998608e+01
5.344246249999999776e+01
4.037973750000000450e+01
6.797371250000000487e+01
4.955832500000000351e+01
5.032725000000000648e+01
7.309499999999999886e+01
4.805467500000000314e+01
5.323423749999999899e+01
3.722317499999999768e+01
4.801886249999999734e+01
4.739266250000000724e+01
4.699414999999999765e+01
4.348537499999999767e+01
3.929351250000000562e+01
3.822393750000000523e+01
3.777507500000000107e+01
3.723733749999999532e+01
3.598092499999999916e+01
3.486762499999999676e+01
3.087143750000000253e+01
2.649402500000000416e+01
2.557178749999999923e+01
2.439283750000000239e+01
2.274251249999999658e+01
2.176387499999999875e+01
2.103499999999999659e+01
2.052060000000000173e+01
1.951224999999999810e+01
1.913650000000000162e+01
1.895893749999999756e+01
1.862437500000000057e+01
1.808377499999999927e+01
1.764387500000000131e+01
1.677718750000000014e+01
1.598111250000000005e+01
1.571587500000000048e+01
1.438523749999999879e+01
1.379382500000000178e+01
1.324087500000000084e+01
1.277041250000000083e+01
1.239782500000000098e+01
1.206688749999999999e+01
1.194419999999999860e+01
1.181751250000000120e+01
1.159812499999999957e+01
1.144559999999999889e+01
1.135829999999999984e+01
1.126370000000000005e+01
1.112891249999999843e+01
1.080160000000000053e+01
1.049280000000000079e+01
1.010464999999999947e+01
9.578871250000000614e+00
9.027643749999999301e+00
8.588222500000000537e+00
8.321173749999999814e+00
8.212587499999999707e+00
8.084649999999999892e+00
7.932041250000000154e+00
7.737746249999999826e+00
7.579204999999999970e+00
7.479078750000000220e+00
7.300211250000000263e+00
7.166957499999999648e+00
7.043804999999999872e+00
6.850386249999999677e+00
6.721927499999999611e+00
6.663145000000000984e+00
6.622792500000000082e+00
6.582110000000000127e+00
6.499877500000000197e+00
6.406633750000000127e+00
6.332487500000000935e+00
6.290964999999999918e+00
6.287097500000000672e+00
6.283779999999999255e+00
6.281097499999999556e+00
6.302023750000000035e+00
6.453178750000000186e+00
6.819518749999999407e+00
7.145626250000000290e+00
7.388136250000000516e+00
7.794803749999999809e+00
7.831334999999999269e+00
7.473342500000000221e+00
6.658674999999999677e+00
5.991870000000000474e+00
5.693008749999999729e+00
1.435291250000000129e+00
1.448902499999999982e+00
1.473331250000000203e+00
7.634762499999999674e-01
7.834212499999999579e-01
