3.338633750000000067e+00
3.972275000000000222e+00
2.711337499999999512e+00
2.282869999999999955e+00
2.037397499999999972e+00
1.832161249999999963e+00
1.613976249999999890e+00
1.425733749999999800e+00
1.278512499999999941e+00
1.142513749999999995e+00
1.002592499999999998e+00
8.449076249999998289e-01
7.179096249999999957e-01
4.990365000000000495e-01
3.976638750000000000e-01
3.507358750000000303e-01
3.066213749999999738e-01
2.756954999999999822e-01
2.519422499999999787e-01
2.330695000000000128e-01
2.169586249999999883e-01
2.031283749999999999e-01
1.839602499999999918e-01
1.629147499999999971e-01
1.473541250000000025e-01
1.349432499999999868e-01
1.239818750000000053e-01
1.147448750000000101e-01
1.071040000000000048e-01
1.005428750000000038e-01
9.490940000000000487e-02
8.995048749999999538e-02
8.511111250000000239e-02
8.070496250000000482e-02
7.522117500000000123e-02
6.894196249999999526e-02
6.356927500000000841e-02
5.896333750000000429e-02
5.548524999999999985e-02
5.351128750000000434e-02
5.103266249999999921e-02
4.773474999999999940e-02
4.481408750000000912e-02
4.233226249999999524e-02
3.990407500000000413e-02
3.828492500000000437e-02
3.724181249999999888e-02
3.620840000000000169e-02
3.517462500000000103e-02
3.449697499999999917e-02
3.417774999999999980e-02
3.386424999999999852e-02
3.354611250000000267e-02
3.322806250000000239e-02
3.291222500000000328e-02
3.259445000000000398e-02
3.227660000000000251e-02
3.196171250000000297e-02
3.164385000000000114e-02
3.132868750000000063e-02
3.101176250000000148e-02
3.070281249999999920e-02
3.044184999999999947e-02
3.019050000000000206e-02
2.974818750000000206e-02
2.911988750000000029e-02
2.849095000000000100e-02
2.785988749999999958e-02
2.703583749999999980e-02
2.603018749999999951e-02
2.501712499999999770e-02
2.399300000000000044e-02
2.297803749999999950e-02
2.183869999999999909e-02
2.055944999999999995e-02
1.927821249999999917e-02
1.822397499999999990e-02
1.731978749999999942e-02
1.656723750000000175e-02
1.574249999999999955e-02
1.485241249999999860e-02
1.418915000000000107e-02
1.362748750000000036e-02
1.314807499999999865e-02
1.261821249999999991e-02
1.207379999999999912e-02
1.164931250000000168e-02
1.122809999999999780e-02
1.081483749999999876e-02
1.059068749999999941e-02
1.046656250000000017e-02
1.023800000000000057e-02
9.637060000000001111e-03
9.040764999999999219e-03
8.709774999999999462e-03
8.434418750000000423e-03
8.544724999999999543e-03
8.986559999999999340e-03
1.052751249999999902e-02
1.295864999999999864e-02
1.554253750000000010e-02
1.919998749999999796e-02
2.751358750000000228e-02
3.728569999999999107e-02
5.581943749999999760e+00
1.129310000000000258e+00
2.114318750000000399e-02
1.427288749999999995e+00
7.658846249999999856e+00
5.176324999999999676e-02
1.752342499999999872e-02
3.308701249999999872e-02
4.772837499999999622e+00
1.229877500000000179e+00
1.763676250000000001e-02
1.169663750000000002e+00
4.620513750000000641e+00
3.331006250000000113e-02
1.458631249999999858e-02
2.550707500000000127e+00
2.554287499999999614e-02
1.458056250000000054e+00
1.271632500000000165e+00
1.285461249999999764e-02
1.944628749999999934e-02
1.902822500000000083e+00
2.037607500000000044e-02
1.124111250000000076e-02
2.615882500000000013e-02
2.824618750000000400e+00
1.176326249999999976e-02
3.728019999999999945e-02
3.697738750000000074e+00
6.749078750000000460e-01
1.560847500000000013e-02
1.574629999999999974e+00
1.084683749999999954e-02
1.280931250000000077e+00
2.593208749999999577e-02
1.239496250000000042e-02
1.670738750000000161e+00
1.618902499999999925e-02
4.340012500000000051e-01
6.924137499999999390e-01
1.017380125000000080e+00
5.148858750000000484e-01
3.743667499999999704e-01
6.793541250000000309e-01
4.603019999999999889e-01
4.681390000000000273e-01
7.499512500000000692e-01
4.303184999999999372e-01
4.834525000000000072e-01
2.310293750000000090e-01
3.328261249999999727e-01
3.260786250000000108e-01
3.217845000000000288e-01
2.839767500000000000e-01
2.388089999999999935e-01
2.274663749999999984e-01
2.233046250000000066e-01
2.190781249999999847e-01
2.092023749999999682e-01
2.004513749999999872e-01
1.693022499999999875e-01
1.416308749999999894e-01
1.388338749999999955e-01
1.395257500000000039e-01
1.451967500000000133e-01
1.600648750000000231e-01
1.717083749999999964e-01
1.799254999999999882e-01
1.989456249999999593e-01
2.172341250000000001e-01
2.316886250000000091e-01
2.589243749999999844e-01
3.029307499999999709e-01
3.387390000000000123e-01
4.209896250000000339e-01
5.902841249999999373e-01
7.372886250000000308e-01
8.140111249999999465e-01
7.765054999999999596e-01
7.314247500000000679e-01
6.940820000000000878e-01
6.581127500000000241e-01
6.290536250000000607e-01
6.194831249999999123e-01
6.098704999999999821e-01
5.920819999999999972e-01
5.809787500000000993e-01
5.752756249999999572e-01
5.695002499999999301e-01
5.612883750000000616e-01
5.433862500000000706e-01
5.279787499999999412e-01
5.139986249999999313e-01
5.043960000000000665e-01
5.085951250000000368e-01
5.272708750000000277e-01
5.413117499999999804e-01
5.467466250000000416e-01
5.533660000000000245e-01
5.613628750000000389e-01
5.702855000000000008e-01
5.772331249999999025e-01
5.819151249999999775e-01
5.866592499999999655e-01
5.889479999999999160e-01
5.893792500000000212e-01
5.860935000000000450e-01
5.828908749999999195e-01
5.811858750000000740e-01
5.800153749999999997e-01
5.786923750000000366e-01
5.754992500000001288e-01
5.707178749999999301e-01
5.657388750000000854e-01
5.619941250000001220e-01
5.594215000000000160e-01
5.572165000000000035e-01
5.554310000000000080e-01
5.530441249999999975e-01
5.486127499999999824e-01
5.487841249999999560e-01
5.519817499999999377e-01
5.561816250000000128e-01
5.659553749999999273e-01
5.701767500000000100e-01
5.862301249999999353e-01
8.440089999999998982e-01
1.044946249999999965e+00
1.152276250000000113e+00
3.856525000000000092e-01
3.983137500000000220e-01
4.086412499999999559e-01
2.049900000000000055e-01
2.004674999999999929e-01
